-4.999623 -4.999623 0.000585 0.250000 0.001766
-4.999449 -3.999553 0.000443 0.250000 0.004406
-4.999348 -2.999609 0.000524 0.250000 0.010870
-4.999424 -1.999780 0.000573 0.250000 0.018303
-4.999653 -0.999954 0.000536 0.250000 0.023765
-4.999798 -0.000050 0.000506 0.250000 0.025829
-4.999691 0.999851 0.000542 0.250000 0.024433
-4.999465 1.999672 0.000562 0.250000 0.019448
-4.999340 2.999509 0.000545 0.250000 0.012485
-4.999418 3.999496 0.000749 0.250000 0.008027
-3.999553 -4.999449 0.000443 0.250000 0.004406
-3.999476 -3.999476 0.000257 0.250000 0.011461
-3.999809 -2.999874 0.000175 0.250000 0.022736
-4.000907 -2.000490 -0.000275 0.250000 0.028189
-4.002516 -1.000670 -0.000979 0.250000 0.023336
-4.003359 -0.000061 -0.001325 0.250000 0.018858
-4.002557 1.000538 -0.000973 0.250000 0.024231
-4.000946 2.000341 -0.000306 0.250000 0.029758
-3.999782 2.999745 0.000149 0.250000 0.024819
-3.999437 3.999446 0.000578 0.250000 0.016042
-2.999609 -4.999348 0.000524 0.250000 0.010869
-2.999874 -3.999809 0.000175 0.250000 0.022736
-3.001460 -3.001460 -0.000683 0.250000 0.026181
-3.005697 -2.003839 -0.002579 0.250000 -0.009426
-3.011988 -1.004079 -0.003988 0.250000 -0.071334
-3.015370 -0.000070 -0.004083 0.250000 -0.099907
-3.012025 1.003924 -0.003976 0.250000 -0.070218
-3.005723 2.003667 -0.002611 0.250000 -0.007356
-3.001409 3.001349 -0.000731 0.250000 0.028985
-2.999827 3.999897 0.000484 0.250000 0.028208
-1.999780 -4.999424 0.000573 0.250000 0.018303
-2.000490 -4.000907 -0.000275 0.250000 0.028189
-2.003839 -3.005697 -0.002579 0.250000 -0.009425
-2.013402 -2.013402 -0.003574 0.250000 -0.131884
-2.029084 -1.014640 0.007389 0.250000 -0.204235
-2.037603 -0.000084 0.019191 0.250000 -0.179544
-2.029111 1.014456 0.007407 0.250000 -0.202883
-2.013412 2.013212 -0.003606 0.250000 -0.129395
-2.003780 3.005639 -0.002636 0.250000 -0.005991
-2.000446 4.001183 0.000035 0.250000 0.034381
-0.999954 -4.999653 0.000536 0.250000 0.023765
-1.000670 -4.002516 -0.000979 0.250000 0.023336
-1.004079 -3.011988 -0.003988 0.250000 -0.071333
-1.014640 -2.029084 0.007389 0.250000 -0.204235
-1.028655 -1.028655 0.073633 0.250000 0.110722
-1.037213 -0.000097 0.115537 0.250000 0.357777
-1.028668 1.028445 0.073657 0.250000 0.112525
-1.014641 2.028882 0.007352 0.250000 -0.201322
-1.004040 3.011988 -0.004053 0.250000 -0.067504
-1.000645 4.002975 -0.000664 0.250000 0.029857
-0.000050 -4.999798 0.000506 0.250000 0.025829
-0.000061 -4.003359 -0.001325 0.250000 0.018858
-0.000070 -3.015370 -0.004083 0.250000 -0.099908
-0.000084 -2.037603 0.019191 0.250000 -0.179545
-0.000097 -1.037213 0.115537 0.250000 0.357779
-0.000101 -0.000101 0.180299 0.250000 0.775132
-0.000095 1.036996 0.115564 0.250000 0.359865
-0.000086 2.037399 0.019150 0.250000 -0.176344
-0.000078 3.015397 -0.004153 0.250000 -0.095912
-0.000064 4.003896 -0.001009 0.250000 0.025457
0.999851 -4.999691 0.000542 0.250000 0.024433
1.000538 -4.002557 -0.000973 0.250000 0.024231
1.003924 -3.012025 -0.003976 0.250000 -0.070218
1.014456 -2.029111 0.007407 0.250000 -0.202884
1.028445 -1.028668 0.073657 0.250000 0.112526
1.036996 -0.000095 0.115564 0.250000 0.359865
1.028462 1.028462 0.073681 0.250000 0.114392
1.014455 2.028913 0.007366 0.250000 -0.199878
1.003873 3.012027 -0.004047 0.250000 -0.066337
1.000513 4.003014 -0.000658 0.250000 0.030753
1.999672 -4.999465 0.000562 0.250000 0.019448
2.000341 -4.000946 -0.000306 0.250000 0.029758
2.003667 -3.005723 -0.002611 0.250000 -0.007356
2.013212 -2.013412 -0.003606 0.250000 -0.129395
2.028882 -1.014641 0.007352 0.250000 -0.201322
2.037399 -0.000086 0.019150 0.250000 -0.176346
2.028913 1.014455 0.007366 0.250000 -0.199877
2.013222 2.013222 -0.003647 0.250000 -0.126809
2.003603 3.005665 -0.002676 0.250000 -0.003907
2.000312 4.001217 0.000017 0.250000 0.035968
2.999509 -4.999340 0.000545 0.250000 0.012485
2.999745 -3.999782 0.000149 0.250000 0.024819
3.001349 -3.001409 -0.000731 0.250000 0.028985
3.005639 -2.003780 -0.002636 0.250000 -0.005991
3.011988 -1.004040 -0.004053 0.250000 -0.067504
3.015397 -0.000078 -0.004153 0.250000 -0.095913
3.012027 1.003873 -0.004047 0.250000 -0.066337
3.005665 2.003603 -0.002676 0.250000 -0.003907
3.001300 3.001300 -0.000772 0.250000 0.031809
2.999725 3.999868 0.000501 0.250000 0.030505
3.999496 -4.999418 0.000749 0.250000 0.008028
3.999446 -3.999437 0.000578 0.250000 0.016042
3.999897 -2.999827 0.000484 0.250000 0.028208
4.001183 -2.000446 0.000035 0.250000 0.034381
4.002975 -1.000645 -0.000664 0.250000 0.029858
4.003896 -0.000064 -0.001009 0.250000 0.025457
4.003014 1.000513 -0.000658 0.250000 0.030754
4.001217 2.000312 0.000017 0.250000 0.035968
3.999868 2.999725 0.000501 0.250000 0.030505
3.999431 3.999431 0.000923 0.250000 0.020775
-4.999331 -4.999331 1.000459 0.250000 -0.002740
-4.999865 -4.999865 2.000695 0.250000 -0.004852
-4.999127 -3.999373 1.000383 0.250000 -0.004533
-5.000074 -4.000143 2.000820 0.250000 -0.007118
-4.998997 -2.999499 1.000671 0.250000 -0.002266
-5.000476 -3.000391 2.001298 0.250000 -0.006007
-4.998981 -1.999681 1.001093 0.250000 0.003120
-5.001000 -2.000484 2.001954 0.250000 -0.001777
-4.999065 -0.999877 1.001464 0.250000 0.008891
-5.001472 -1.000346 2.002537 0.250000 0.003237
-4.999130 -0.000042 1.001621 0.250000 0.011767
-5.001667 -0.000018 2.002779 0.250000 0.006024
-4.999085 0.999793 1.001482 0.250000 0.010388
-5.001467 1.000312 2.002554 0.250000 0.005210
-4.998992 1.999589 1.001100 0.250000 0.005966
-5.000976 2.000445 2.001974 0.250000 0.002002
-4.998970 2.999367 1.000687 0.250000 0.001642
-5.000431 3.000311 2.001345 0.250000 -0.000818
-4.999116 3.999235 1.000646 0.250000 0.001084
-5.000056 4.000019 2.001027 0.250000 -0.000893
-3.999373 -4.999127 1.000383 0.250000 -0.004533
-4.000143 -5.000074 2.000820 0.250000 -0.007117
-3.999245 -3.999245 1.000581 0.250000 -0.003176
-4.000603 -4.000603 2.001387 0.250000 -0.006778
-3.999350 -2.999574 1.001398 0.250000 0.006718
-4.001416 -3.001107 2.002630 0.250000 0.000831
-3.999869 -2.000015 1.002432 0.250000 0.020398
-4.002518 -2.001303 2.004256 0.250000 0.013539
-4.000702 -1.000248 1.003305 0.250000 0.030417
-4.003583 -1.000927 2.005708 0.250000 0.025307
-4.001160 -0.000049 1.003663 0.250000 0.034178
-4.004042 -0.000015 2.006309 0.250000 0.030765
-4.000724 1.000149 1.003322 0.250000 0.032565
-4.003573 1.000902 2.005716 0.250000 0.028068
-3.999875 1.999906 1.002411 0.250000 0.024510
-4.002481 2.001279 2.004242 0.250000 0.018830
-3.999296 2.999422 1.001333 0.250000 0.012256
-4.001342 3.001037 2.002608 0.250000 0.008035
-3.999206 3.999111 1.000800 0.250000 0.004471
-4.000543 4.000475 2.001535 0.250000 0.001702
-2.999499 -4.998997 1.000671 0.250000 -0.002267
-3.000391 -5.000476 2.001298 0.250000 -0.006008
-2.999574 -3.999350 1.001398 0.250000 0.006718
-3.001107 -4.001416 2.002630 0.250000 0.000831
-3.000367 -3.000367 1.003026 0.250000 0.025610
-3.002440 -3.002440 2.005172 0.250000 0.018897
-3.002718 -2.001887 1.005064 0.250000 0.036090
-3.004493 -2.003013 2.008569 0.250000 0.040482
-3.006468 -1.002276 1.007206 0.250000 0.030214
-3.006773 -1.002278 2.011839 0.250000 0.055872
-3.008549 -0.000053 1.008341 0.250000 0.025790
-3.007851 -0.000009 2.013280 0.250000 0.062135
-3.006485 1.002171 1.007224 0.250000 0.033034
-3.006759 1.002272 2.011838 0.250000 0.059431
-3.002713 2.001782 1.005019 0.250000 0.041526
-3.004445 2.003022 2.008516 0.250000 0.047278
-3.000290 3.000248 1.002881 0.250000 0.032845
-3.002345 3.002417 2.005060 0.250000 0.028013
-2.999515 3.999308 1.001519 0.250000 0.016106
-3.001019 4.001332 2.002671 0.250000 0.011241
-1.999681 -4.998981 1.001093 0.250000 0.003121
-2.000484 -5.001000 2.001954 0.250000 -0.001778
-2.000015 -3.999869 1.002432 0.250000 0.020398
-2.001303 -4.002518 2.004256 0.250000 0.013539
-2.001887 -3.002718 1.005064 0.250000 0.036089
-2.003013 -3.004493 2.008569 0.250000 0.040482
-2.007783 -2.007783 1.009715 0.250000 0.013247
-2.006148 -2.006148 2.014931 0.250000 0.062954
-2.017980 -1.009161 1.018766 0.250000 -0.013783
-2.010270 -1.005149 2.022191 0.250000 0.075350
-2.023933 -0.000058 1.025006 0.250000 -0.012566
-2.012415 -0.000001 2.025826 0.250000 0.081927
-2.017991 1.009049 1.018783 0.250000 -0.010375
-2.010255 1.005165 2.022177 0.250000 0.079576
-2.007768 2.007689 1.009642 0.250000 0.019746
-2.006100 2.006200 2.014833 0.250000 0.070947
-2.001806 3.002662 1.004831 0.250000 0.044535
-2.002919 3.004534 2.008358 0.250000 0.050968
-1.999957 3.999980 1.002447 0.250000 0.030857
-2.001214 4.002510 2.004168 0.250000 0.025133
-0.999877 -4.999065 1.001464 0.250000 0.008891
-1.000346 -5.001472 2.002537 0.250000 0.003238
-1.000248 -4.000702 1.003305 0.250000 0.030417
-1.000927 -4.003583 2.005708 0.250000 0.025307
-1.002276 -3.006468 1.007206 0.250000 0.030215
-1.002278 -3.006773 2.011839 0.250000 0.055871
-1.009161 -2.017980 1.018767 0.250000 -0.013783
-1.005149 -2.010270 2.022191 0.250000 0.075350
-1.021689 -1.021689 1.048561 0.250000 0.045811
-1.009412 -1.009412 2.036311 0.250000 0.096225
-1.028739 -0.000062 1.070336 0.250000 0.145660
-1.011784 0.000006 2.044173 0.250000 0.115755
-1.021692 1.021575 1.048574 0.250000 0.049715
-1.009401 1.009448 2.036285 0.250000 0.100902
-1.009147 2.017902 1.018666 0.250000 -0.006569
-1.005117 2.010359 2.022055 0.250000 0.084080
-1.002224 3.006475 1.006897 0.250000 0.039254
-1.002218 3.006873 2.011544 0.250000 0.067060
-1.000213 4.000962 1.003229 0.250000 0.041187
-1.000868 4.003645 2.005511 0.250000 0.037312
-0.000042 -4.999130 1.001621 0.250000 0.011767
-0.000018 -5.001667 2.002779 0.250000 0.006023
-0.000049 -4.001160 1.003663 0.250000 0.034177
-0.000015 -4.004042 2.006309 0.250000 0.030765
-0.000053 -3.008549 1.008341 0.250000 0.025790
-0.000009 -3.007851 2.013280 0.250000 0.062135
-0.000058 -2.023933 1.025006 0.250000 -0.012567
-0.000001 -2.012415 2.025826 0.250000 0.081926
-0.000062 -1.028739 1.070336 0.250000 0.145662
0.000006 -1.011784 2.044173 0.250000 0.115755
-0.000062 -0.000062 1.102322 0.250000 0.319958
0.000010 0.000010 2.054786 0.250000 0.149316
-0.000060 1.028628 1.070346 0.250000 0.149797
0.000007 1.011830 2.044142 0.250000 0.120585
-0.000058 2.023863 1.024891 0.250000 -0.005080
0.000001 2.012520 2.025673 0.250000 0.090878
-0.000057 3.008585 1.007999 0.250000 0.034971
-0.000007 3.007974 2.012950 0.250000 0.073469
-0.000049 4.001481 1.003549 0.250000 0.044915
-0.000011 4.004133 2.006068 0.250000 0.042754
0.999793 -4.999085 1.001482 0.250000 0.010388
1.000312 -5.001467 2.002554 0.250000 0.005210
1.000149 -4.000724 1.003322 0.250000 0.032565
1.000902 -4.003573 2.005716 0.250000 0.028068
1.002171 -3.006485 1.007224 0.250000 0.033033
1.002272 -3.006759 2.011838 0.250000 0.059431
1.009049 -2.017991 1.018783 0.250000 -0.010374
1.005165 -2.010255 2.022177 0.250000 0.079576
1.021575 -1.021692 1.048574 0.250000 0.049714
1.009448 -1.009401 2.036285 0.250000 0.100903
1.028628 -0.000060 1.070346 0.250000 0.149799
1.011830 0.000007 2.044142 0.250000 0.120585
1.021581 1.021581 1.048584 0.250000 0.053627
1.009440 1.009440 2.036258 0.250000 0.105534
1.009037 2.017915 1.018677 0.250000 -0.003181
1.005136 2.010346 2.022037 0.250000 0.088192
1.002113 3.006494 1.006908 0.250000 0.041967
1.002214 3.006859 2.011538 0.250000 0.070413
1.000118 4.000980 1.003244 0.250000 0.043164
1.000851 4.003634 2.005518 0.250000 0.039808
1.999589 -4.998992 1.001100 0.250000 0.005966
2.000445 -5.000976 2.001974 0.250000 0.002002
1.999906 -3.999875 1.002411 0.250000 0.024510
2.001279 -4.002481 2.004242 0.250000 0.018831
2.001782 -3.002713 1.005019 0.250000 0.041526
2.003022 -3.004445 2.008516 0.250000 0.047278
2.007689 -2.007768 1.009642 0.250000 0.019746
2.006200 -2.006100 2.014833 0.250000 0.070948
2.017902 -1.009147 1.018666 0.250000 -0.006569
2.010359 -1.005117 2.022055 0.250000 0.084080
2.023863 -0.000058 1.024891 0.250000 -0.005080
2.012520 0.000001 2.025673 0.250000 0.090878
2.017915 1.009037 1.018677 0.250000 -0.003182
2.010346 1.005136 2.022037 0.250000 0.088193
2.007676 2.007676 1.009559 0.250000 0.026121
2.006154 2.006154 2.014729 0.250000 0.078664
2.001697 3.002655 1.004777 0.250000 0.049660
2.002930 3.004485 2.008300 0.250000 0.057297
1.999861 3.999978 1.002434 0.250000 0.034583
2.001198 4.002469 2.004160 0.250000 0.029850
2.999367 -4.998970 1.000687 0.250000 0.001642
3.000311 -5.000431 2.001345 0.250000 -0.000818
2.999422 -3.999296 1.001333 0.250000 0.012256
3.001037 -4.001342 2.002608 0.250000 0.008034
3.000248 -3.000290 1.002881 0.250000 0.032845
3.002417 -3.002345 2.005060 0.250000 0.028013
3.002662 -2.001806 1.004831 0.250000 0.044534
3.004534 -2.002919 2.008358 0.250000 0.050968
3.006475 -1.002224 1.006897 0.250000 0.039254
3.006873 -1.002218 2.011544 0.250000 0.067060
3.008585 -0.000057 1.007999 0.250000 0.034971
3.007974 -0.000007 2.012950 0.250000 0.073469
3.006494 1.002113 1.006908 0.250000 0.041967
3.006859 1.002214 2.011538 0.250000 0.070413
3.002655 2.001697 1.004777 0.250000 0.049660
3.004485 2.002930 2.008300 0.250000 0.057296
3.000169 3.000169 1.002739 0.250000 0.039548
3.002322 3.002322 2.004954 0.250000 0.036384
2.999390 3.999253 1.001494 0.250000 0.021115
3.000964 4.001261 2.002669 0.250000 0.017557
3.999235 -4.999116 1.000646 0.250000 0.001084
4.000019 -5.000056 2.001027 0.250000 -0.000893
3.999111 -3.999206 1.000800 0.250000 0.004471
4.000475 -4.000543 2.001535 0.250000 0.001702
3.999308 -2.999515 1.001519 0.250000 0.016106
4.001332 -3.001019 2.002671 0.250000 0.011241
3.999980 -1.999957 1.002447 0.250000 0.030857
4.002510 -2.001214 2.004168 0.250000 0.025132
4.000962 -1.000213 1.003229 0.250000 0.041188
4.003645 -1.000868 2.005511 0.250000 0.037313
4.001481 -0.000049 1.003549 0.250000 0.044916
4.004133 -0.000011 2.006068 0.250000 0.042754
4.000980 1.000118 1.003244 0.250000 0.043164
4.003634 1.000851 2.005518 0.250000 0.039808
3.999978 1.999861 1.002434 0.250000 0.034583
4.002469 2.001198 2.004160 0.250000 0.029850
3.999253 2.999390 1.001494 0.250000 0.021115
4.001261 3.000964 2.002669 0.250000 0.017557
3.999105 3.999105 1.001051 0.250000 0.011357
4.000442 4.000442 2.001705 0.250000 0.009027
0.000000 0.000000 -1.000000 0.250000 0.000000
