-5.000445 -5.000445 0.000431 0.250000 -0.048242
-5.000728 -4.000514 0.000153 0.250000 -0.057156
-5.001219 -3.000594 0.000136 0.250000 -0.069409
-5.001829 -2.000576 0.000252 0.250000 -0.085250
-5.002367 -1.000355 0.000386 0.250000 -0.099805
-5.002580 0.000053 0.000448 0.250000 -0.106813
-5.002341 1.000468 0.000398 0.250000 -0.103734
-5.001780 2.000714 0.000297 0.250000 -0.093722
-5.001180 3.000779 0.000314 0.250000 -0.081916
-5.000782 4.000774 0.000649 0.250000 -0.069577
-4.000514 -5.000728 0.000153 0.250000 -0.057157
-4.000953 -4.000953 -0.000178 0.250000 -0.073233
-4.001808 -3.001258 -0.000075 0.250000 -0.098545
-4.003041 -2.001387 0.000332 0.250000 -0.132075
-4.004287 -1.000968 0.000842 0.250000 -0.162049
-4.004834 0.000045 0.001089 0.250000 -0.175261
-4.004260 1.001072 0.000841 0.250000 -0.167041
-4.002988 2.001537 0.000356 0.250000 -0.143185
-4.001767 3.001496 0.000107 0.250000 -0.115591
-4.001026 4.001315 0.000436 0.250000 -0.090584
-3.000594 -5.001219 0.000136 0.250000 -0.069410
-3.001258 -4.001808 -0.000075 0.250000 -0.098545
-3.002717 -3.002717 0.000511 0.250000 -0.146130
-3.005229 -2.003421 0.002115 0.250000 -0.201639
-3.008249 -1.002684 0.004539 0.250000 -0.233251
-3.009736 0.000051 0.005900 0.250000 -0.238375
-3.008223 1.002807 0.004532 0.250000 -0.238988
-3.005178 2.003613 0.002131 0.250000 -0.214590
-3.002677 3.003040 0.000706 0.250000 -0.166345
-3.001334 4.002302 0.000627 0.250000 -0.119501
-2.000576 -5.001829 0.000252 0.250000 -0.085250
-2.001387 -4.003041 0.000332 0.250000 -0.132075
-2.003421 -3.005229 0.002115 0.250000 -0.201639
-2.007690 -2.007690 0.007733 0.250000 -0.226864
-2.013856 -1.006895 0.018929 0.250000 -0.074729
-2.017060 0.000062 0.026524 0.250000 0.080410
-2.013834 1.007046 0.018918 0.250000 -0.081050
-2.007648 2.007932 0.007748 0.250000 -0.241124
-2.003387 3.005645 0.002332 0.250000 -0.223820
-2.001444 4.003673 0.001115 0.250000 -0.154833
-1.000355 -5.002367 0.000386 0.250000 -0.099804
-1.000968 -4.004287 0.000842 0.250000 -0.162048
-1.002684 -3.008249 0.004539 0.250000 -0.233251
-1.006895 -2.013856 0.018929 0.250000 -0.074729
-1.012151 -1.012151 0.054478 0.250000 0.784264
-1.015328 0.000071 0.074887 0.250000 1.321891
-1.012139 1.012326 0.054461 0.250000 0.777398
-1.006870 2.014137 0.018941 0.250000 -0.089971
-1.002660 3.008736 0.004775 0.250000 -0.256533
-1.000990 4.005027 0.001691 0.250000 -0.185395
0.000053 -5.002580 0.000448 0.250000 -0.106813
0.000045 -4.004834 0.001089 0.250000 -0.175261
0.000051 -3.009736 0.005900 0.250000 -0.238375
0.000062 -2.017060 0.026524 0.250000 0.080410
0.000071 -1.015328 0.074887 0.250000 1.321890
0.000075 0.000075 0.104983 0.250000 2.148737
0.000071 1.015511 0.074868 0.250000 1.314777
0.000062 2.017356 0.026535 0.250000 0.064734
0.000058 3.010249 0.006146 0.250000 -0.261973
0.000066 4.005614 0.001968 0.250000 -0.198550
1.000468 -5.002341 0.000398 0.250000 -0.103734
1.001072 -4.004260 0.000841 0.250000 -0.167041
1.002807 -3.008223 0.004532 0.250000 -0.238988
1.007046 -2.013834 0.018918 0.250000 -0.081050
1.012326 -1.012139 0.054461 0.250000 0.777398
1.015511 0.000071 0.074868 0.250000 1.314775
1.012312 1.012312 0.054447 0.250000 0.770558
1.007022 2.014114 0.018935 0.250000 -0.096205
1.002795 3.008707 0.004777 0.250000 -0.262002
1.001134 4.004997 0.001708 0.250000 -0.189710
2.000714 -5.001780 0.000297 0.250000 -0.093722
2.001537 -4.002988 0.000356 0.250000 -0.143185
2.003613 -3.005178 0.002131 0.250000 -0.214591
2.007932 -2.007648 0.007748 0.250000 -0.241125
2.014137 -1.006870 0.018941 0.250000 -0.089970
2.017356 0.000062 0.026535 0.250000 0.064733
2.014114 1.007022 0.018935 0.250000 -0.096205
2.007888 2.007888 0.007772 0.250000 -0.255105
2.003585 3.005589 0.002367 0.250000 -0.235969
2.001625 4.003615 0.001174 0.250000 -0.164110
3.000779 -5.001180 0.000314 0.250000 -0.081916
3.001496 -4.001767 0.000107 0.250000 -0.115591
3.003040 -3.002677 0.000706 0.250000 -0.166345
3.005645 -2.003387 0.002332 0.250000 -0.223821
3.008736 -1.002660 0.004775 0.250000 -0.256533
3.010249 0.000058 0.006146 0.250000 -0.261972
3.008707 1.002795 0.004777 0.250000 -0.262003
3.005589 2.003585 0.002367 0.250000 -0.235968
3.002999 3.002999 0.000933 0.250000 -0.184592
3.001584 4.002254 0.000847 0.250000 -0.132877
4.000774 -5.000782 0.000649 0.250000 -0.069576
4.001315 -4.001026 0.000436 0.250000 -0.090584
4.002302 -3.001334 0.000627 0.250000 -0.119500
4.003673 -2.001444 0.001115 0.250000 -0.154833
4.005027 -1.000990 0.001691 0.250000 -0.185395
4.005614 0.000066 0.001968 0.250000 -0.198550
4.004997 1.001134 0.001708 0.250000 -0.189710
4.003615 2.001625 0.001174 0.250000 -0.164110
4.002254 3.001584 0.000847 0.250000 -0.132876
4.001380 4.001380 0.001039 0.250000 -0.102831
-5.000387 -5.000387 1.000649 0.250000 -0.052259
-5.000630 -5.000630 2.001040 0.250000 -0.052138
-5.000680 -4.000566 1.000550 0.250000 -0.058362
-5.001029 -4.000881 2.001154 0.250000 -0.055699
-5.001205 -3.000724 1.000756 0.250000 -0.064735
-5.001634 -3.001041 2.001535 0.250000 -0.058031
-5.001861 -2.000713 1.001111 0.250000 -0.072579
-5.002335 -2.000960 2.002053 0.250000 -0.060222
-5.002436 -1.000439 1.001441 0.250000 -0.079758
-5.002921 -1.000565 2.002506 0.250000 -0.062317
-5.002662 0.000053 1.001577 0.250000 -0.083846
-5.003146 0.000063 2.002689 0.250000 -0.064481
-5.002410 1.000544 1.001444 0.250000 -0.084184
-5.002901 1.000683 2.002515 0.250000 -0.067043
-5.001820 2.000811 1.001139 0.250000 -0.082046
-5.002311 2.001053 2.002097 0.250000 -0.069793
-5.001191 3.000810 1.000897 0.250000 -0.078798
-5.001642 3.001096 2.001686 0.250000 -0.071496
-5.000782 4.000691 1.000988 0.250000 -0.072320
-5.001126 4.000934 2.001523 0.250000 -0.069410
-4.000566 -5.000680 1.000550 0.250000 -0.058361
-4.000881 -5.001029 2.001154 0.250000 -0.055699
-4.001065 -4.001065 1.000583 0.250000 -0.065230
-4.001511 -4.001511 2.001530 0.250000 -0.056737
-4.001999 -3.001479 1.001166 0.250000 -0.073384
-4.002500 -3.001890 2.002408 0.250000 -0.055095
-4.003303 -2.001602 1.002105 0.250000 -0.083668
-4.003735 -2.001858 2.003604 0.250000 -0.051961
-4.004584 -1.001089 1.003047 0.250000 -0.092134
-4.004848 -1.001169 2.004703 0.250000 -0.048580
-4.005135 0.000053 1.003454 0.250000 -0.096679
-4.005302 0.000072 2.005156 0.250000 -0.048633
-4.004556 1.001196 1.003031 0.250000 -0.097946
-4.004825 1.001306 2.004694 0.250000 -0.054850
-4.003257 2.001711 1.002098 0.250000 -0.096483
-4.003704 2.001967 2.003619 0.250000 -0.064927
-4.001978 3.001586 1.001282 0.250000 -0.093218
-4.002497 3.001955 2.002541 0.250000 -0.073867
-4.001170 4.001239 1.001092 0.250000 -0.085594
-4.001593 4.001572 2.001939 0.250000 -0.076384
-3.000724 -5.001205 1.000756 0.250000 -0.064735
-3.001041 -5.001634 2.001535 0.250000 -0.058030
-3.001479 -4.001999 1.001166 0.250000 -0.073384
-3.001890 -4.002500 2.002408 0.250000 -0.055096
-3.003020 -3.003020 1.002604 0.250000 -0.083098
-3.003321 -3.003321 2.004222 0.250000 -0.045093
-3.005522 -2.003648 1.005078 0.250000 -0.088978
-3.005305 -2.003514 2.006840 0.250000 -0.026587
-3.008376 -1.002745 1.007944 0.250000 -0.081852
-3.007283 -1.002373 2.009461 0.250000 -0.003456
-3.009733 0.000063 1.009328 0.250000 -0.075401
-3.008150 0.000086 2.010609 0.250000 0.006213
-3.008351 1.002876 1.007914 0.250000 -0.088817
-3.007262 1.002539 2.009436 0.250000 -0.011127
-3.005479 2.003793 1.005044 0.250000 -0.104578
-3.005274 2.003654 2.006827 0.250000 -0.042647
-3.002998 3.003182 1.002699 0.250000 -0.107777
-3.003312 3.003415 2.004332 0.250000 -0.068751
-3.001573 4.002252 1.001711 0.250000 -0.099366
-3.001955 4.002588 2.002832 0.250000 -0.080318
-2.000713 -5.001861 1.001111 0.250000 -0.072580
-2.000960 -5.002335 2.002053 0.250000 -0.060223
-2.001602 -4.003303 1.002105 0.250000 -0.083668
-2.001858 -4.003735 2.003604 0.250000 -0.051961
-2.003648 -3.005522 1.005078 0.250000 -0.088980
-2.003514 -3.005305 2.006840 0.250000 -0.026587
-2.007591 -2.007591 1.011050 0.250000 -0.055339
-2.006094 -2.006094 2.011963 0.250000 0.028192
-2.012888 -1.006419 1.019513 0.250000 0.056373
-2.008976 -1.004440 2.017687 0.250000 0.107026
-2.015674 0.000075 1.024180 0.250000 0.135772
-2.010337 0.000101 2.020394 0.250000 0.147669
-2.012868 1.006579 1.019472 0.250000 0.048470
-2.008959 1.004636 2.017650 0.250000 0.098209
-2.007556 2.007778 1.010997 0.250000 -0.073154
-2.006069 2.006268 2.011928 0.250000 0.009612
-2.003628 3.005747 1.005158 0.250000 -0.117401
-2.003504 3.005435 2.006929 0.250000 -0.054205
-2.001673 4.003646 1.002683 0.250000 -0.113657
-2.001904 4.003860 2.004036 0.250000 -0.081609
-1.000439 -5.002436 1.001441 0.250000 -0.079757
-1.000565 -5.002921 2.002506 0.250000 -0.062317
-1.001089 -4.004584 1.003047 0.250000 -0.092134
-1.001169 -4.004848 2.004703 0.250000 -0.048580
-1.002745 -3.008376 1.007944 0.250000 -0.081855
-1.002373 -3.007283 2.009461 0.250000 -0.003456
-1.006419 -2.012888 1.019513 0.250000 0.056372
-1.004440 -2.008976 2.017687 0.250000 0.107026
-1.011944 -1.011944 1.039028 0.250000 0.449848
-1.006979 -1.006979 2.027826 0.250000 0.283649
-1.014864 0.000086 1.050868 0.250000 0.730658
-1.008253 0.000111 2.032944 0.250000 0.382900
-1.011933 1.012128 1.038979 0.250000 0.441240
-1.006971 1.007198 2.027781 0.250000 0.274057
-1.006399 2.013107 1.019448 0.250000 0.037018
-1.004427 2.009175 2.017638 0.250000 0.086780
-1.002732 3.008650 1.008017 0.250000 -0.112716
-1.002367 3.007440 2.009537 0.250000 -0.033657
-1.001122 4.004999 1.003653 0.250000 -0.124461
-1.001192 4.005002 2.005143 0.250000 -0.081017
0.000053 -5.002662 1.001577 0.250000 -0.083847
0.000063 -5.003146 2.002689 0.250000 -0.064481
0.000053 -4.005135 1.003454 0.250000 -0.096678
0.000072 -4.005302 2.005156 0.250000 -0.048633
0.000063 -3.009733 1.009328 0.250000 -0.075402
0.000086 -3.008150 2.010609 0.250000 0.006213
0.000075 -2.015674 1.024180 0.250000 0.135772
0.000101 -2.010337 2.020394 0.250000 0.147670
0.000086 -1.014864 1.050868 0.250000 0.730658
0.000111 -1.008253 2.032944 0.250000 0.382899
0.000089 0.000089 1.067083 0.250000 1.141434
0.000115 0.000115 2.039447 0.250000 0.518786
0.000084 1.015056 1.050816 0.250000 0.721773
0.000110 1.008478 2.032897 0.250000 0.373064
0.000074 2.015903 1.024112 0.250000 0.115882
0.000098 2.010544 2.020343 0.250000 0.126913
0.000065 3.010024 1.009402 0.250000 -0.107031
0.000085 3.008316 2.010685 0.250000 -0.024740
0.000066 4.005577 1.004078 0.250000 -0.129583
0.000076 4.005467 2.005605 0.250000 -0.081793
1.000544 -5.002410 1.001444 0.250000 -0.084184
1.000683 -5.002901 2.002515 0.250000 -0.067043
1.001196 -4.004556 1.003031 0.250000 -0.097947
1.001306 -4.004825 2.004694 0.250000 -0.054850
1.002876 -3.008351 1.007914 0.250000 -0.088818
1.002539 -3.007262 2.009436 0.250000 -0.011127
1.006579 -2.012868 1.019472 0.250000 0.048470
1.004636 -2.008959 2.017650 0.250000 0.098209
1.012128 -1.011933 1.038979 0.250000 0.441241
1.007198 -1.006971 2.027781 0.250000 0.274057
1.015056 0.000084 1.050816 0.250000 0.721773
1.008478 0.000110 2.032897 0.250000 0.373065
1.012114 1.012114 1.038933 0.250000 0.432702
1.007186 1.007186 2.027740 0.250000 0.264608
1.006556 2.013083 1.019414 0.250000 0.029305
1.004618 2.009154 2.017610 0.250000 0.078290
1.002867 3.008620 1.007999 0.250000 -0.119259
1.002531 3.007415 2.009525 0.250000 -0.040733
1.001255 4.004969 1.003658 0.250000 -0.129460
1.001336 4.004978 2.005152 0.250000 -0.086381
2.000811 -5.001820 1.001139 0.250000 -0.082046
2.001053 -5.002311 2.002097 0.250000 -0.069793
2.001711 -4.003257 1.002098 0.250000 -0.096484
2.001967 -4.003704 2.003619 0.250000 -0.064927
2.003793 -3.005479 1.005044 0.250000 -0.104578
2.003654 -3.005274 2.006827 0.250000 -0.042646
2.007778 -2.007556 1.010997 0.250000 -0.073155
2.006268 -2.006069 2.011928 0.250000 0.009613
2.013107 -1.006399 1.019448 0.250000 0.037019
2.009175 -1.004427 2.017638 0.250000 0.086779
2.015903 0.000074 1.024112 0.250000 0.115882
2.010544 0.000098 2.020343 0.250000 0.126912
2.013083 1.006556 1.019414 0.250000 0.029305
2.009154 1.004618 2.017610 0.250000 0.078291
2.007738 2.007738 1.010959 0.250000 -0.090462
2.006237 2.006237 2.011910 0.250000 -0.008195
2.003774 3.005697 1.005150 0.250000 -0.131873
2.003643 3.005399 2.006942 0.250000 -0.068866
2.001804 4.003597 1.002717 0.250000 -0.124362
2.002022 4.003828 2.004085 0.250000 -0.092467
3.000810 -5.001191 1.000897 0.250000 -0.078798
3.001096 -5.001642 2.001686 0.250000 -0.071496
3.001586 -4.001978 1.001282 0.250000 -0.093218
3.001955 -4.002497 2.002541 0.250000 -0.073867
3.003182 -3.002998 1.002699 0.250000 -0.107777
3.003415 -3.003312 2.004332 0.250000 -0.068751
3.005747 -2.003628 1.005158 0.250000 -0.117401
3.005435 -2.003504 2.006929 0.250000 -0.054205
3.008650 -1.002732 1.008017 0.250000 -0.112717
3.007440 -1.002367 2.009537 0.250000 -0.033657
3.010024 0.000065 1.009402 0.250000 -0.107032
3.008316 0.000085 2.010685 0.250000 -0.024739
3.008620 1.002867 1.007999 0.250000 -0.119259
3.007415 1.002531 2.009525 0.250000 -0.040733
3.005697 2.003774 1.005150 0.250000 -0.131873
3.005399 2.003643 2.006942 0.250000 -0.068865
3.003158 3.003158 1.002833 0.250000 -0.130060
3.003407 3.003407 2.004478 0.250000 -0.089905
3.001700 4.002233 1.001878 0.250000 -0.115104
3.002034 4.002591 2.003004 0.250000 -0.095454
4.000691 -5.000782 1.000988 0.250000 -0.072320
4.000934 -5.001126 2.001523 0.250000 -0.069410
4.001239 -4.001170 1.001092 0.250000 -0.085595
4.001572 -4.001593 2.001939 0.250000 -0.076384
4.002252 -3.001573 1.001711 0.250000 -0.099366
4.002588 -3.001955 2.002832 0.250000 -0.080318
4.003646 -2.001673 1.002683 0.250000 -0.113657
4.003860 -2.001904 2.004036 0.250000 -0.081609
4.004999 -1.001122 1.003653 0.250000 -0.124461
4.005002 -1.001192 2.005143 0.250000 -0.081016
4.005577 0.000066 1.004078 0.250000 -0.129583
4.005467 0.000076 2.005605 0.250000 -0.081793
4.004969 1.001255 1.003658 0.250000 -0.129459
4.004978 1.001336 2.005152 0.250000 -0.086381
4.003597 2.001804 1.002717 0.250000 -0.124362
4.003828 2.002022 2.004085 0.250000 -0.092468
4.002233 3.001700 1.001878 0.250000 -0.115104
4.002591 3.002034 2.003004 0.250000 -0.095454
4.001355 4.001355 1.001614 0.250000 -0.100306
4.001675 4.001675 2.002368 0.250000 -0.091186
0.000000 0.000000 -1.000000 0.250000 0.000000
