-4.999620 -4.999620 0.000588 0.250000 0.000417
-4.999418 -3.999537 0.000456 0.250000 0.002663
-4.999267 -2.999576 0.000562 0.250000 0.008960
-4.999287 -1.999743 0.000643 0.250000 0.016623
-4.999473 -0.999928 0.000628 0.250000 0.022515
-4.999604 -0.000049 0.000607 0.250000 0.024758
-4.999515 0.999825 0.000636 0.250000 0.023064
-4.999336 1.999630 0.000635 0.250000 0.017565
-4.999267 2.999464 0.000589 0.250000 0.010368
-4.999383 3.999457 0.000776 0.250000 0.006216
-3.999537 -4.999418 0.000456 0.250000 0.002663
-3.999420 -3.999420 0.000298 0.250000 0.009519
-3.999687 -2.999795 0.000263 0.250000 0.021550
-4.000728 -2.000413 -0.000161 0.250000 0.028731
-4.002313 -1.000625 -0.000880 0.250000 0.025582
-4.003155 -0.000057 -0.001242 0.250000 0.021716
-4.002358 1.000497 -0.000870 0.250000 0.026301
-4.000776 2.000261 -0.000186 0.250000 0.030005
-3.999668 2.999648 0.000245 0.250000 0.023361
-3.999373 3.999354 0.000637 0.250000 0.014104
-2.999576 -4.999267 0.000562 0.250000 0.008960
-2.999795 -3.999687 0.000263 0.250000 0.021549
-3.001331 -3.001331 -0.000575 0.250000 0.027793
-3.005598 -2.003778 -0.002603 0.250000 -0.004273
-3.012023 -1.004094 -0.004256 0.250000 -0.064310
-3.015493 -0.000067 -0.004464 0.250000 -0.092633
-3.012063 1.003942 -0.004240 0.250000 -0.063415
-3.005633 2.003597 -0.002628 0.250000 -0.002559
-3.001287 3.001192 -0.000612 0.250000 0.030334
-2.999738 3.999725 0.000595 0.250000 0.027226
-1.999743 -4.999287 0.000643 0.250000 0.016623
-2.000413 -4.000728 -0.000161 0.250000 0.028731
-2.003778 -3.005598 -0.002603 0.250000 -0.004273
-2.013589 -2.013589 -0.004083 0.250000 -0.124448
-2.029791 -1.014998 0.006582 0.250000 -0.200153
-2.038610 -0.000081 0.018475 0.250000 -0.178699
-2.029821 1.014814 0.006605 0.250000 -0.199059
-2.013606 2.013383 -0.004106 0.250000 -0.122352
-2.003723 3.005500 -0.002647 0.250000 -0.001055
-2.000361 4.000941 0.000175 0.250000 0.035391
-0.999928 -4.999473 0.000628 0.250000 0.022515
-1.000625 -4.002313 -0.000880 0.250000 0.025582
-1.004094 -3.012023 -0.004256 0.250000 -0.064310
-1.014998 -2.029791 0.006582 0.250000 -0.200153
-1.029503 -1.029503 0.074047 0.250000 0.099521
-1.038366 -0.000095 0.116916 0.250000 0.336946
-1.029519 1.029291 0.074078 0.250000 0.101038
-1.015003 2.029568 0.006556 0.250000 -0.197651
-1.004058 3.011975 -0.004305 0.250000 -0.060646
-1.000597 4.002700 -0.000537 0.250000 0.032794
-0.000049 -4.999604 0.000607 0.250000 0.024758
-0.000057 -4.003155 -0.001242 0.250000 0.021716
-0.000067 -3.015493 -0.004464 0.250000 -0.092633
-0.000081 -2.038610 0.018475 0.250000 -0.178700
-0.000095 -1.038366 0.116916 0.250000 0.336946
-0.000100 -0.000100 0.183310 0.250000 0.739775
-0.000094 1.038144 0.116950 0.250000 0.338741
-0.000083 2.038384 0.018445 0.250000 -0.175909
-0.000075 3.015470 -0.004519 0.250000 -0.088771
-0.000064 4.003618 -0.000898 0.250000 0.029107
0.999825 -4.999515 0.000636 0.250000 0.023065
1.000497 -4.002358 -0.000870 0.250000 0.026301
1.003942 -3.012063 -0.004240 0.250000 -0.063416
1.014814 -2.029821 0.006605 0.250000 -0.199060
1.029291 -1.029519 0.074078 0.250000 0.101039
1.038144 -0.000094 0.116950 0.250000 0.338740
1.029310 1.029310 0.074108 0.250000 0.102623
1.014817 2.029603 0.006575 0.250000 -0.196455
1.003892 3.012019 -0.004295 0.250000 -0.059673
1.000462 4.002745 -0.000528 0.250000 0.033563
1.999630 -4.999336 0.000635 0.250000 0.017565
2.000261 -4.000776 -0.000186 0.250000 0.030006
2.003597 -3.005633 -0.002628 0.250000 -0.002558
2.013383 -2.013606 -0.004106 0.250000 -0.122352
2.029568 -1.015003 0.006556 0.250000 -0.197652
2.038384 -0.000083 0.018445 0.250000 -0.175908
2.029603 1.014817 0.006575 0.250000 -0.196454
2.013401 2.013401 -0.004138 0.250000 -0.120131
2.003537 3.005536 -0.002680 0.250000 0.000729
2.000219 4.000985 0.000163 0.250000 0.036784
2.999464 -4.999267 0.000589 0.250000 0.010369
2.999648 -3.999668 0.000245 0.250000 0.023361
3.001192 -3.001287 -0.000612 0.250000 0.030334
3.005500 -2.003723 -0.002647 0.250000 -0.001055
3.011975 -1.004058 -0.004305 0.250000 -0.060645
3.015470 -0.000075 -0.004519 0.250000 -0.088772
3.012019 1.003892 -0.004295 0.250000 -0.059672
3.005536 2.003537 -0.002680 0.250000 0.000730
3.001149 3.001149 -0.000642 0.250000 0.032991
2.999615 3.999705 0.000620 0.250000 0.029409
3.999457 -4.999383 0.000776 0.250000 0.006217
3.999354 -3.999373 0.000637 0.250000 0.014104
3.999725 -2.999738 0.000595 0.250000 0.027226
4.000941 -2.000361 0.000175 0.250000 0.035391
4.002700 -1.000597 -0.000537 0.250000 0.032793
4.003618 -0.000064 -0.000898 0.250000 0.029107
4.002745 1.000462 -0.000528 0.250000 0.033563
4.000985 2.000219 0.000163 0.250000 0.036784
3.999705 2.999615 0.000620 0.250000 0.029408
3.999331 3.999331 0.001002 0.250000 0.019048
-4.999297 -4.999297 1.000445 0.250000 -0.003942
-4.999828 -4.999828 2.000672 0.250000 -0.006055
-4.999062 -3.999330 1.000360 0.250000 -0.006281
-5.000020 -4.000108 2.000787 0.250000 -0.008819
-4.998882 -2.999448 1.000657 0.250000 -0.004453
-5.000403 -3.000363 2.001268 0.250000 -0.008115
-4.998809 -1.999632 1.001100 0.250000 0.000812
-5.000910 -2.000466 2.001941 0.250000 -0.004055
-4.998848 -0.999847 1.001494 0.250000 0.006696
-5.001371 -1.000340 2.002544 0.250000 0.000968
-4.998897 -0.000046 1.001662 0.250000 0.009613
-5.001563 -0.000028 2.002797 0.250000 0.003751
-4.998873 0.999755 1.001518 0.250000 0.008055
-5.001371 1.000286 2.002569 0.250000 0.002852
-4.998830 1.999528 1.001118 0.250000 0.003465
-5.000896 2.000405 2.001976 0.250000 -0.000368
-4.998864 2.999299 1.000688 0.250000 -0.000652
-5.000369 3.000260 2.001336 0.250000 -0.002892
-4.999051 3.999166 1.000646 0.250000 -0.000560
-5.000008 3.999960 2.001019 0.250000 -0.002365
-3.999330 -4.999062 1.000360 0.250000 -0.006281
-4.000108 -5.000020 2.000787 0.250000 -0.008819
-3.999159 -3.999159 1.000562 0.250000 -0.005618
-4.000554 -4.000554 2.001354 0.250000 -0.009143
-3.999192 -2.999468 1.001418 0.250000 0.004244
-4.001348 -3.001066 2.002627 0.250000 -0.001775
-3.999624 -1.999909 1.002510 0.250000 0.018795
-4.002429 -2.001274 2.004304 0.250000 0.011276
-4.000389 -1.000182 1.003426 0.250000 0.029924
-4.003475 -1.000915 2.005805 0.250000 0.023597
-4.000822 -0.000052 1.003800 0.250000 0.034105
-4.003929 -0.000027 2.006429 0.250000 0.029270
-4.000415 1.000075 1.003451 0.250000 0.031889
-4.003471 1.000866 2.005824 0.250000 0.026257
-3.999640 1.999787 1.002504 0.250000 0.022670
-4.002402 2.001224 2.004312 0.250000 0.016492
-3.999148 2.999292 1.001376 0.250000 0.009715
-4.001284 3.000968 2.002634 0.250000 0.005571
-3.999118 3.998989 1.000813 0.250000 0.002330
-4.000498 4.000395 2.001537 0.250000 -0.000199
-2.999448 -4.998882 1.000657 0.250000 -0.004452
-3.000363 -5.000403 2.001268 0.250000 -0.008115
-2.999468 -3.999192 1.001418 0.250000 0.004244
-3.001066 -4.001348 2.002627 0.250000 -0.001775
-3.000168 -3.000168 1.003126 0.250000 0.024568
-3.002377 -3.002377 2.005242 0.250000 0.016818
-3.002427 -2.001702 1.005212 0.250000 0.037668
-3.004398 -2.002959 2.008729 0.250000 0.039792
-3.006141 -1.002179 1.007335 0.250000 0.033653
-3.006652 -1.002250 2.012064 0.250000 0.056395
-3.008226 -0.000057 1.008454 0.250000 0.029662
-3.007721 -0.000023 2.013531 0.250000 0.063033
-3.006163 1.002064 1.007364 0.250000 0.036267
-3.006642 1.002216 2.012077 0.250000 0.059862
-3.002431 2.001579 1.005189 0.250000 0.042878
-3.004359 2.002938 2.008703 0.250000 0.046580
-3.000100 3.000016 1.003010 0.250000 0.031885
-3.002291 3.002319 2.005168 0.250000 0.026280
-2.999406 3.999101 1.001579 0.250000 0.014290
-3.000981 4.001227 2.002711 0.250000 0.009460
-1.999632 -4.998809 1.001100 0.250000 0.000812
-2.000466 -5.000910 2.001941 0.250000 -0.004055
-1.999909 -3.999624 1.002510 0.250000 0.018795
-2.001274 -4.002429 2.004304 0.250000 0.011276
-2.001702 -3.002427 1.005212 0.250000 0.037669
-2.002959 -3.004398 2.008729 0.250000 0.039792
-2.007604 -2.007604 1.009778 0.250000 0.017468
-2.006065 -2.006065 2.015186 0.250000 0.064212
-2.017985 -1.009178 1.018720 0.250000 -0.010404
-2.010185 -1.005115 2.022497 0.250000 0.077170
-2.024082 -0.000063 1.024960 0.250000 -0.010639
-2.012342 -0.000017 2.026158 0.250000 0.083521
-2.018000 1.009053 1.018749 0.250000 -0.007209
-2.010173 1.005099 2.022500 0.250000 0.081327
-2.007597 2.007486 1.009731 0.250000 0.023783
-2.006023 2.006081 2.015121 0.250000 0.072292
-2.001627 3.002328 1.005014 0.250000 0.046395
-2.002871 3.004399 2.008561 0.250000 0.050869
-1.999848 3.999677 1.002569 0.250000 0.030338
-2.001185 4.002378 2.004266 0.250000 0.024101
-0.999847 -4.998848 1.001494 0.250000 0.006696
-1.000340 -5.001371 2.002544 0.250000 0.000967
-1.000182 -4.000389 1.003426 0.250000 0.029924
-1.000915 -4.003475 2.005805 0.250000 0.023597
-1.002179 -3.006141 1.007335 0.250000 0.033653
-1.002250 -3.006652 2.012064 0.250000 0.056395
-1.009178 -2.017985 1.018720 0.250000 -0.010404
-1.005115 -2.010185 2.022497 0.250000 0.077170
-1.022054 -1.022054 1.048734 0.250000 0.042014
-1.009417 -1.009417 2.036696 0.250000 0.096263
-1.029322 -0.000068 1.070895 0.250000 0.136714
-1.011828 -0.000011 2.044632 0.250000 0.114146
-1.022060 1.021923 1.048762 0.250000 0.045709
-1.009408 1.009418 2.036689 0.250000 0.100896
-1.009169 2.017877 1.018648 0.250000 -0.003326
-1.005086 2.010235 2.022397 0.250000 0.086075
-1.002130 3.006100 1.007064 0.250000 0.043148
-1.002192 3.006707 2.011816 0.250000 0.068379
-1.000145 4.000585 1.003396 0.250000 0.042131
-1.000856 4.003492 2.005660 0.250000 0.037166
-0.000046 -4.998897 1.001662 0.250000 0.009613
-0.000028 -5.001563 2.002797 0.250000 0.003752
-0.000052 -4.000822 1.003800 0.250000 0.034105
-0.000027 -4.003929 2.006429 0.250000 0.029270
-0.000057 -3.008226 1.008454 0.250000 0.029662
-0.000023 -3.007721 2.013531 0.250000 0.063034
-0.000063 -2.024082 1.024960 0.250000 -0.010638
-0.000017 -2.012342 2.026158 0.250000 0.083522
-0.000068 -1.029322 1.070895 0.250000 0.136715
-0.000011 -1.011828 2.044632 0.250000 0.114144
-0.000069 -0.000069 1.103560 0.250000 0.303625
-0.000008 -0.000008 2.055373 0.250000 0.145300
-0.000067 1.029192 1.070922 0.250000 0.140648
-0.000009 1.011838 2.044620 0.250000 0.118946
-0.000063 2.023981 1.024876 0.250000 -0.003257
-0.000015 2.012406 2.026041 0.250000 0.092690
-0.000061 3.008212 1.008150 0.250000 0.039381
-0.000021 3.007800 2.013249 0.250000 0.075253
-0.000054 4.001078 1.003733 0.250000 0.046434
-0.000024 4.003973 2.006239 0.250000 0.042968
0.999755 -4.998873 1.001518 0.250000 0.008056
1.000286 -5.001371 2.002569 0.250000 0.002852
1.000075 -4.000415 1.003451 0.250000 0.031889
1.000866 -4.003471 2.005824 0.250000 0.026257
1.002064 -3.006163 1.007364 0.250000 0.036268
1.002216 -3.006642 2.012077 0.250000 0.059862
1.009053 -2.018000 1.018749 0.250000 -0.007209
1.005099 -2.010173 2.022500 0.250000 0.081327
1.021923 -1.022060 1.048762 0.250000 0.045709
1.009418 -1.009408 2.036689 0.250000 0.100896
1.029192 -0.000067 1.070922 0.250000 0.140647
1.011838 -0.000009 2.044620 0.250000 0.118946
1.021932 1.021932 1.048788 0.250000 0.049422
1.009413 1.009413 2.036680 0.250000 0.105497
1.009045 2.017896 1.018672 0.250000 -0.000127
1.005074 2.010226 2.022395 0.250000 0.090145
1.002008 3.006124 1.007086 0.250000 0.045694
1.002161 3.006699 2.011823 0.250000 0.071679
1.000037 4.000608 1.003419 0.250000 0.043986
1.000814 4.003486 2.005677 0.250000 0.039617
1.999528 -4.998830 1.001118 0.250000 0.003465
2.000405 -5.000896 2.001976 0.250000 -0.000368
1.999787 -3.999641 1.002504 0.250000 0.022669
2.001224 -4.002402 2.004312 0.250000 0.016492
2.001579 -3.002431 1.005189 0.250000 0.042878
2.002938 -3.004359 2.008703 0.250000 0.046581
2.007486 -2.007597 1.009731 0.250000 0.023783
2.006081 -2.006023 2.015121 0.250000 0.072293
2.017877 -1.009169 1.018648 0.250000 -0.003325
2.010235 -1.005086 2.022397 0.250000 0.086075
2.023981 -0.000063 1.024876 0.250000 -0.003257
2.012406 -0.000015 2.026041 0.250000 0.092690
2.017896 1.009045 1.018672 0.250000 -0.000128
2.010226 1.005074 2.022395 0.250000 0.090144
2.007481 2.007481 1.009674 0.250000 0.030019
2.006042 2.006042 2.015048 0.250000 0.080150
2.001499 3.002331 1.004980 0.250000 0.051369
2.002851 3.004360 2.008530 0.250000 0.057268
1.999734 3.999686 1.002571 0.250000 0.033944
2.001143 4.002347 2.004277 0.250000 0.028848
2.999299 -4.998864 1.000688 0.250000 -0.000652
3.000260 -5.000369 2.001336 0.250000 -0.002892
2.999292 -3.999148 1.001376 0.250000 0.009715
3.000968 -4.001284 2.002634 0.250000 0.005571
3.000016 -3.000100 1.003010 0.250000 0.031885
3.002319 -3.002291 2.005168 0.250000 0.026280
3.002328 -2.001627 1.005014 0.250000 0.046394
3.004399 -2.002871 2.008561 0.250000 0.050868
3.006100 -1.002130 1.007064 0.250000 0.043147
3.006707 -1.002192 2.011816 0.250000 0.068377
3.008212 -0.000061 1.008150 0.250000 0.039381
3.007800 -0.000021 2.013249 0.250000 0.075253
3.006124 1.002008 1.007086 0.250000 0.045694
3.006699 1.002161 2.011823 0.250000 0.071679
3.002331 2.001499 1.004980 0.250000 0.051368
3.004360 2.002851 2.008530 0.250000 0.057268
2.999945 2.999945 1.002896 0.250000 0.038782
3.002234 3.002234 2.005096 0.250000 0.035109
2.999254 3.999057 1.001574 0.250000 0.019392
3.000898 4.001166 2.002736 0.250000 0.016054
3.999166 -4.999051 1.000646 0.250000 -0.000560
3.999960 -5.000008 2.001019 0.250000 -0.002365
3.998989 -3.999118 1.000813 0.250000 0.002330
4.000395 -4.000498 2.001537 0.250000 -0.000199
3.999101 -2.999406 1.001579 0.250000 0.014290
4.001227 -3.000981 2.002711 0.250000 0.009459
3.999677 -1.999848 1.002569 0.250000 0.030338
4.002378 -2.001185 2.004266 0.250000 0.024102
4.000585 -1.000145 1.003396 0.250000 0.042131
4.003492 -1.000856 2.005660 0.250000 0.037166
4.001078 -0.000054 1.003733 0.250000 0.046434
4.003973 -0.000024 2.006239 0.250000 0.042967
4.000608 1.000037 1.003419 0.250000 0.043986
4.003486 1.000814 2.005677 0.250000 0.039617
3.999686 1.999734 1.002571 0.250000 0.033945
4.002347 2.001143 2.004277 0.250000 0.028848
3.999057 2.999254 1.001574 0.250000 0.019392
4.001166 3.000898 2.002736 0.250000 0.016054
3.998981 3.998981 1.001093 0.250000 0.009702
4.000366 4.000366 2.001738 0.250000 0.007733
0.000000 0.000000 -1.000000 0.250000 0.000000
