-4.999621 -4.999621 0.000587 0.250000 0.001075
-4.999432 -3.999544 0.000450 0.250000 0.003518
-4.999306 -2.999592 0.000544 0.250000 0.009909
-4.999354 -1.999761 0.000609 0.250000 0.017472
-4.999562 -0.999941 0.000582 0.250000 0.023163
-4.999700 -0.000049 0.000557 0.250000 0.025321
-4.999602 0.999838 0.000590 0.250000 0.023772
-4.999400 1.999651 0.000599 0.250000 0.018517
-4.999302 2.999486 0.000568 0.250000 0.011426
-4.999400 3.999476 0.000763 0.250000 0.007118
-3.999544 -4.999432 0.000450 0.250000 0.003518
-3.999447 -3.999447 0.000278 0.250000 0.010481
-3.999747 -2.999834 0.000220 0.250000 0.022157
-4.000817 -2.000451 -0.000218 0.250000 0.028499
-4.002414 -1.000647 -0.000931 0.250000 0.024513
-4.003257 -0.000059 -0.001285 0.250000 0.020345
-4.002457 1.000517 -0.000923 0.250000 0.025320
-4.000861 2.000301 -0.000246 0.250000 0.029921
-3.999724 2.999696 0.000198 0.250000 0.024111
-3.999404 3.999399 0.000608 0.250000 0.015082
-2.999592 -4.999306 0.000544 0.250000 0.009909
-2.999834 -3.999747 0.000220 0.250000 0.022157
-3.001395 -3.001395 -0.000630 0.250000 0.027031
-3.005649 -2.003809 -0.002593 0.250000 -0.006787
-3.012007 -1.004087 -0.004125 0.250000 -0.067766
-3.015434 -0.000069 -0.004277 0.250000 -0.096222
-3.012046 1.003933 -0.004111 0.250000 -0.066762
-3.005679 2.003633 -0.002622 0.250000 -0.004894
-3.001348 3.001270 -0.000672 0.250000 0.029713
-2.999782 3.999810 0.000540 0.250000 0.027752
-1.999761 -4.999354 0.000609 0.250000 0.017473
-2.000451 -4.000817 -0.000218 0.250000 0.028498
-2.003809 -3.005649 -0.002593 0.250000 -0.006787
-2.013497 -2.013497 -0.003832 0.250000 -0.128129
-2.029441 -1.014821 0.006983 0.250000 -0.202224
-2.038111 -0.000083 0.018833 0.250000 -0.179190
-2.029469 1.014636 0.007004 0.250000 -0.201002
-2.013511 2.013299 -0.003860 0.250000 -0.125835
-2.003752 3.005570 -0.002644 0.250000 -0.003451
-2.000403 4.001062 0.000105 0.250000 0.034949
-0.999941 -4.999562 0.000582 0.250000 0.023163
-1.000647 -4.002414 -0.000931 0.250000 0.024513
-1.004087 -3.012007 -0.004125 0.250000 -0.067765
-1.014821 -2.029441 0.006983 0.250000 -0.202224
-1.029082 -1.029082 0.073845 0.250000 0.104942
-1.037793 -0.000096 0.116237 0.250000 0.347106
-1.029096 1.028871 0.073873 0.250000 0.106602
-1.014824 2.029228 0.006952 0.250000 -0.199513
-1.004050 3.011983 -0.004182 0.250000 -0.064007
-1.000621 4.002838 -0.000602 0.250000 0.031405
-0.000049 -4.999700 0.000557 0.250000 0.025321
-0.000059 -4.003257 -0.001285 0.250000 0.020345
-0.000069 -3.015434 -0.004277 0.250000 -0.096222
-0.000083 -2.038111 0.018833 0.250000 -0.179190
-0.000096 -1.037793 0.116237 0.250000 0.347105
-0.000101 -0.000101 0.181822 0.250000 0.757086
-0.000095 1.037574 0.116268 0.250000 0.349044
-0.000085 2.037895 0.018797 0.250000 -0.176190
-0.000077 3.015435 -0.004340 0.250000 -0.092280
-0.000064 4.003757 -0.000955 0.250000 0.027367
0.999838 -4.999602 0.000590 0.250000 0.023772
1.000517 -4.002457 -0.000923 0.250000 0.025320
1.003933 -3.012046 -0.004111 0.250000 -0.066761
1.014636 -2.029469 0.007004 0.250000 -0.201002
1.028871 -1.029096 0.073873 0.250000 0.106602
1.037574 -0.000095 0.116268 0.250000 0.349045
1.028888 1.028888 0.073900 0.250000 0.108327
1.014637 2.029261 0.006969 0.250000 -0.198192
1.003883 3.012025 -0.004174 0.250000 -0.062936
1.000487 4.002880 -0.000595 0.250000 0.032239
1.999651 -4.999400 0.000599 0.250000 0.018517
2.000301 -4.000861 -0.000246 0.250000 0.029921
2.003633 -3.005679 -0.002622 0.250000 -0.004894
2.013299 -2.013511 -0.003860 0.250000 -0.125834
2.029228 -1.014824 0.006952 0.250000 -0.199513
2.037895 -0.000085 0.018797 0.250000 -0.176191
2.029261 1.014637 0.006969 0.250000 -0.198193
2.013313 2.013313 -0.003896 0.250000 -0.123428
2.003571 3.005601 -0.002680 0.250000 -0.001512
2.000265 4.001101 0.000090 0.250000 0.036442
2.999486 -4.999302 0.000568 0.250000 0.011426
2.999696 -3.999724 0.000198 0.250000 0.024111
3.001270 -3.001348 -0.000672 0.250000 0.029713
3.005570 -2.003752 -0.002644 0.250000 -0.003451
3.011983 -1.004050 -0.004182 0.250000 -0.064007
3.015435 -0.000077 -0.004340 0.250000 -0.092280
3.012025 1.003883 -0.004174 0.250000 -0.062936
3.005601 2.003571 -0.002680 0.250000 -0.001512
3.001224 3.001224 -0.000707 0.250000 0.032467
2.999669 3.999786 0.000561 0.250000 0.030002
3.999476 -4.999400 0.000763 0.250000 0.007119
3.999399 -3.999404 0.000608 0.250000 0.015082
3.999810 -2.999782 0.000540 0.250000 0.027752
4.001062 -2.000403 0.000105 0.250000 0.034949
4.002838 -1.000621 -0.000602 0.250000 0.031404
4.003757 -0.000064 -0.000955 0.250000 0.027366
4.002880 1.000487 -0.000595 0.250000 0.032239
4.001101 2.000265 0.000090 0.250000 0.036442
3.999786 2.999669 0.000561 0.250000 0.030002
3.999380 3.999380 0.000963 0.250000 0.019940
-4.999314 -4.999314 1.000453 0.250000 -0.003356
-4.999846 -4.999846 2.000684 0.250000 -0.005464
-4.999094 -3.999351 1.000373 0.250000 -0.005424
-5.000047 -4.000125 2.000805 0.250000 -0.007981
-4.998939 -2.999473 1.000665 0.250000 -0.003370
-5.000439 -3.000377 2.001284 0.250000 -0.007070
-4.998894 -1.999656 1.001098 0.250000 0.001967
-5.000955 -2.000475 2.001949 0.250000 -0.002918
-4.998956 -0.999862 1.001480 0.250000 0.007804
-5.001421 -1.000343 2.002541 0.250000 0.002108
-4.999013 -0.000044 1.001642 0.250000 0.010706
-5.001614 -0.000023 2.002789 0.250000 0.004896
-4.998978 0.999774 1.001501 0.250000 0.009235
-5.001419 1.000299 2.002562 0.250000 0.004039
-4.998910 1.999558 1.001110 0.250000 0.004721
-5.000936 2.000425 2.001976 0.250000 0.000822
-4.998916 2.999333 1.000689 0.250000 0.000494
-5.000400 3.000286 2.001342 0.250000 -0.001853
-4.999083 3.999200 1.000647 0.250000 0.000262
-5.000032 3.999990 2.001024 0.250000 -0.001626
-3.999351 -4.999094 1.000373 0.250000 -0.005424
-4.000125 -5.000047 2.000805 0.250000 -0.007981
-3.999201 -3.999201 1.000573 0.250000 -0.004412
-4.000578 -4.000578 2.001372 0.250000 -0.007974
-3.999270 -2.999520 1.001409 0.250000 0.005481
-4.001381 -3.001086 2.002630 0.250000 -0.000477
-3.999746 -1.999962 1.002472 0.250000 0.019616
-4.002473 -2.001288 2.004281 0.250000 0.012414
-4.000545 -1.000215 1.003366 0.250000 0.030204
-4.003529 -1.000921 2.005757 0.250000 0.024468
-4.000991 -0.000051 1.003732 0.250000 0.034180
-4.003985 -0.000021 2.006370 0.250000 0.030039
-4.000569 1.000112 1.003387 0.250000 0.032262
-4.003522 1.000884 2.005771 0.250000 0.027182
-3.999757 1.999846 1.002458 0.250000 0.023615
-4.002441 2.001251 2.004278 0.250000 0.017677
-3.999221 2.999357 1.001356 0.250000 0.010998
-4.001312 3.001003 2.002623 0.250000 0.006814
-3.999161 3.999049 1.000807 0.250000 0.003407
-4.000520 4.000435 2.001537 0.250000 0.000760
-2.999473 -4.998939 1.000665 0.250000 -0.003370
-3.000377 -5.000439 2.001284 0.250000 -0.007070
-2.999520 -3.999270 1.001409 0.250000 0.005481
-3.001086 -4.001381 2.002630 0.250000 -0.000476
-3.000267 -3.000267 1.003077 0.250000 0.025112
-3.002409 -3.002409 2.005208 0.250000 0.017865
-3.002573 -2.001795 1.005137 0.250000 0.036918
-3.004445 -2.002986 2.008649 0.250000 0.040154
-3.006305 -1.002228 1.007269 0.250000 0.031972
-3.006712 -1.002264 2.011952 0.250000 0.056153
-3.008389 -0.000055 1.008395 0.250000 0.027762
-3.007786 -0.000016 2.013405 0.250000 0.062603
-3.006325 1.002118 1.007292 0.250000 0.034691
-3.006701 1.002244 2.011957 0.250000 0.059671
-3.002572 2.001680 1.005103 0.250000 0.042248
-3.004402 2.002980 2.008610 0.250000 0.046957
-3.000195 3.000132 1.002946 0.250000 0.032405
-3.002318 3.002368 2.005115 0.250000 0.027173
-2.999460 3.999204 1.001550 0.250000 0.015225
-3.000999 4.001279 2.002692 0.250000 0.010372
-1.999656 -4.998894 1.001098 0.250000 0.001967
-2.000475 -5.000955 2.001949 0.250000 -0.002918
-1.999962 -3.999746 1.002472 0.250000 0.019616
-2.001288 -4.002473 2.004281 0.250000 0.012414
-2.001795 -3.002573 1.005137 0.250000 0.036918
-2.002986 -3.004445 2.008649 0.250000 0.040153
-2.007695 -2.007695 1.009744 0.250000 0.015386
-2.006107 -2.006107 2.015058 0.250000 0.063596
-2.017986 -1.009171 1.018741 0.250000 -0.012107
-2.010229 -1.005132 2.022343 0.250000 0.076253
-2.024011 -0.000061 1.024982 0.250000 -0.011641
-2.012380 -0.000009 2.025991 0.250000 0.082706
-2.017998 1.009052 1.018765 0.250000 -0.008804
-2.010215 1.005132 2.022338 0.250000 0.080450
-2.007684 2.007589 1.009685 0.250000 0.021801
-2.006061 2.006141 2.014976 0.250000 0.071645
-2.001717 3.002495 1.004922 0.250000 0.045523
-2.002894 3.004467 2.008459 0.250000 0.050957
-1.999902 3.999828 1.002508 0.250000 0.030647
-2.001199 4.002443 2.004217 0.250000 0.024653
-0.999862 -4.998956 1.001480 0.250000 0.007805
-1.000343 -5.001421 2.002541 0.250000 0.002108
-1.000215 -4.000545 1.003366 0.250000 0.030204
-1.000921 -4.003529 2.005757 0.250000 0.024468
-1.002228 -3.006305 1.007269 0.250000 0.031972
-1.002264 -3.006712 2.011952 0.250000 0.056153
-1.009171 -2.017986 1.018741 0.250000 -0.012108
-1.005132 -2.010229 2.022343 0.250000 0.076253
-1.021874 -1.021874 1.048649 0.250000 0.043802
-1.009416 -1.009416 2.036503 0.250000 0.096188
-1.029034 -0.000065 1.070620 0.250000 0.141022
-1.011808 -0.000003 2.044403 0.250000 0.114872
-1.021878 1.021751 1.048670 0.250000 0.047604
-1.009406 1.009434 2.036487 0.250000 0.100849
-1.009160 2.017892 1.018656 0.250000 -0.004951
-1.005102 2.010298 2.022225 0.250000 0.085085
-1.002177 3.006289 1.006979 0.250000 0.041262
-1.002205 3.006790 2.011679 0.250000 0.067763
-1.000179 4.000773 1.003312 0.250000 0.041724
-1.000862 4.003568 2.005585 0.250000 0.037286
-0.000044 -4.999013 1.001642 0.250000 0.010706
-0.000023 -5.001614 2.002789 0.250000 0.004896
-0.000051 -4.000991 1.003732 0.250000 0.034180
-0.000021 -4.003985 2.006370 0.250000 0.030038
-0.000055 -3.008389 1.008395 0.250000 0.027762
-0.000016 -3.007786 2.013405 0.250000 0.062603
-0.000061 -2.024011 1.024982 0.250000 -0.011640
-0.000009 -2.012380 2.025991 0.250000 0.082706
-0.000065 -1.029034 1.070620 0.250000 0.141022
-0.000003 -1.011808 2.044403 0.250000 0.114871
-0.000065 -0.000065 1.102949 0.250000 0.311562
0.000001 0.000001 2.055081 0.250000 0.147199
-0.000063 1.028913 1.070639 0.250000 0.145062
-0.000001 1.011836 2.044381 0.250000 0.119694
-0.000061 2.023925 1.024883 0.250000 -0.004195
-0.000007 2.012465 2.025857 0.250000 0.091782
-0.000059 3.008400 1.008072 0.250000 0.037234
-0.000014 3.007887 2.013098 0.250000 0.074405
-0.000052 4.001280 1.003640 0.250000 0.045745
-0.000017 4.004053 2.006153 0.250000 0.042913
0.999774 -4.998978 1.001501 0.250000 0.009235
1.000299 -5.001419 2.002562 0.250000 0.004039
1.000112 -4.000569 1.003387 0.250000 0.032262
1.000884 -4.003522 2.005771 0.250000 0.027182
1.002118 -3.006325 1.007292 0.250000 0.034692
1.002244 -3.006701 2.011957 0.250000 0.059670
1.009052 -2.017998 1.018765 0.250000 -0.008802
1.005132 -2.010215 2.022338 0.250000 0.080450
1.021751 -1.021878 1.048670 0.250000 0.047602
1.009434 -1.009406 2.036487 0.250000 0.100849
1.028913 -0.000063 1.070639 0.250000 0.145062
1.011836 -0.000001 2.044381 0.250000 0.119693
1.021759 1.021759 1.048688 0.250000 0.051420
1.009427 1.009427 2.036469 0.250000 0.105473
1.009042 2.017908 1.018673 0.250000 -0.001655
1.005106 2.010287 2.022215 0.250000 0.089181
1.002060 3.006310 1.006995 0.250000 0.043894
1.002188 3.006779 2.011680 0.250000 0.071095
1.000077 4.000794 1.003331 0.250000 0.043643
1.000832 4.003560 2.005598 0.250000 0.039765
1.999558 -4.998910 1.001110 0.250000 0.004721
2.000425 -5.000936 2.001976 0.250000 0.000822
1.999846 -3.999757 1.002458 0.250000 0.023615
2.001251 -4.002441 2.004278 0.250000 0.017676
2.001680 -3.002572 1.005103 0.250000 0.042247
2.002980 -3.004402 2.008610 0.250000 0.046957
2.007589 -2.007684 1.009685 0.250000 0.021801
2.006141 -2.006061 2.014976 0.250000 0.071645
2.017892 -1.009160 1.018656 0.250000 -0.004951
2.010298 -1.005102 2.022225 0.250000 0.085085
2.023925 -0.000061 1.024883 0.250000 -0.004194
2.012465 -0.000007 2.025857 0.250000 0.091781
2.017908 1.009042 1.018673 0.250000 -0.001656
2.010287 1.005106 2.022215 0.250000 0.089182
2.007580 2.007580 1.009614 0.250000 0.028116
2.006098 2.006098 2.014888 0.250000 0.079446
2.001598 3.002493 1.004878 0.250000 0.050582
2.002891 3.004422 2.008415 0.250000 0.057334
1.999797 3.999832 1.002502 0.250000 0.034321
2.001170 4.002408 2.004219 0.250000 0.029395
2.999333 -4.998916 1.000689 0.250000 0.000494
3.000286 -5.000400 2.001342 0.250000 -0.001853
2.999357 -3.999221 1.001356 0.250000 0.010998
3.001003 -4.001312 2.002623 0.250000 0.006814
3.000132 -3.000195 1.002946 0.250000 0.032404
3.002368 -3.002318 2.005115 0.250000 0.027173
3.002495 -2.001717 1.004922 0.250000 0.045523
3.004467 -2.002894 2.008459 0.250000 0.050957
3.006289 -1.002177 1.006979 0.250000 0.041262
3.006790 -1.002205 2.011679 0.250000 0.067762
3.008400 -0.000059 1.008072 0.250000 0.037235
3.007887 -0.000014 2.013098 0.250000 0.074405
3.006310 1.002060 1.006995 0.250000 0.043894
3.006779 1.002188 2.011680 0.250000 0.071095
3.002493 2.001598 1.004878 0.250000 0.050581
3.004422 2.002891 2.008415 0.250000 0.057333
3.000056 3.000056 1.002818 0.250000 0.039222
3.002278 3.002278 2.005026 0.250000 0.035793
2.999321 3.999155 1.001535 0.250000 0.020295
3.000931 4.001213 2.002703 0.250000 0.016843
3.999200 -4.999083 1.000647 0.250000 0.000262
3.999990 -5.000032 2.001024 0.250000 -0.001626
3.999049 -3.999161 1.000807 0.250000 0.003408
4.000435 -4.000520 2.001537 0.250000 0.000760
3.999204 -2.999460 1.001550 0.250000 0.015225
4.001279 -3.000999 2.002692 0.250000 0.010372
3.999828 -1.999902 1.002508 0.250000 0.030647
4.002443 -2.001199 2.004217 0.250000 0.024653
4.000773 -1.000179 1.003312 0.250000 0.041724
4.003568 -1.000862 2.005585 0.250000 0.037287
4.001280 -0.000052 1.003640 0.250000 0.045745
4.004053 -0.000017 2.006153 0.250000 0.042913
4.000794 1.000077 1.003331 0.250000 0.043643
4.003560 1.000832 2.005598 0.250000 0.039764
3.999832 1.999797 1.002502 0.250000 0.034321
4.002408 2.001170 2.004219 0.250000 0.029395
3.999155 2.999321 1.001535 0.250000 0.020295
4.001213 3.000931 2.002703 0.250000 0.016843
3.999042 3.999042 1.001073 0.250000 0.010558
4.000404 4.000404 2.001722 0.250000 0.008409
0.000000 0.000000 -1.000000 0.250000 0.000000
