-4.999719 -4.999719 0.000485 0.250000 0.009239
-4.999696 -3.999712 0.000277 0.250000 0.013457
-4.999844 -2.999827 0.000237 0.250000 0.019195
-5.000183 -1.999999 0.000168 0.250000 0.023464
-5.000599 -1.000090 0.000055 0.250000 0.025210
-5.000802 -0.000042 -0.000002 0.250000 0.025775
-5.000612 1.000009 0.000045 0.250000 0.026272
-5.000179 1.999935 0.000129 0.250000 0.025034
-4.999800 2.999804 0.000225 0.250000 0.020565
-4.999694 3.999777 0.000524 0.250000 0.015294
-3.999712 -4.999696 0.000277 0.250000 0.013457
-3.999832 -3.999832 -0.000045 0.250000 0.020270
-4.000456 -3.000301 -0.000290 0.250000 0.025156
-4.001783 -2.000856 -0.000752 0.250000 0.019506
-4.003453 -1.000864 -0.001280 0.250000 0.004891
-4.004277 -0.000062 -0.001512 0.250000 -0.002967
-4.003468 1.000742 -0.001298 0.250000 0.006464
-4.001774 2.000756 -0.000822 0.250000 0.021853
-4.000397 3.000282 -0.000359 0.250000 0.026960
-3.999838 3.999979 0.000206 0.250000 0.022068
-2.999827 -4.999844 0.000237 0.250000 0.019195
-3.000301 -4.000456 -0.000290 0.250000 0.025156
-3.002059 -3.002059 -0.001073 0.250000 0.011952
-3.006052 -2.004043 -0.002131 0.250000 -0.041727
-3.011596 -1.003918 -0.002292 0.250000 -0.111062
-3.014503 -0.000072 -0.001840 0.250000 -0.139653
-3.011607 1.003780 -0.002310 0.250000 -0.109067
-3.006033 2.003944 -0.002214 0.250000 -0.038704
-3.001984 3.002104 -0.001175 0.250000 0.014146
-3.000305 4.000776 -0.000058 0.250000 0.026454
-1.999999 -5.000183 0.000168 0.250000 0.023464
-2.000856 -4.001783 -0.000752 0.250000 0.019506
-2.004043 -3.006052 -0.002131 0.250000 -0.041727
-2.012288 -2.012288 -0.000728 0.250000 -0.170424
-2.025336 -1.012740 0.011410 0.250000 -0.217352
-2.032348 -0.000079 0.022573 0.250000 -0.172090
-2.025341 1.012591 0.011392 0.250000 -0.214990
-2.012263 2.012203 -0.000820 0.250000 -0.166934
-2.003968 3.006194 -0.002251 0.250000 -0.039382
-2.000854 4.002331 -0.000519 0.250000 0.020058
-1.000090 -5.000599 0.000055 0.250000 0.025210
-1.000864 -4.003453 -0.001280 0.250000 0.004892
-1.003918 -3.011596 -0.002292 0.250000 -0.111061
-1.012740 -2.025336 0.011410 0.250000 -0.217351
-1.024281 -1.024281 0.070894 0.250000 0.190418
-1.031314 -0.000084 0.107630 0.250000 0.493508
-1.024283 1.024125 0.070874 0.250000 0.193251
-1.012722 2.025266 0.011306 0.250000 -0.213518
-1.003870 3.011827 -0.002423 0.250000 -0.108764
-1.000856 4.004203 -0.001039 0.250000 0.004631
-0.000042 -5.000802 -0.000002 0.250000 0.025774
-0.000062 -4.004277 -0.001512 0.250000 -0.002968
-0.000072 -3.014503 -0.001840 0.250000 -0.139653
-0.000079 -2.032348 0.022573 0.250000 -0.172089
-0.000084 -1.031314 0.107630 0.250000 0.493508
-0.000085 -0.000085 0.163756 0.250000 0.993719
-0.000084 1.031157 0.107607 0.250000 0.496576
-0.000081 2.032286 0.022460 0.250000 -0.168106
-0.000074 3.014770 -0.001978 0.250000 -0.137457
-0.000049 4.005106 -0.001266 0.250000 -0.003697
1.000009 -5.000612 0.000045 0.250000 0.026271
1.000742 -4.003468 -0.001298 0.250000 0.006464
1.003780 -3.011607 -0.002310 0.250000 -0.109067
1.012591 -2.025341 0.011392 0.250000 -0.214990
1.024125 -1.024283 0.070874 0.250000 0.193251
1.031157 -0.000084 0.107607 0.250000 0.496577
1.024128 1.024128 0.070851 0.250000 0.196075
1.012570 2.025273 0.011283 0.250000 -0.211223
1.003730 3.011837 -0.002447 0.250000 -0.106986
1.000764 4.004211 -0.001054 0.250000 0.005819
1.999935 -5.000179 0.000129 0.250000 0.025034
2.000756 -4.001774 -0.000822 0.250000 0.021853
2.003944 -3.006033 -0.002214 0.250000 -0.038704
2.012203 -2.012263 -0.000820 0.250000 -0.166935
2.025266 -1.012722 0.011306 0.250000 -0.213519
2.032286 -0.000081 0.022460 0.250000 -0.168106
2.025273 1.012570 0.011283 0.250000 -0.211225
2.012177 2.012177 -0.000921 0.250000 -0.163675
2.003871 3.006172 -0.002339 0.250000 -0.036854
2.000791 4.002312 -0.000571 0.250000 0.021725
2.999804 -4.999800 0.000225 0.250000 0.020565
3.000282 -4.000397 -0.000359 0.250000 0.026960
3.002104 -3.001984 -0.001175 0.250000 0.014146
3.006194 -2.003968 -0.002251 0.250000 -0.039382
3.011827 -1.003870 -0.002423 0.250000 -0.108764
3.014770 -0.000074 -0.001978 0.250000 -0.137457
3.011837 1.003730 -0.002447 0.250000 -0.106987
3.006172 2.003871 -0.002339 0.250000 -0.036854
3.002031 3.002031 -0.001265 0.250000 0.015635
3.000320 4.000712 -0.000080 0.250000 0.027585
3.999777 -4.999694 0.000524 0.250000 0.015294
3.999979 -3.999838 0.000206 0.250000 0.022068
4.000776 -3.000305 -0.000058 0.250000 0.026453
4.002331 -2.000854 -0.000519 0.250000 0.020058
4.004203 -1.000856 -0.001039 0.250000 0.004631
4.005106 -0.000049 -0.001266 0.250000 -0.003698
4.004211 1.000764 -0.001054 0.250000 0.005819
4.002312 2.000791 -0.000571 0.250000 0.021724
4.000712 3.000320 -0.000080 0.250000 0.027585
4.000003 4.000003 0.000486 0.250000 0.023161
-4.999545 -4.999545 1.000453 0.250000 0.003739
-5.000060 -5.000060 2.000732 0.250000 0.001179
-4.999505 -3.999633 1.000387 0.250000 0.004623
-5.000347 -4.000329 2.000878 0.250000 0.001397
-4.999622 -2.999792 1.000619 0.250000 0.008028
-5.000841 -3.000549 2.001320 0.250000 0.003895
-4.999878 -1.999951 1.000943 0.250000 0.012446
-5.001451 -2.000592 2.001895 0.250000 0.007963
-5.000176 -1.000034 1.001217 0.250000 0.016303
-5.001983 -1.000382 2.002388 0.250000 0.012018
-5.000314 -0.000016 1.001324 0.250000 0.018358
-5.002192 0.000032 2.002580 0.250000 0.014300
-5.000169 1.000007 1.001203 0.250000 0.018073
-5.001955 1.000448 2.002367 0.250000 0.013879
-4.999844 1.999928 1.000892 0.250000 0.015289
-5.001390 2.000651 2.001845 0.250000 0.011036
-4.999556 2.999753 1.000565 0.250000 0.010796
-5.000761 3.000569 2.001281 0.250000 0.007135
-4.999504 3.999617 1.000561 0.250000 0.007391
-5.000318 4.000311 2.000989 0.250000 0.004260
-3.999633 -4.999505 1.000387 0.250000 0.004623
-4.000329 -5.000347 2.000878 0.250000 0.001397
-3.999720 -3.999720 1.000531 0.250000 0.008818
-4.000861 -4.000861 2.001410 0.250000 0.004734
-4.000173 -3.000131 1.001171 0.250000 0.016950
-4.001771 -3.001330 2.002505 0.250000 0.012463
-4.001086 -2.000542 1.001997 0.250000 0.024190
-4.002982 -2.001470 2.003912 0.250000 0.022195
-4.002218 -1.000565 1.002737 0.250000 0.027389
-4.004133 -1.000999 2.005171 0.250000 0.030323
-4.002774 -0.000025 1.003045 0.250000 0.028564
-4.004619 0.000041 2.005681 0.250000 0.034233
-4.002212 1.000522 1.002708 0.250000 0.029938
-4.004100 1.001086 2.005127 0.250000 0.032888
-4.001044 2.000512 1.001894 0.250000 0.028253
-4.002907 2.001559 2.003804 0.250000 0.026363
-4.000084 3.000099 1.001011 0.250000 0.020607
-4.001665 3.001380 2.002366 0.250000 0.016618
-3.999707 3.999752 1.000637 0.250000 0.011868
-4.000799 4.000862 2.001435 0.250000 0.008009
-2.999792 -4.999622 1.000619 0.250000 0.008028
-3.000549 -5.000841 2.001320 0.250000 0.003895
-3.000131 -4.000173 1.001171 0.250000 0.016950
-3.001330 -4.001771 2.002505 0.250000 0.012463
-3.001336 -3.001336 1.002517 0.250000 0.026561
-3.002774 -3.002774 2.004734 0.250000 0.026770
-3.004049 -2.002723 1.004477 0.250000 0.023258
-3.004962 -2.003286 2.007786 0.250000 0.040998
-3.007862 -1.002677 1.006808 0.250000 0.009119
-3.007335 -1.002407 2.010816 0.250000 0.050767
-3.009869 -0.000025 1.008043 0.250000 0.003145
-3.008430 0.000056 2.012154 0.250000 0.055295
-3.007854 1.002640 1.006767 0.250000 0.012342
-3.007300 1.002532 2.010747 0.250000 0.053935
-3.004001 2.002719 1.004328 0.250000 0.028332
-3.004883 2.003429 2.007614 0.250000 0.046025
-3.001234 3.001373 1.002253 0.250000 0.030745
-3.002657 3.002891 2.004481 0.250000 0.031384
-3.000108 4.000335 1.001164 0.250000 0.019475
-3.001250 4.001836 2.002405 0.250000 0.015404
-1.999951 -4.999878 1.000943 0.250000 0.012446
-2.000592 -5.001451 2.001895 0.250000 0.007964
-2.000542 -4.001086 1.001997 0.250000 0.024190
-2.001470 -4.002982 2.003912 0.250000 0.022195
-2.002723 -3.004049 1.004477 0.250000 0.023259
-2.003286 -3.004962 2.007786 0.250000 0.040997
-2.008449 -2.008449 1.009661 0.250000 -0.009365
-2.006503 -2.006503 2.013797 0.250000 0.055707
-2.017596 -1.008896 1.019154 0.250000 -0.026174
-2.010544 -1.005244 2.020827 0.250000 0.068615
-2.022777 -0.000022 1.025288 0.250000 -0.014803
-2.012585 0.000072 2.024319 0.250000 0.077742
-2.017586 1.008872 1.019100 0.250000 -0.022437
-2.010514 1.005408 2.020736 0.250000 0.072205
-2.008402 2.008483 1.009466 0.250000 -0.003675
-2.006432 2.006705 2.013563 0.250000 0.061208
-2.002627 3.004181 1.004114 0.250000 0.027354
-2.003180 3.005159 2.007420 0.250000 0.045474
-2.000517 4.001428 1.001884 0.250000 0.025473
-2.001393 4.003135 2.003680 0.250000 0.024062
-1.000034 -5.000176 1.001217 0.250000 0.016303
-1.000382 -5.001983 2.002388 0.250000 0.012019
-1.000565 -4.002218 1.002737 0.250000 0.027389
-1.000999 -4.004133 2.005171 0.250000 0.030323
-1.002677 -3.007862 1.006808 0.250000 0.009120
-1.002407 -3.007335 2.010816 0.250000 0.050768
-1.008896 -2.017596 1.019154 0.250000 -0.026173
-1.005244 -2.010544 2.020827 0.250000 0.068616
-1.019617 -1.019617 1.047427 0.250000 0.081059
-1.009230 -1.009230 2.034433 0.250000 0.104928
-1.025555 -0.000018 1.067044 0.250000 0.212221
-1.011377 0.000085 2.041834 0.250000 0.135532
-1.019609 1.019606 1.047362 0.250000 0.085166
-1.009211 1.009426 2.034323 0.250000 0.108747
-1.008866 2.017665 1.018921 0.250000 -0.020201
-1.005201 2.010795 2.020546 0.250000 0.074256
-1.002617 3.008077 1.006367 0.250000 0.012753
-1.002343 3.007598 2.010363 0.250000 0.054766
-1.000544 4.002718 1.002543 0.250000 0.027207
-1.000948 4.004362 2.004837 0.250000 0.030888
-0.000016 -5.000314 1.001324 0.250000 0.018358
0.000032 -5.002192 2.002580 0.250000 0.014300
-0.000025 -4.002774 1.003045 0.250000 0.028564
0.000041 -4.004619 2.005681 0.250000 0.034234
-0.000025 -3.009869 1.008043 0.250000 0.003145
0.000056 -3.008430 2.012154 0.250000 0.055295
-0.000022 -2.022777 1.025288 0.250000 -0.014803
0.000072 -2.012585 2.024319 0.250000 0.077741
-0.000018 -1.025555 1.067044 0.250000 0.212222
0.000085 -1.011377 2.041834 0.250000 0.135531
-0.000015 -0.000015 1.095350 0.250000 0.430169
0.000091 0.000091 2.051681 0.250000 0.184595
-0.000017 1.025551 1.066972 0.250000 0.216465
0.000086 1.011586 2.041716 0.250000 0.139384
-0.000023 2.022860 1.025038 0.250000 -0.008806
0.000073 2.012854 2.024019 0.250000 0.083318
-0.000025 3.010117 1.007570 0.250000 0.006423
0.000058 3.008718 2.011667 0.250000 0.058920
-0.000013 4.003334 1.002821 0.250000 0.027562
0.000048 4.004877 2.005310 0.250000 0.034047
1.000007 -5.000169 1.001203 0.250000 0.018073
1.000448 -5.001955 2.002367 0.250000 0.013879
1.000522 -4.002212 1.002708 0.250000 0.029938
1.001086 -4.004100 2.005127 0.250000 0.032888
1.002640 -3.007854 1.006767 0.250000 0.012343
1.002532 -3.007300 2.010747 0.250000 0.053935
1.008872 -2.017586 1.019100 0.250000 -0.022438
1.005408 -2.010514 2.020736 0.250000 0.072205
1.019606 -1.019609 1.047362 0.250000 0.085167
1.009426 -1.009211 2.034323 0.250000 0.108747
1.025551 -0.000017 1.066972 0.250000 0.216465
1.011586 0.000086 2.041716 0.250000 0.139385
1.019599 1.019599 1.047294 0.250000 0.089194
1.009408 1.009408 2.034212 0.250000 0.112436
1.008841 2.017655 1.018864 0.250000 -0.016667
1.005366 2.010764 2.020454 0.250000 0.077570
1.002580 3.008066 1.006323 0.250000 0.015595
1.002470 3.007561 2.010296 0.250000 0.057498
1.000525 4.002704 1.002518 0.250000 0.029204
1.001050 4.004325 2.004800 0.250000 0.032893
1.999928 -4.999844 1.000892 0.250000 0.015289
2.000651 -5.001390 2.001845 0.250000 0.011036
2.000512 -4.001044 1.001894 0.250000 0.028253
2.001559 -4.002907 2.003804 0.250000 0.026363
2.002719 -3.004001 1.004328 0.250000 0.028332
2.003429 -3.004883 2.007614 0.250000 0.046025
2.008483 -2.008402 1.009466 0.250000 -0.003675
2.006705 -2.006432 2.013563 0.250000 0.061207
2.017665 -1.008866 1.018921 0.250000 -0.020202
2.010795 -1.005201 2.020546 0.250000 0.074257
2.022860 -0.000023 1.025038 0.250000 -0.008806
2.012854 0.000073 2.024019 0.250000 0.083319
2.017655 1.008841 1.018864 0.250000 -0.016667
2.010764 1.005366 2.020454 0.250000 0.077570
2.008434 2.008434 1.009266 0.250000 0.001546
2.006633 2.006633 2.013331 0.250000 0.066131
2.002622 3.004126 1.003965 0.250000 0.031622
2.003323 3.005074 2.007256 0.250000 0.049628
2.000513 4.001374 1.001802 0.250000 0.028502
2.001495 4.003054 2.003593 0.250000 0.027173
2.999753 -4.999556 1.000565 0.250000 0.010796
3.000569 -5.000761 2.001281 0.250000 0.007134
3.000099 -4.000084 1.001011 0.250000 0.020607
3.001380 -4.001665 2.002366 0.250000 0.016618
3.001373 -3.001234 1.002253 0.250000 0.030745
3.002891 -3.002657 2.004481 0.250000 0.031384
3.004181 -2.002627 1.004114 0.250000 0.027354
3.005159 -2.003180 2.007420 0.250000 0.045474
3.008077 -1.002617 1.006367 0.250000 0.012753
3.007598 -1.002343 2.010363 0.250000 0.054766
3.010117 -0.000025 1.007570 0.250000 0.006423
3.008718 0.000058 2.011667 0.250000 0.058919
3.008066 1.002580 1.006323 0.250000 0.015596
3.007561 1.002470 2.010296 0.250000 0.057498
3.004126 2.002622 1.003965 0.250000 0.031622
3.005074 2.003323 2.007256 0.250000 0.049629
3.001266 3.001266 1.002010 0.250000 0.033763
3.002771 3.002771 2.004252 0.250000 0.034766
3.000106 4.000243 1.001060 0.250000 0.021894
3.001315 4.001732 2.002308 0.250000 0.018181
3.999617 -4.999504 1.000561 0.250000 0.007391
4.000311 -5.000318 2.000989 0.250000 0.004260
3.999752 -3.999707 1.000637 0.250000 0.011868
4.000862 -4.000799 2.001435 0.250000 0.008008
4.000335 -3.000108 1.001164 0.250000 0.019475
4.001836 -3.001250 2.002405 0.250000 0.015404
4.001428 -2.000517 1.001884 0.250000 0.025473
4.003135 -2.001393 2.003680 0.250000 0.024062
4.002718 -1.000544 1.002543 0.250000 0.027207
4.004362 -1.000948 2.004837 0.250000 0.030888
4.003334 -0.000013 1.002821 0.250000 0.027563
4.004877 0.000048 2.005310 0.250000 0.034047
4.002704 1.000525 1.002518 0.250000 0.029203
4.004325 1.001050 2.004800 0.250000 0.032893
4.001374 2.000513 1.001802 0.250000 0.028502
4.003054 2.001495 2.003593 0.250000 0.027173
4.000243 3.000106 1.001060 0.250000 0.021894
4.001732 3.001315 2.002308 0.250000 0.018181
3.999766 3.999766 1.000796 0.250000 0.013601
4.000824 4.000824 2.001508 0.250000 0.009800
0.000000 0.000000 -1.000000 0.250000 0.000000
