-4.999729 -4.999729 0.000475 0.250000 0.009606
-4.999714 -3.999724 0.000264 0.250000 0.013875
-4.999875 -2.999841 0.000218 0.250000 0.019485
-5.000228 -2.000013 0.000145 0.250000 0.023474
-5.000652 -1.000097 0.000030 0.250000 0.024935
-5.000857 -0.000041 -0.000028 0.250000 0.025384
-5.000663 1.000019 0.000018 0.250000 0.025996
-5.000221 1.999952 0.000104 0.250000 0.025015
-4.999830 2.999824 0.000205 0.250000 0.020748
-4.999713 3.999796 0.000508 0.250000 0.015487
-3.999724 -4.999714 0.000264 0.250000 0.013875
-3.999855 -3.999855 -0.000065 0.250000 0.020599
-4.000493 -3.000325 -0.000316 0.250000 0.025004
-4.001830 -2.000875 -0.000772 0.250000 0.018634
-4.003500 -1.000873 -0.001285 0.250000 0.003437
-4.004321 -0.000062 -0.001509 0.250000 -0.004622
-4.003513 1.000753 -0.001305 0.250000 0.005020
-4.001818 2.000779 -0.000844 0.250000 0.020957
-4.000433 3.000313 -0.000386 0.250000 0.026672
-3.999863 4.000011 0.000184 0.250000 0.022079
-2.999841 -4.999875 0.000218 0.250000 0.019484
-3.000325 -4.000493 -0.000316 0.250000 0.025004
-3.002089 -3.002089 -0.001085 0.250000 0.010782
-3.006063 -2.004049 -0.002090 0.250000 -0.043856
-3.011562 -1.003905 -0.002181 0.250000 -0.113453
-3.014442 -0.000071 -0.001701 0.250000 -0.141968
-3.011572 1.003769 -0.002201 0.250000 -0.111442
-3.006042 2.003955 -0.002176 0.250000 -0.040859
-3.002013 3.002143 -0.001190 0.250000 0.012804
-3.000333 4.000824 -0.000084 0.250000 0.025888
-2.000013 -5.000228 0.000145 0.250000 0.023475
-2.000875 -4.001830 -0.000772 0.250000 0.018634
-2.004049 -3.006063 -0.002090 0.250000 -0.043856
-2.012217 -2.012217 -0.000557 0.250000 -0.172532
-2.025118 -1.012629 0.011627 0.250000 -0.217536
-2.032047 -0.000078 0.022745 0.250000 -0.170893
-2.025123 1.012484 0.011607 0.250000 -0.215156
-2.012191 2.012140 -0.000653 0.250000 -0.169077
-2.003973 3.006217 -0.002212 0.250000 -0.041721
-2.000875 4.002390 -0.000539 0.250000 0.018692
-1.000097 -5.000652 0.000030 0.250000 0.024936
-1.000873 -4.003500 -0.001285 0.250000 0.003437
-1.003905 -3.011562 -0.002181 0.250000 -0.113452
-1.012629 -2.025118 0.011627 0.250000 -0.217536
-1.024034 -1.024034 0.070704 0.250000 0.196288
-1.030982 -0.000083 0.107137 0.250000 0.502902
-1.024034 1.023883 0.070680 0.250000 0.199135
-1.012610 2.025057 0.011519 0.250000 -0.213750
-1.003856 3.011805 -0.002315 0.250000 -0.111398
-1.000866 4.004261 -0.001043 0.250000 0.002622
-0.000041 -5.000857 -0.000028 0.250000 0.025383
-0.000062 -4.004321 -0.001509 0.250000 -0.004622
-0.000071 -3.014442 -0.001701 0.250000 -0.141968
-0.000078 -2.032047 0.022745 0.250000 -0.170893
-0.000083 -1.030982 0.107137 0.250000 0.502903
-0.000083 -0.000083 0.162763 0.250000 1.008238
-0.000082 1.030830 0.107110 0.250000 0.505974
-0.000080 2.031994 0.022628 0.250000 -0.166970
-0.000072 3.014721 -0.001841 0.250000 -0.140035
-0.000048 4.005161 -0.001262 0.250000 -0.005935
1.000019 -5.000663 0.000018 0.250000 0.025996
1.000753 -4.003513 -0.001305 0.250000 0.005020
1.003769 -3.011572 -0.002201 0.250000 -0.111442
1.012484 -2.025123 0.011607 0.250000 -0.215156
1.023883 -1.024034 0.070680 0.250000 0.199134
1.030830 -0.000082 0.107110 0.250000 0.505974
1.023884 1.023884 0.070655 0.250000 0.201965
1.012462 2.025062 0.011494 0.250000 -0.211450
1.003719 3.011814 -0.002340 0.250000 -0.109623
1.000778 4.004268 -0.001060 0.250000 0.003796
1.999952 -5.000221 0.000104 0.250000 0.025015
2.000779 -4.001818 -0.000844 0.250000 0.020957
2.003955 -3.006042 -0.002176 0.250000 -0.040858
2.012140 -2.012191 -0.000653 0.250000 -0.169077
2.025057 -1.012610 0.011519 0.250000 -0.213751
2.031994 -0.000080 0.022628 0.250000 -0.166970
2.025062 1.012462 0.011494 0.250000 -0.211451
2.012111 2.012111 -0.000757 0.250000 -0.165876
2.003882 3.006191 -0.002302 0.250000 -0.039253
2.000818 4.002368 -0.000593 0.250000 0.020295
2.999824 -4.999830 0.000205 0.250000 0.020749
3.000313 -4.000433 -0.000386 0.250000 0.026673
3.002143 -3.002013 -0.001190 0.250000 0.012803
3.006217 -2.003973 -0.002212 0.250000 -0.041721
3.011805 -1.003856 -0.002315 0.250000 -0.111398
3.014721 -0.000072 -0.001841 0.250000 -0.140034
3.011814 1.003719 -0.002340 0.250000 -0.109623
3.006191 2.003882 -0.002302 0.250000 -0.039254
3.002069 3.002069 -0.001280 0.250000 0.014078
3.000354 4.000759 -0.000107 0.250000 0.026846
3.999796 -4.999713 0.000508 0.250000 0.015487
4.000011 -3.999863 0.000184 0.250000 0.022079
4.000824 -3.000333 -0.000084 0.250000 0.025889
4.002390 -2.000875 -0.000539 0.250000 0.018692
4.004261 -1.000866 -0.001043 0.250000 0.002622
4.005161 -0.000048 -0.001262 0.250000 -0.005935
4.004268 1.000778 -0.001060 0.250000 0.003796
4.002368 2.000818 -0.000593 0.250000 0.020295
4.000759 3.000354 -0.000107 0.250000 0.026846
4.000037 4.000037 0.000463 0.250000 0.022834
-4.999559 -4.999559 1.000449 0.250000 0.004044
-5.000072 -5.000072 2.000730 0.250000 0.001441
-4.999528 -3.999650 1.000382 0.250000 0.005057
-5.000363 -4.000340 2.000876 0.250000 0.001783
-4.999658 -2.999810 1.000611 0.250000 0.008463
-5.000861 -3.000558 2.001316 0.250000 0.004319
-4.999929 -1.999967 1.000930 0.250000 0.012744
-5.001476 -2.000598 2.001887 0.250000 0.008326
-5.000237 -1.000043 1.001200 0.250000 0.016426
-5.002011 -1.000384 2.002376 0.250000 0.012282
-5.000379 -0.000014 1.001306 0.250000 0.018401
-5.002221 0.000035 2.002566 0.250000 0.014506
-5.000229 1.000020 1.001185 0.250000 0.018179
-5.001982 1.000456 2.002353 0.250000 0.014097
-4.999892 1.999948 1.000877 0.250000 0.015516
-5.001413 2.000662 2.001834 0.250000 0.011283
-4.999591 2.999776 1.000554 0.250000 0.011057
-5.000781 3.000583 2.001273 0.250000 0.007343
-4.999528 3.999640 1.000554 0.250000 0.007534
-5.000334 4.000327 2.000985 0.250000 0.004338
-3.999650 -4.999528 1.000382 0.250000 0.005057
-4.000340 -5.000363 2.000876 0.250000 0.001784
-3.999749 -3.999749 1.000523 0.250000 0.009360
-4.000876 -4.000876 2.001406 0.250000 0.005259
-4.000219 -3.000163 1.001154 0.250000 0.017298
-4.001791 -3.001343 2.002493 0.250000 0.012941
-4.001151 -2.000571 1.001973 0.250000 0.024091
-4.003007 -2.001480 2.003890 0.250000 0.022454
-4.002298 -1.000582 1.002710 0.250000 0.026865
-4.004163 -1.001003 2.005141 0.250000 0.030347
-4.002857 -0.000024 1.003017 0.250000 0.027872
-4.004650 0.000043 2.005647 0.250000 0.034148
-4.002290 1.000542 1.002678 0.250000 0.029393
-4.004129 1.001096 2.005094 0.250000 0.032852
-4.001108 2.000546 1.001865 0.250000 0.028061
-4.002931 2.001575 2.003777 0.250000 0.026463
-4.000129 3.000138 1.000990 0.250000 0.020708
-4.001685 3.001399 2.002350 0.250000 0.016788
-3.999737 3.999789 1.000625 0.250000 0.011982
-4.000815 4.000882 2.001427 0.250000 0.008088
-2.999810 -4.999658 1.000611 0.250000 0.008462
-3.000558 -5.000861 2.001316 0.250000 0.004319
-3.000163 -4.000219 1.001154 0.250000 0.017298
-3.001343 -4.001791 2.002493 0.250000 0.012941
-3.001388 -3.001388 1.002491 0.250000 0.026316
-3.002793 -3.002793 2.004707 0.250000 0.027001
-3.004115 -2.002764 1.004454 0.250000 0.022265
-3.004987 -2.003300 2.007745 0.250000 0.040833
-3.007925 -1.002694 1.006799 0.250000 0.007763
-3.007362 -1.002413 2.010765 0.250000 0.050344
-3.009925 -0.000023 1.008040 0.250000 0.001743
-3.008457 0.000059 2.012098 0.250000 0.054789
-3.007916 1.002662 1.006755 0.250000 0.010958
-3.007327 1.002544 2.010694 0.250000 0.053431
-3.004065 2.002766 1.004299 0.250000 0.027210
-3.004906 2.003449 2.007568 0.250000 0.045647
-3.001285 3.001432 1.002223 0.250000 0.030165
-3.002676 3.002915 2.004450 0.250000 0.031204
-3.000142 4.000391 1.001145 0.250000 0.019250
-3.001265 4.001862 2.002389 0.250000 0.015290
-1.999967 -4.999929 1.000930 0.250000 0.012744
-2.000598 -5.001476 2.001887 0.250000 0.008326
-2.000571 -4.001151 1.001973 0.250000 0.024091
-2.001480 -4.003007 2.003890 0.250000 0.022454
-2.002764 -3.004115 1.004454 0.250000 0.022265
-2.003300 -3.004987 2.007745 0.250000 0.040832
-2.008473 -2.008473 1.009670 0.250000 -0.010640
-2.006518 -2.006518 2.013741 0.250000 0.055271
-2.017556 -1.008872 1.019180 0.250000 -0.026512
-2.010550 -1.005245 2.020759 0.250000 0.068426
-2.022692 -0.000020 1.025303 0.250000 -0.014414
-2.012583 0.000076 2.024241 0.250000 0.077776
-2.017545 1.008853 1.019122 0.250000 -0.022814
-2.010519 1.005416 2.020664 0.250000 0.071914
-2.008425 2.008515 1.009470 0.250000 -0.005116
-2.006447 2.006727 2.013502 0.250000 0.060505
-2.002668 3.004255 1.004087 0.250000 0.025940
-2.003195 3.005190 2.007374 0.250000 0.044804
-2.000548 4.001503 1.001858 0.250000 0.024670
-2.001405 4.003167 2.003656 0.250000 0.023600
-1.000044 -5.000237 1.001200 0.250000 0.016426
-1.000384 -5.002011 2.002376 0.250000 0.012282
-1.000582 -4.002298 1.002710 0.250000 0.026865
-1.001003 -4.004163 2.005141 0.250000 0.030347
-1.002694 -3.007925 1.006799 0.250000 0.007763
-1.002413 -3.007362 2.010765 0.250000 0.050344
-1.008872 -2.017556 1.019180 0.250000 -0.026511
-1.005245 -2.010550 2.020759 0.250000 0.068426
-1.019490 -1.019490 1.047346 0.250000 0.084035
-1.009211 -1.009211 2.034328 0.250000 0.105984
-1.025365 -0.000015 1.066831 0.250000 0.217233
-1.011345 0.000089 2.041698 0.250000 0.137358
-1.019481 1.019485 1.047277 0.250000 0.088089
-1.009192 1.009415 2.034214 0.250000 0.109684
-1.008841 2.017632 1.018941 0.250000 -0.020741
-1.005202 2.010807 2.020472 0.250000 0.073760
-1.002635 3.008149 1.006354 0.250000 0.010909
-1.002349 3.007631 2.010308 0.250000 0.053765
-1.000562 4.002806 1.002516 0.250000 0.025884
-1.000954 4.004398 2.004807 0.250000 0.030098
-0.000014 -5.000379 1.001306 0.250000 0.018402
0.000035 -5.002221 2.002566 0.250000 0.014506
-0.000024 -4.002857 1.003017 0.250000 0.027873
0.000043 -4.004650 2.005647 0.250000 0.034148
-0.000023 -3.009925 1.008040 0.250000 0.001743
0.000059 -3.008457 2.012098 0.250000 0.054788
-0.000020 -2.022692 1.025303 0.250000 -0.014413
0.000076 -2.012583 2.024241 0.250000 0.077776
-0.000015 -1.025365 1.066831 0.250000 0.217234
0.000089 -1.011345 2.041698 0.250000 0.137356
-0.000012 -0.000012 1.094920 0.250000 0.437960
0.000095 0.000095 2.051497 0.250000 0.187475
-0.000015 1.025368 1.066755 0.250000 0.221416
0.000089 1.011561 2.041577 0.250000 0.141087
-0.000020 2.022782 1.025047 0.250000 -0.008636
0.000076 2.012859 2.023936 0.250000 0.083029
-0.000023 3.010182 1.007563 0.250000 0.004507
0.000061 3.008751 2.011608 0.250000 0.057806
-0.000011 4.003426 1.002793 0.250000 0.026035
0.000051 4.004914 2.005276 0.250000 0.033110
1.000020 -5.000229 1.001185 0.250000 0.018179
1.000456 -5.001982 2.002353 0.250000 0.014098
1.000542 -4.002290 1.002678 0.250000 0.029393
1.001096 -4.004129 2.005094 0.250000 0.032852
1.002662 -3.007916 1.006755 0.250000 0.010957
1.002544 -3.007327 2.010694 0.250000 0.053431
1.008853 -2.017545 1.019122 0.250000 -0.022815
1.005416 -2.010519 2.020664 0.250000 0.071914
1.019485 -1.019481 1.047277 0.250000 0.088089
1.009415 -1.009192 2.034214 0.250000 0.109685
1.025368 -0.000015 1.066755 0.250000 0.221417
1.011561 0.000089 2.041577 0.250000 0.141086
1.019477 1.019477 1.047205 0.250000 0.092060
1.009396 1.009396 2.034100 0.250000 0.113251
1.008821 2.017621 1.018880 0.250000 -0.017256
1.005373 2.010775 2.020376 0.250000 0.076964
1.002602 3.008137 1.006307 0.250000 0.013710
1.002482 3.007593 2.010238 0.250000 0.056406
1.000548 4.002791 1.002489 0.250000 0.027841
1.001061 4.004360 2.004767 0.250000 0.032031
1.999948 -4.999892 1.000877 0.250000 0.015515
2.000662 -5.001413 2.001834 0.250000 0.011283
2.000546 -4.001108 1.001865 0.250000 0.028060
2.001575 -4.002931 2.003777 0.250000 0.026463
2.002766 -3.004065 1.004299 0.250000 0.027211
2.003449 -3.004906 2.007568 0.250000 0.045647
2.008515 -2.008425 1.009470 0.250000 -0.005117
2.006727 -2.006447 2.013502 0.250000 0.060505
2.017632 -1.008841 1.018941 0.250000 -0.020740
2.010807 -1.005202 2.020472 0.250000 0.073760
2.022782 -0.000020 1.025047 0.250000 -0.008636
2.012859 0.000076 2.023936 0.250000 0.083029
2.017621 1.008821 1.018880 0.250000 -0.017256
2.010775 1.005373 2.020376 0.250000 0.076965
2.008464 2.008464 1.009265 0.250000 -0.000085
2.006654 2.006654 2.013265 0.250000 0.065148
2.002670 3.004198 1.003934 0.250000 0.030054
2.003344 3.005104 2.007207 0.250000 0.048726
2.000549 4.001447 1.001773 0.250000 0.027575
2.001512 4.003085 2.003566 0.250000 0.026535
2.999776 -4.999591 1.000554 0.250000 0.011058
3.000583 -5.000781 2.001273 0.250000 0.007342
3.000138 -4.000129 1.000990 0.250000 0.020708
3.001399 -4.001685 2.002350 0.250000 0.016788
3.001432 -3.001285 1.002223 0.250000 0.030165
3.002915 -3.002676 2.004450 0.250000 0.031204
3.004255 -2.002668 1.004087 0.250000 0.025940
3.005190 -2.003195 2.007374 0.250000 0.044803
3.008149 -1.002635 1.006354 0.250000 0.010909
3.007631 -1.002349 2.010308 0.250000 0.053765
3.010182 -0.000023 1.007563 0.250000 0.004507
3.008751 0.000061 2.011608 0.250000 0.057806
3.008137 1.002602 1.006307 0.250000 0.013709
3.007593 1.002482 2.010238 0.250000 0.056406
3.004198 2.002670 1.003934 0.250000 0.030053
3.005104 2.003344 2.007207 0.250000 0.048726
3.001325 3.001325 1.001976 0.250000 0.032819
3.002795 3.002795 2.004218 0.250000 0.034160
3.000146 4.000298 1.001039 0.250000 0.021401
3.001334 4.001757 2.002290 0.250000 0.017754
3.999640 -4.999528 1.000554 0.250000 0.007534
4.000327 -5.000334 2.000985 0.250000 0.004338
3.999789 -3.999737 1.000625 0.250000 0.011982
4.000882 -4.000815 2.001427 0.250000 0.008088
4.000391 -3.000142 1.001145 0.250000 0.019249
4.001862 -3.001265 2.002389 0.250000 0.015290
4.001503 -2.000548 1.001858 0.250000 0.024670
4.003167 -2.001405 2.003656 0.250000 0.023600
4.002806 -1.000562 1.002516 0.250000 0.025884
4.004398 -1.000954 2.004807 0.250000 0.030099
4.003426 -0.000011 1.002793 0.250000 0.026034
4.004914 0.000051 2.005276 0.250000 0.033111
4.002791 1.000548 1.002489 0.250000 0.027841
4.004360 1.001061 2.004767 0.250000 0.032032
4.001447 2.000549 1.001773 0.250000 0.027574
4.003085 2.001512 2.003566 0.250000 0.026534
4.000298 3.000146 1.001039 0.250000 0.021401
4.001757 3.001334 2.002290 0.250000 0.017754
3.999804 3.999804 1.000782 0.250000 0.013291
4.000845 4.000845 2.001499 0.250000 0.009448
0.000000 0.000000 -1.000000 0.250000 0.000000
