-5.000184 -5.000184 0.001828 0.250000 0.744761
-5.000246 -4.000196 0.002021 0.250000 0.818980
-5.000322 -3.000191 0.002233 0.250000 0.906624
-5.000405 -2.000159 0.002437 0.250000 0.994801
-5.000473 -1.000091 0.002592 0.250000 1.063085
-5.000499 0.000003 0.002651 0.250000 1.090372
-5.000473 1.000098 0.002596 0.250000 1.067293
-5.000405 2.000166 0.002446 0.250000 1.003811
-5.000323 3.000198 0.002248 0.250000 0.922313
-5.000247 4.000203 0.002046 0.250000 0.843633
-4.000196 -5.000246 0.002021 0.250000 0.818980
-4.000279 -4.000279 0.002297 0.250000 0.927505
-4.000397 -3.000296 0.002630 0.250000 1.068896
-4.000540 -2.000267 0.002986 0.250000 1.226515
-4.000672 -1.000165 0.003281 0.250000 1.360632
-4.000729 0.000004 0.003401 0.250000 1.416479
-4.000672 1.000172 0.003286 0.250000 1.365664
-4.000540 2.000275 0.002997 0.250000 1.237444
-4.000397 3.000304 0.002649 0.250000 1.088452
-4.000281 4.000288 0.002328 0.250000 0.959254
-3.000191 -5.000322 0.002233 0.250000 0.906624
-3.000296 -4.000397 0.002630 0.250000 1.068896
-3.000465 -3.000465 0.003166 0.250000 1.304329
-3.000712 -2.000473 0.003830 0.250000 1.607718
-3.000982 -1.000324 0.004477 0.250000 1.910315
-3.001110 0.000004 0.004769 0.250000 2.049380
-3.000982 1.000333 0.004483 0.250000 1.916039
-3.000712 2.000482 0.003843 0.250000 1.620218
-3.000466 3.000474 0.003189 0.250000 1.326831
-3.000297 4.000407 0.002666 0.250000 1.105596
-2.000159 -5.000405 0.002437 0.250000 0.994801
-2.000267 -4.000540 0.002986 0.250000 1.226515
-2.000473 -3.000712 0.003830 0.250000 1.607718
-2.000843 -2.000843 0.005110 0.250000 2.208517
-2.001337 -1.000666 0.006731 0.250000 2.988249
-2.001586 0.000005 0.007631 0.250000 3.426897
-2.001337 1.000676 0.006737 0.250000 2.994478
-2.000843 2.000853 0.005123 0.250000 2.222141
-2.000473 3.000722 0.003855 0.250000 1.632278
-2.000269 4.000551 0.003026 0.250000 1.266563
-1.000091 -5.000473 0.002592 0.250000 1.063085
-1.000165 -4.000672 0.003281 0.250000 1.360632
-1.000324 -3.000982 0.004477 0.250000 1.910315
-1.000666 -2.001337 0.006731 0.250000 2.988249
-1.001068 -1.001068 0.010502 0.250000 4.832200
-1.001311 0.000005 0.012501 0.250000 5.815483
-1.001068 1.001078 0.010509 0.250000 4.838713
-1.000666 2.001348 0.006745 0.250000 3.002510
-1.000325 3.000994 0.004503 0.250000 1.936057
-1.000165 4.000684 0.003323 0.250000 1.402647
0.000003 -5.000499 0.002651 0.250000 1.090372
0.000004 -4.000729 0.003401 0.250000 1.416479
0.000004 -3.001110 0.004769 0.250000 2.049380
0.000005 -2.001586 0.007631 0.250000 3.426897
0.000005 -1.001311 0.012501 0.250000 5.815483
0.000005 0.000005 0.015339 0.250000 7.213993
0.000005 1.001321 0.012507 0.250000 5.822044
0.000005 2.001597 0.007645 0.250000 3.441274
0.000004 3.001122 0.004795 0.250000 2.075378
0.000004 4.000741 0.003444 0.250000 1.458984
1.000098 -5.000473 0.002596 0.250000 1.067293
1.000172 -4.000672 0.003286 0.250000 1.365664
1.000333 -3.000982 0.004483 0.250000 1.916039
1.000676 -2.001337 0.006737 0.250000 2.994478
1.001078 -1.001068 0.010509 0.250000 4.838713
1.001321 0.000005 0.012507 0.250000 5.822043
1.001078 1.001078 0.010515 0.250000 4.845075
1.000676 2.001348 0.006751 0.250000 3.008428
1.000333 3.000993 0.004508 0.250000 1.941308
1.000173 4.000684 0.003328 0.250000 1.407066
2.000166 -5.000405 0.002446 0.250000 1.003811
2.000275 -4.000540 0.002997 0.250000 1.237444
2.000482 -3.000712 0.003843 0.250000 1.620218
2.000853 -2.000843 0.005123 0.250000 2.222141
2.001348 -1.000666 0.006745 0.250000 3.002510
2.001597 0.000005 0.007645 0.250000 3.441274
2.001348 1.000676 0.006751 0.250000 3.008428
2.000853 2.000853 0.005136 0.250000 2.235111
2.000482 3.000722 0.003866 0.250000 1.643729
2.000276 4.000551 0.003035 0.250000 1.276061
3.000198 -5.000323 0.002248 0.250000 0.922313
3.000304 -4.000397 0.002649 0.250000 1.088452
3.000474 -3.000466 0.003189 0.250000 1.326831
3.000722 -2.000473 0.003855 0.250000 1.632278
3.000994 -1.000325 0.004503 0.250000 1.936057
3.001122 0.000004 0.004795 0.250000 2.075378
3.000993 1.000333 0.004508 0.250000 1.941308
3.000722 2.000482 0.003866 0.250000 1.643729
3.000475 3.000475 0.003210 0.250000 1.347488
3.000305 4.000407 0.002683 0.250000 1.122261
4.000203 -5.000247 0.002046 0.250000 0.843633
4.000288 -4.000281 0.002328 0.250000 0.959254
4.000407 -3.000297 0.002666 0.250000 1.105596
4.000551 -2.000269 0.003026 0.250000 1.266563
4.000684 -1.000165 0.003323 0.250000 1.402647
4.000741 0.000004 0.003444 0.250000 1.458984
4.000684 1.000173 0.003328 0.250000 1.407066
4.000551 2.000276 0.003035 0.250000 1.276061
4.000407 3.000305 0.002683 0.250000 1.122261
4.000289 4.000289 0.002355 0.250000 0.985644
-5.000322 -5.000322 1.001873 0.250000 0.766983
-5.000421 -5.000421 2.001926 0.250000 0.794343
-5.000423 -4.000340 1.002078 0.250000 0.848037
-5.000540 -4.000434 2.002140 0.250000 0.882110
-5.000546 -3.000330 1.002302 0.250000 0.942384
-5.000678 -3.000411 2.002370 0.250000 0.980338
-5.000675 -2.000272 1.002517 0.250000 1.036406
-5.000818 -2.000331 2.002587 0.250000 1.075860
-5.000779 -1.000156 1.002679 0.250000 1.108756
-5.000927 -1.000187 2.002747 0.250000 1.148116
-5.000820 0.000001 1.002741 0.250000 1.137493
-5.000969 -0.000000 2.002808 0.250000 1.176582
-5.000780 1.000159 1.002683 0.250000 1.112996
-5.000928 1.000187 2.002752 0.250000 1.152481
-5.000677 2.000274 1.002526 0.250000 1.045467
-5.000821 2.000330 2.002596 0.250000 1.085060
-5.000549 3.000332 1.002317 0.250000 0.957806
-5.000683 3.000410 2.002385 0.250000 0.995277
-5.000428 4.000343 1.002101 0.250000 0.871762
-5.000546 4.000435 2.002161 0.250000 0.903317
-4.000340 -5.000423 1.002078 0.250000 0.848037
-4.000434 -5.000540 2.002140 0.250000 0.882110
-4.000474 -4.000474 1.002371 0.250000 0.966857
-4.000585 -4.000585 2.002444 0.250000 1.008863
-4.000655 -3.000492 1.002722 0.250000 1.118208
-4.000775 -3.000584 2.002794 0.250000 1.161894
-4.000866 -2.000434 1.003091 0.250000 1.283540
-4.000983 -2.000494 2.003149 0.250000 1.322170
-4.001052 -1.000263 1.003392 0.250000 1.421454
-4.001156 -1.000291 2.003430 0.250000 1.451082
-4.001129 0.000002 1.003513 0.250000 1.478049
-4.001225 -0.000000 2.003540 0.250000 1.502925
-4.001053 1.000266 1.003397 0.250000 1.426486
-4.001157 1.000290 2.003435 0.250000 1.456238
-4.000868 2.000437 1.003102 0.250000 1.294437
-4.000986 2.000493 2.003160 0.250000 1.333156
-4.000658 3.000495 1.002741 0.250000 1.137200
-4.000779 3.000583 2.002812 0.250000 1.180043
-4.000479 4.000478 1.002401 0.250000 0.996965
-4.000590 4.000586 2.002470 0.250000 1.035097
-3.000330 -5.000546 1.002302 0.250000 0.942384
-3.000411 -5.000678 2.002370 0.250000 0.980338
-3.000492 -4.000655 1.002722 0.250000 1.118208
-3.000584 -4.000775 2.002794 0.250000 1.161894
-3.000738 -3.000738 1.003277 0.250000 1.364807
-3.000822 -3.000822 2.003324 0.250000 1.399338
-3.001068 -2.000712 1.003936 0.250000 1.668481
-3.001109 -2.000740 2.003913 0.250000 1.671100
-3.001400 -1.000466 1.004545 0.250000 1.954250
-3.001370 -1.000457 2.004418 0.250000 1.908230
-3.001549 0.000002 1.004808 0.250000 2.079743
-3.001480 -0.000000 2.004626 0.250000 2.007431
-3.001400 1.000469 1.004551 0.250000 1.959938
-3.001371 1.000457 2.004424 0.250000 1.914037
-3.001069 2.000715 1.003949 0.250000 1.680860
-3.001111 2.000739 2.003926 0.250000 1.683530
-3.000740 3.000741 1.003298 0.250000 1.386518
-3.000825 3.000821 2.003345 0.250000 1.419999
-3.000496 4.000659 1.002756 0.250000 1.152798
-3.000588 4.000776 2.002824 0.250000 1.191912
-2.000272 -5.000675 1.002517 0.250000 1.036406
-2.000331 -5.000818 2.002587 0.250000 1.075860
-2.000434 -4.000866 1.003091 0.250000 1.283540
-2.000494 -4.000983 2.003149 0.250000 1.322170
-2.000712 -3.001068 1.003936 0.250000 1.668481
-2.000740 -3.001109 2.003913 0.250000 1.671100
-2.001150 -2.001150 1.005105 0.250000 2.217761
-2.001070 -2.001070 2.004851 0.250000 2.111286
-2.001667 -1.000833 1.006377 0.250000 2.827626
-2.001402 -1.000701 2.005739 0.250000 2.534516
-2.001925 0.000002 1.006993 0.250000 3.126449
-2.001551 -0.000000 2.006127 0.250000 2.721926
-2.001668 1.000837 1.006383 0.250000 2.833784
-2.001403 1.000701 2.005745 0.250000 2.540786
-2.001151 2.001153 1.005118 0.250000 2.231182
-2.001071 2.001069 2.004865 0.250000 2.124727
-2.000713 3.001071 1.003960 0.250000 1.692056
-2.000742 3.001108 2.003936 0.250000 1.693488
-2.000436 4.000871 1.003128 0.250000 1.321143
-2.000497 4.000984 2.003182 0.250000 1.354754
-1.000156 -5.000779 1.002679 0.250000 1.108756
-1.000187 -5.000927 2.002747 0.250000 1.148116
-1.000263 -4.001052 1.003392 0.250000 1.421454
-1.000291 -4.001156 2.003430 0.250000 1.451082
-1.000466 -3.001400 1.004545 0.250000 1.954250
-1.000457 -3.001370 2.004418 0.250000 1.908230
-1.000833 -2.001667 1.006377 0.250000 2.827626
-1.000701 -2.001402 2.005739 0.250000 2.534516
-1.001324 -1.001324 1.008735 0.250000 3.971606
-1.000969 -1.000969 2.007104 0.250000 3.191681
-1.001571 0.000002 1.010005 0.250000 4.593296
-1.001096 -0.000000 2.007737 0.250000 3.499385
-1.001324 1.001328 1.008741 0.250000 3.978024
-1.000969 1.000968 2.007110 0.250000 3.198205
-1.000833 2.001671 1.006391 0.250000 2.841624
-1.000702 2.001401 2.005753 0.250000 2.548513
-1.000467 3.001404 1.004570 0.250000 1.978868
-1.000458 3.001369 2.004442 0.250000 1.931567
-1.000264 4.001058 1.003431 0.250000 1.460789
-1.000292 4.001157 2.003464 0.250000 1.485098
0.000001 -5.000820 1.002741 0.250000 1.137493
-0.000000 -5.000969 2.002808 0.250000 1.176582
0.000002 -4.001129 1.003513 0.250000 1.478049
-0.000000 -4.001225 2.003540 0.250000 1.502925
0.000002 -3.001549 1.004808 0.250000 2.079743
-0.000000 -3.001480 2.004626 0.250000 2.007431
0.000002 -2.001925 1.006993 0.250000 3.126449
-0.000000 -2.001551 2.006127 0.250000 2.721926
0.000002 -1.001571 1.010005 0.250000 4.593296
-0.000000 -1.001096 2.007737 0.250000 3.499385
0.000002 0.000002 1.011652 0.250000 5.401929
-0.000000 -0.000000 2.008502 0.250000 3.872139
0.000002 1.001576 1.010011 0.250000 4.599754
-0.000000 1.001096 2.007743 0.250000 3.505944
0.000002 2.001929 1.007008 0.250000 3.140543
-0.000000 2.001550 2.006141 0.250000 2.736008
0.000002 3.001553 1.004833 0.250000 2.104567
-0.000000 3.001479 2.004650 0.250000 2.030936
0.000002 4.001135 1.003553 0.250000 1.517788
0.000000 4.001227 2.003574 0.250000 1.537231
1.000159 -5.000780 1.002683 0.250000 1.112996
1.000187 -5.000928 2.002752 0.250000 1.152481
1.000266 -4.001053 1.003397 0.250000 1.426486
1.000290 -4.001157 2.003435 0.250000 1.456238
1.000469 -3.001400 1.004551 0.250000 1.959938
1.000457 -3.001371 2.004424 0.250000 1.914037
1.000837 -2.001668 1.006383 0.250000 2.833784
1.000701 -2.001403 2.005745 0.250000 2.540786
1.001328 -1.001324 1.008741 0.250000 3.978023
1.000968 -1.000969 2.007110 0.250000 3.198205
1.001576 0.000002 1.010011 0.250000 4.599754
1.001096 -0.000000 2.007743 0.250000 3.505944
1.001328 1.001328 1.008747 0.250000 3.984293
1.000969 1.000969 2.007117 0.250000 3.204576
1.000837 2.001672 1.006397 0.250000 2.847475
1.000701 2.001402 2.005759 0.250000 2.554469
1.000470 3.001404 1.004575 0.250000 1.984087
1.000458 3.001370 2.004447 0.250000 1.936896
1.000267 4.001058 1.003436 0.250000 1.465212
1.000292 4.001158 2.003468 0.250000 1.489634
2.000274 -5.000677 1.002526 0.250000 1.045467
2.000330 -5.000821 2.002596 0.250000 1.085060
2.000437 -4.000868 1.003102 0.250000 1.294437
2.000493 -4.000986 2.003160 0.250000 1.333156
2.000715 -3.001069 1.003949 0.250000 1.680860
2.000739 -3.001111 2.003926 0.250000 1.683530
2.001153 -2.001151 1.005118 0.250000 2.231182
2.001069 -2.001071 2.004865 0.250000 2.124728
2.001671 -1.000833 1.006391 0.250000 2.841624
2.001401 -1.000702 2.005753 0.250000 2.548513
2.001929 0.000002 1.007008 0.250000 3.140543
2.001550 -0.000000 2.006141 0.250000 2.736008
2.001672 1.000837 1.006397 0.250000 2.847475
2.001402 1.000701 2.005759 0.250000 2.554469
2.001154 2.001154 1.005131 0.250000 2.243955
2.001071 2.001071 2.004878 0.250000 2.137511
2.000717 3.001072 1.003971 0.250000 1.703400
2.000742 3.001110 2.003947 0.250000 1.704879
2.000439 4.000873 1.003138 0.250000 1.330631
2.000497 4.000987 2.003191 0.250000 1.364348
3.000332 -5.000549 1.002317 0.250000 0.957806
3.000410 -5.000683 2.002385 0.250000 0.995277
3.000495 -4.000658 1.002741 0.250000 1.137200
3.000583 -4.000779 2.002812 0.250000 1.180043
3.000741 -3.000740 1.003298 0.250000 1.386518
3.000821 -3.000825 2.003345 0.250000 1.419999
3.001071 -2.000713 1.003960 0.250000 1.692056
3.001108 -2.000742 2.003936 0.250000 1.693488
3.001404 -1.000467 1.004570 0.250000 1.978868
3.001369 -1.000458 2.004442 0.250000 1.931567
3.001553 0.000002 1.004833 0.250000 2.104567
3.001479 -0.000000 2.004650 0.250000 2.030936
3.001404 1.000470 1.004575 0.250000 1.984087
3.001370 1.000458 2.004447 0.250000 1.936896
3.001072 2.000717 1.003971 0.250000 1.703400
3.001110 2.000742 2.003947 0.250000 1.704879
3.000743 3.000743 1.003318 0.250000 1.406431
3.000824 3.000824 2.003363 0.250000 1.438923
3.000499 4.000662 1.002773 0.250000 1.169058
3.000588 4.000780 2.002839 0.250000 1.207577
4.000343 -5.000428 1.002101 0.250000 0.871762
4.000435 -5.000546 2.002161 0.250000 0.903317
4.000478 -4.000479 1.002401 0.250000 0.996965
4.000586 -4.000590 2.002470 0.250000 1.035097
4.000659 -3.000496 1.002756 0.250000 1.152798
4.000776 -3.000588 2.002824 0.250000 1.191912
4.000871 -2.000436 1.003128 0.250000 1.321143
4.000984 -2.000497 2.003182 0.250000 1.354754
4.001058 -1.000264 1.003431 0.250000 1.460789
4.001157 -1.000292 2.003464 0.250000 1.485098
4.001135 0.000002 1.003553 0.250000 1.517788
4.001227 0.000000 2.003574 0.250000 1.537231
4.001058 1.000267 1.003436 0.250000 1.465212
4.001158 1.000292 2.003468 0.250000 1.489634
4.000873 2.000439 1.003138 0.250000 1.330631
4.000987 2.000497 2.003191 0.250000 1.364348
4.000662 3.000499 1.002773 0.250000 1.169058
4.000780 3.000588 2.002839 0.250000 1.207577
4.000483 4.000483 1.002427 0.250000 1.022199
4.000592 4.000592 2.002492 0.250000 1.057477
0.000000 0.000000 -1.000000 0.250000 0.000000
