-5.000061 -5.000061 0.000233 0.250000 0.007646
-5.000235 -4.000112 -0.000069 0.250000 0.010442
-5.000647 -3.000241 -0.000186 0.250000 0.009811
-5.001230 -2.000338 -0.000259 0.250000 0.004348
-5.001792 -1.000262 -0.000323 0.250000 -0.002790
-5.002028 0.000001 -0.000356 0.250000 -0.006153
-5.001771 1.000273 -0.000349 0.250000 -0.003254
-5.001179 2.000380 -0.000308 0.250000 0.002271
-5.000585 3.000346 -0.000175 0.250000 0.004671
-5.000272 4.000324 0.000223 0.250000 0.002867
-4.000112 -5.000235 -0.000069 0.250000 0.010442
-4.000456 -4.000456 -0.000501 0.250000 0.011333
-4.001323 -3.000894 -0.000710 0.250000 0.001238
-4.002748 -2.001256 -0.000842 0.250000 -0.023058
-4.004312 -1.001011 -0.000882 0.250000 -0.051189
-4.005030 -0.000020 -0.000880 0.250000 -0.063848
-4.004291 1.000987 -0.000926 0.250000 -0.051375
-4.002691 2.001285 -0.000934 0.250000 -0.025221
-4.001253 3.001040 -0.000749 0.250000 -0.005479
-4.000514 4.000786 -0.000172 0.250000 0.000447
-3.000241 -5.000647 -0.000186 0.250000 0.009810
-3.000894 -4.001323 -0.000710 0.250000 0.001238
-3.002645 -3.002645 -0.000919 0.250000 -0.036502
-3.006023 -2.003973 -0.000527 0.250000 -0.107003
-3.010347 -1.003436 0.000920 0.250000 -0.173519
-3.012537 -0.000023 0.001986 0.250000 -0.196512
-3.010326 1.003413 0.000866 0.250000 -0.173493
-3.005964 2.004032 -0.000644 0.250000 -0.109243
-3.002573 3.002888 -0.000986 0.250000 -0.044518
-3.000956 4.001836 -0.000360 0.250000 -0.012724
-2.000338 -5.001230 -0.000259 0.250000 0.004348
-2.001256 -4.002748 -0.000842 0.250000 -0.023058
-2.003973 -3.006023 -0.000527 0.250000 -0.107003
-2.010227 -2.010227 0.003706 0.250000 -0.214877
-2.019656 -1.009846 0.016268 0.250000 -0.191194
-2.024639 -0.000018 0.025963 0.250000 -0.102116
-2.019637 1.009839 0.016208 0.250000 -0.191053
-2.010175 2.010333 0.003575 0.250000 -0.217320
-2.003907 3.006383 -0.000603 0.250000 -0.116151
-2.001301 4.003472 -0.000455 0.250000 -0.039458
-1.000262 -5.001792 -0.000323 0.250000 -0.002790
-1.001011 -4.004312 -0.000882 0.250000 -0.051189
-1.003436 -3.010347 0.000920 0.250000 -0.173518
-1.009846 -2.019656 0.016268 0.250000 -0.191193
-1.018043 -1.018043 0.064535 0.250000 0.403230
-1.023018 -0.000013 0.093267 0.250000 0.808880
-1.018032 1.018053 0.064464 0.250000 0.403434
-1.009814 2.019802 0.016123 0.250000 -0.193948
-1.003393 3.010805 0.000843 0.250000 -0.183597
-1.001024 4.005208 -0.000456 0.250000 -0.069327
0.000001 -5.002028 -0.000356 0.250000 -0.006153
-0.000020 -4.005030 -0.000880 0.250000 -0.063848
-0.000023 -3.012537 0.001986 0.250000 -0.196513
-0.000018 -2.024639 0.025963 0.250000 -0.102115
-0.000013 -1.023018 0.093268 0.250000 0.808880
-0.000010 -0.000010 0.136406 0.250000 1.455251
-0.000013 1.023034 0.093191 0.250000 0.809046
-0.000019 2.024800 0.025810 0.250000 -0.105145
-0.000017 3.013032 0.001910 0.250000 -0.207127
0.000007 4.005992 -0.000433 0.250000 -0.082831
1.000273 -5.001771 -0.000349 0.250000 -0.003254
1.000987 -4.004291 -0.000926 0.250000 -0.051375
1.003413 -3.010326 0.000866 0.250000 -0.173495
1.009839 -2.019637 0.016208 0.250000 -0.191053
1.018053 -1.018032 0.064464 0.250000 0.403434
1.023034 -0.000013 0.093191 0.250000 0.809045
1.018040 1.018040 0.064393 0.250000 0.403483
1.009805 2.019781 0.016063 0.250000 -0.194136
1.003381 3.010780 0.000794 0.250000 -0.184086
1.001053 4.005182 -0.000484 0.250000 -0.070108
2.000380 -5.001179 -0.000308 0.250000 0.002271
2.001285 -4.002691 -0.000934 0.250000 -0.025222
2.004032 -3.005964 -0.000644 0.250000 -0.109244
2.010333 -2.010175 0.003575 0.250000 -0.217320
2.019802 -1.009814 0.016123 0.250000 -0.193948
2.024800 -0.000019 0.025810 0.250000 -0.105145
2.019781 1.009805 0.016063 0.250000 -0.194136
2.010278 2.010278 0.003447 0.250000 -0.220418
2.003974 3.006319 -0.000706 0.250000 -0.119278
2.001378 4.003406 -0.000508 0.250000 -0.042416
3.000346 -5.000585 -0.000175 0.250000 0.004671
3.001040 -4.001253 -0.000749 0.250000 -0.005479
3.002888 -3.002573 -0.000986 0.250000 -0.044518
3.006383 -2.003907 -0.000603 0.250000 -0.116151
3.010805 -1.003393 0.000843 0.250000 -0.183598
3.013032 -0.000017 0.001910 0.250000 -0.207126
3.010780 1.003381 0.000794 0.250000 -0.184086
3.006319 2.003974 -0.000706 0.250000 -0.119279
3.002816 3.002816 -0.001018 0.250000 -0.053373
3.001131 4.001760 -0.000336 0.250000 -0.019635
4.000324 -5.000272 0.000223 0.250000 0.002867
4.000786 -4.000514 -0.000172 0.250000 0.000447
4.001836 -3.000956 -0.000360 0.250000 -0.012724
4.003472 -2.001301 -0.000455 0.250000 -0.039458
4.005208 -1.001024 -0.000456 0.250000 -0.069327
4.005992 0.000007 -0.000433 0.250000 -0.082831
4.005182 1.001053 -0.000484 0.250000 -0.070108
4.003406 2.001378 -0.000508 0.250000 -0.042416
4.001760 3.001131 -0.000336 0.250000 -0.019635
4.000848 4.000848 0.000195 0.250000 -0.009676
-4.999960 -4.999960 1.000343 0.250000 0.001014
-5.000353 -5.000353 2.000691 0.250000 -0.002328
-5.000126 -4.000107 1.000234 0.250000 0.003020
-5.000723 -4.000617 2.000808 0.250000 -0.000550
-5.000526 -3.000286 1.000404 0.250000 0.003962
-5.001314 -3.000809 2.001193 0.250000 0.001271
-5.001078 -2.000371 1.000678 0.250000 0.002700
-5.002017 -2.000786 2.001701 0.250000 0.002378
-5.001592 -1.000262 1.000922 0.250000 0.000580
-5.002613 -1.000469 2.002135 0.250000 0.002863
-5.001800 0.000030 1.001011 0.250000 -0.000441
-5.002839 0.000076 2.002296 0.250000 0.002838
-5.001559 1.000326 1.000883 0.250000 0.000176
-5.002572 1.000618 2.002094 0.250000 0.001987
-5.001009 2.000438 1.000602 0.250000 0.000570
-5.001944 2.000916 2.001631 0.250000 -0.000363
-5.000455 3.000345 1.000360 0.250000 -0.001605
-5.001246 3.000895 2.001161 0.250000 -0.004437
-5.000171 4.000208 1.000449 0.250000 -0.005158
-5.000736 4.000676 2.000959 0.250000 -0.008594
-4.000107 -5.000126 1.000234 0.250000 0.003020
-4.000617 -5.000723 2.000808 0.250000 -0.000550
-4.000459 -4.000459 1.000271 0.250000 0.006949
-4.001232 -4.001232 2.001238 0.250000 0.004282
-4.001277 -3.000918 1.000793 0.250000 0.007711
-4.002244 -3.001668 2.002178 0.250000 0.009395
-4.002551 -2.001210 1.001580 0.250000 0.002876
-4.003552 -2.001723 2.003424 0.250000 0.013327
-4.003904 -1.000923 1.002360 0.250000 -0.004181
-4.004761 -1.001113 2.004558 0.250000 0.015874
-4.004512 0.000024 1.002689 0.250000 -0.007417
-4.005259 0.000090 2.005011 0.250000 0.016664
-4.003870 1.000979 1.002293 0.250000 -0.004416
-4.004717 1.001292 2.004485 0.250000 0.014844
-4.002476 2.001283 1.001437 0.250000 0.000335
-4.003470 2.001887 2.003287 0.250000 0.009724
-4.001193 3.001005 1.000651 0.250000 -0.000098
-4.002160 3.001784 2.002058 0.250000 0.001351
-4.000507 4.000628 1.000455 0.250000 -0.005297
-4.001228 4.001314 2.001336 0.250000 -0.007475
-3.000286 -5.000526 1.000404 0.250000 0.003962
-3.000809 -5.001314 2.001193 0.250000 0.001271
-3.000918 -4.001277 1.000793 0.250000 0.007711
-3.001668 -4.002244 2.002178 0.250000 0.009395
-3.002473 -3.002473 1.002078 0.250000 0.002739
-3.003200 -3.003200 2.004143 0.250000 0.018081
-3.005324 -2.003521 1.004285 0.250000 -0.014151
-3.005430 -2.003574 2.006953 0.250000 0.025992
-3.008862 -1.002933 1.006997 0.250000 -0.030457
-3.007747 -1.002502 2.009801 0.250000 0.033688
-3.010616 0.000031 1.008366 0.250000 -0.035069
-3.008784 0.000110 2.011049 0.250000 0.037442
-3.008829 1.003011 1.006906 0.250000 -0.030638
-3.007705 1.002725 2.009697 0.250000 0.032401
-3.005251 2.003637 1.004086 0.250000 -0.017269
-3.005351 2.003793 2.006751 0.250000 0.021322
-3.002389 3.002639 1.001848 0.250000 -0.007448
-3.003114 3.003377 2.003928 0.250000 0.007393
-3.000963 4.001572 1.000917 0.250000 -0.008869
-3.001653 4.002382 2.002198 0.250000 -0.006489
-2.000371 -5.001078 1.000678 0.250000 0.002700
-2.000786 -5.002017 2.001701 0.250000 0.002378
-2.001210 -4.002551 1.001580 0.250000 0.002875
-2.001723 -4.003552 2.003424 0.250000 0.013327
-2.003521 -3.005324 1.004285 0.250000 -0.014152
-2.003574 -3.005430 2.006953 0.250000 0.025992
-2.008581 -2.008581 1.010199 0.250000 -0.038314
-2.006652 -2.006652 2.012636 0.250000 0.044068
-2.015924 -1.007976 1.019721 0.250000 -0.014406
-2.010285 -1.005080 2.019237 0.250000 0.073990
-2.019920 0.000043 1.025357 0.250000 0.021928
-2.012052 0.000131 2.022434 0.250000 0.092704
-2.015897 1.008084 1.019611 0.250000 -0.014664
-2.010251 1.005349 2.019107 0.250000 0.072367
-2.008520 2.008751 1.009954 0.250000 -0.042202
-2.006587 2.006929 2.012378 0.250000 0.038233
-2.003448 3.005587 1.003982 0.250000 -0.026771
-2.003502 3.005675 2.006655 0.250000 0.012634
-2.001243 4.002999 1.001658 0.250000 -0.017740
-2.001706 4.003760 2.003371 0.250000 -0.006563
-1.000262 -5.001592 1.000922 0.250000 0.000580
-1.000469 -5.002613 2.002135 0.250000 0.002863
-1.000923 -4.003904 1.002360 0.250000 -0.004181
-1.001113 -4.004761 2.004558 0.250000 0.015874
-1.002933 -3.008862 1.006997 0.250000 -0.030457
-1.002502 -3.007747 2.009801 0.250000 0.033689
-1.007976 -2.015924 1.019721 0.250000 -0.014406
-1.005080 -2.010285 2.019237 0.250000 0.073989
-1.016063 -1.016063 1.044470 0.250000 0.203270
-1.008451 -1.008451 2.031568 0.250000 0.158510
-1.020437 0.000054 1.060454 0.250000 0.396562
-1.010195 0.000146 2.038017 0.250000 0.214927
-1.016047 1.016197 1.044344 0.250000 0.202866
-1.008432 1.008754 2.031420 0.250000 0.156569
-1.007941 2.016138 1.019441 0.250000 -0.019059
-1.005044 2.010605 2.018940 0.250000 0.067163
-1.002889 3.009203 1.006644 0.250000 -0.045109
-1.002460 3.008045 2.009446 0.250000 0.018193
-1.000933 4.004478 1.002412 0.250000 -0.027926
-1.001100 4.005027 2.004455 0.250000 -0.007132
0.000030 -5.001800 1.001011 0.250000 -0.000441
0.000076 -5.002839 2.002296 0.250000 0.002838
0.000024 -4.004512 1.002689 0.250000 -0.007417
0.000090 -4.005259 2.005011 0.250000 0.016664
0.000031 -3.010616 1.008366 0.250000 -0.035068
0.000110 -3.008784 2.011049 0.250000 0.037442
0.000043 -2.019920 1.025357 0.250000 0.021928
0.000131 -2.012052 2.022434 0.250000 0.092705
0.000054 -1.020437 1.060454 0.250000 0.396560
0.000146 -1.010195 2.038017 0.250000 0.214927
0.000059 0.000059 1.082924 0.250000 0.696970
0.000151 0.000151 2.046408 0.250000 0.297909
0.000053 1.020582 1.060322 0.250000 0.396024
0.000144 1.010511 2.037863 0.250000 0.212802
0.000041 2.020148 1.025065 0.250000 0.016830
0.000128 2.012387 2.022125 0.250000 0.085387
0.000034 3.010986 1.007997 0.250000 -0.050695
0.000109 3.009101 2.010677 0.250000 0.020986
0.000042 4.005133 1.002737 0.250000 -0.032568
0.000096 4.005545 2.004895 0.250000 -0.007680
1.000326 -5.001559 1.000883 0.250000 0.000175
1.000618 -5.002572 2.002094 0.250000 0.001986
1.000979 -4.003870 1.002293 0.250000 -0.004416
1.001292 -4.004717 2.004485 0.250000 0.014844
1.003011 -3.008829 1.006906 0.250000 -0.030638
1.002725 -3.007705 2.009697 0.250000 0.032401
1.008084 -2.015897 1.019611 0.250000 -0.014664
1.005349 -2.010251 2.019107 0.250000 0.072366
1.016197 -1.016047 1.044344 0.250000 0.202865
1.008754 -1.008432 2.031420 0.250000 0.156569
1.020582 0.000053 1.060322 0.250000 0.396025
1.010511 0.000144 2.037863 0.250000 0.212801
1.016179 1.016179 1.044220 0.250000 0.202281
1.008732 1.008732 2.031275 0.250000 0.154463
1.008045 2.016107 1.019335 0.250000 -0.019678
1.005308 2.010567 2.018817 0.250000 0.065240
1.002970 3.009165 1.006562 0.250000 -0.045812
1.002681 3.007997 2.009355 0.250000 0.016509
1.001024 4.004437 1.002364 0.250000 -0.028756
1.001289 4.004979 2.004401 0.250000 -0.008573
2.000438 -5.001009 1.000602 0.250000 0.000570
2.000916 -5.001944 2.001631 0.250000 -0.000363
2.001283 -4.002476 1.001437 0.250000 0.000335
2.001887 -4.003470 2.003287 0.250000 0.009724
2.003637 -3.005251 1.004086 0.250000 -0.017269
2.003793 -3.005351 2.006751 0.250000 0.021322
2.008751 -2.008520 1.009954 0.250000 -0.042202
2.006929 -2.006587 2.012378 0.250000 0.038233
2.016138 -1.007941 1.019441 0.250000 -0.019060
2.010605 -1.005044 2.018940 0.250000 0.067164
2.020148 0.000041 1.025065 0.250000 0.016830
2.012387 0.000128 2.022125 0.250000 0.085387
2.016107 1.008045 1.019335 0.250000 -0.019678
2.010567 1.005308 2.018817 0.250000 0.065239
2.008684 2.008684 1.009718 0.250000 -0.046772
2.006856 2.006856 2.012137 0.250000 0.031864
2.003565 3.005504 1.003806 0.250000 -0.030764
2.003715 3.005587 2.006483 0.250000 0.007343
2.001347 4.002914 1.001562 0.250000 -0.021064
2.001879 4.003673 2.003278 0.250000 -0.010688
3.000345 -5.000455 1.000360 0.250000 -0.001605
3.000895 -5.001246 2.001161 0.250000 -0.004437
3.001005 -4.001193 1.000651 0.250000 -0.000098
3.001784 -4.002160 2.002058 0.250000 0.001351
3.002639 -3.002389 1.001848 0.250000 -0.007449
3.003377 -3.003114 2.003928 0.250000 0.007393
3.005587 -2.003448 1.003982 0.250000 -0.026771
3.005675 -2.003502 2.006655 0.250000 0.012634
3.009203 -1.002889 1.006644 0.250000 -0.045109
3.008045 -1.002460 2.009446 0.250000 0.018192
3.010986 0.000034 1.007997 0.250000 -0.050695
3.009101 0.000109 2.010677 0.250000 0.020986
3.009165 1.002970 1.006562 0.250000 -0.045812
3.007997 1.002681 2.009355 0.250000 0.016509
3.005504 2.003565 1.003806 0.250000 -0.030763
3.005587 2.003715 2.006483 0.250000 0.007343
3.002549 3.002549 1.001667 0.250000 -0.018436
3.003285 3.003285 2.003764 0.250000 -0.003820
3.001075 4.001486 1.000855 0.250000 -0.016844
3.001781 4.002300 2.002144 0.250000 -0.014645
4.000208 -5.000171 1.000449 0.250000 -0.005158
4.000676 -5.000736 2.000959 0.250000 -0.008594
4.000628 -4.000507 1.000455 0.250000 -0.005297
4.001314 -4.001228 2.001336 0.250000 -0.007475
4.001572 -3.000963 1.000917 0.250000 -0.008869
4.002382 -3.001653 2.002198 0.250000 -0.006489
4.002999 -2.001243 1.001658 0.250000 -0.017739
4.003760 -2.001706 2.003371 0.250000 -0.006562
4.004478 -1.000933 1.002412 0.250000 -0.027927
4.005027 -1.001100 2.004455 0.250000 -0.007132
4.005133 0.000042 1.002737 0.250000 -0.032569
4.005545 0.000096 2.004895 0.250000 -0.007680
4.004437 1.001024 1.002364 0.250000 -0.028755
4.004979 1.001289 2.004401 0.250000 -0.008573
4.002914 2.001347 1.001562 0.250000 -0.021064
4.003673 2.001879 2.003278 0.250000 -0.010687
4.001486 3.001075 1.000855 0.250000 -0.016844
4.002300 3.001781 2.002144 0.250000 -0.014646
4.000693 4.000693 1.000707 0.250000 -0.016711
4.001329 4.001329 2.001501 0.250000 -0.018631
0.000000 0.000000 -1.000000 0.250000 0.000000
