-5.000375 -5.000375 0.002768 0.250000 0.154302
-5.000510 -4.000401 0.003019 0.250000 0.153804
-5.000686 -3.000396 0.003350 0.250000 0.175607
-5.000878 -2.000330 0.003703 0.250000 0.209731
-5.001038 -1.000185 0.003984 0.250000 0.241492
-5.001101 0.000022 0.004101 0.250000 0.256783
-5.001037 1.000229 0.004011 0.250000 0.249559
-5.000878 2.000375 0.003761 0.250000 0.227429
-5.000689 3.000442 0.003454 0.250000 0.207968
-5.000521 4.000449 0.003187 0.250000 0.207531
-4.000401 -5.000510 0.003019 0.250000 0.153804
-4.000586 -4.000586 0.003398 0.250000 0.160949
-4.000857 -3.000631 0.003952 0.250000 0.208678
-4.001196 -2.000578 0.004606 0.250000 0.284489
-4.001512 -1.000355 0.005180 0.250000 0.359901
-4.001647 0.000025 0.005425 0.250000 0.395161
-4.001511 1.000404 0.005212 0.250000 0.369282
-4.001196 2.000630 0.004676 0.250000 0.305480
-4.000860 3.000687 0.004081 0.250000 0.248526
-4.000598 4.000646 0.003614 0.250000 0.229933
-3.000396 -5.000686 0.003350 0.250000 0.175607
-3.000631 -4.000857 0.003952 0.250000 0.208678
-3.001029 -3.001029 0.004920 0.250000 0.315729
-3.001622 -2.001069 0.006236 0.250000 0.497169
-3.002280 -1.000739 0.007593 0.250000 0.705313
-3.002593 0.000028 0.008230 0.250000 0.809062
-3.002279 1.000795 0.007629 0.250000 0.715877
-3.001621 2.001128 0.006315 0.250000 0.521008
-3.001031 3.001094 0.005067 0.250000 0.361434
-3.000643 4.000929 0.004202 0.250000 0.288426
-2.000330 -5.000878 0.003703 0.250000 0.209731
-2.000578 -4.001196 0.004606 0.250000 0.284489
-2.001069 -3.001622 0.006236 0.250000 0.497169
-2.001971 -2.001971 0.008952 0.250000 0.922919
-2.003191 -1.001580 0.012606 0.250000 1.555155
-2.003808 0.000030 0.014700 0.250000 1.934227
-2.003191 1.001642 0.012645 0.250000 1.566609
-2.001971 2.002038 0.009038 0.250000 0.948884
-2.001071 3.001696 0.006397 0.250000 0.547148
-2.000588 4.001278 0.004880 0.250000 0.371818
-1.000185 -5.001038 0.003984 0.250000 0.241492
-1.000355 -4.001512 0.005180 0.250000 0.359901
-1.000739 -3.002280 0.007593 0.250000 0.705313
-1.001580 -2.003191 0.012606 0.250000 1.555155
-1.002578 -1.002578 0.021482 0.250000 3.191385
-1.003181 0.000032 0.026256 0.250000 4.089111
-1.002578 1.002644 0.021522 0.250000 3.203318
-1.001580 2.003263 0.012697 0.250000 1.582359
-1.000740 3.002360 0.007763 0.250000 0.757888
-1.000360 4.001601 0.005468 0.250000 0.451957
0.000022 -5.001101 0.004101 0.250000 0.256782
0.000025 -4.001647 0.005425 0.250000 0.395161
0.000028 -3.002593 0.008230 0.250000 0.809061
0.000030 -2.003808 0.014700 0.250000 1.934226
0.000032 -1.003181 0.026256 0.250000 4.089111
0.000032 0.000032 0.033069 0.250000 5.379508
0.000032 1.003248 0.026297 0.250000 4.101137
0.000030 2.003880 0.014792 0.250000 1.961705
0.000027 3.002675 0.008401 0.250000 0.862346
0.000024 4.001738 0.005717 0.250000 0.488655
1.000229 -5.001037 0.004011 0.250000 0.249559
1.000404 -4.001511 0.005212 0.250000 0.369282
1.000795 -3.002279 0.007629 0.250000 0.715877
1.001642 -2.003191 0.012645 0.250000 1.566609
1.002644 -1.002578 0.021522 0.250000 3.203318
1.003248 0.000032 0.026297 0.250000 4.101137
1.002643 1.002643 0.021562 0.250000 3.215053
1.001641 2.003261 0.012734 0.250000 1.593396
1.000795 3.002358 0.007796 0.250000 0.767828
1.000408 4.001599 0.005496 0.250000 0.460579
2.000375 -5.000878 0.003761 0.250000 0.227429
2.000630 -4.001196 0.004676 0.250000 0.305481
2.001128 -3.001621 0.006315 0.250000 0.521008
2.002038 -2.001971 0.009038 0.250000 0.948885
2.003263 -1.001580 0.012697 0.250000 1.582358
2.003880 0.000030 0.014792 0.250000 1.961705
2.003261 1.001641 0.012734 0.250000 1.593396
2.002036 2.002036 0.009121 0.250000 0.973944
2.001129 3.001694 0.006471 0.250000 0.569519
2.000637 4.001276 0.004941 0.250000 0.390828
3.000442 -5.000689 0.003454 0.250000 0.207968
3.000687 -4.000860 0.004081 0.250000 0.248526
3.001094 -3.001031 0.005067 0.250000 0.361434
3.001696 -2.001071 0.006397 0.250000 0.547148
3.002360 -1.000740 0.007763 0.250000 0.757888
3.002675 0.000027 0.008401 0.250000 0.862346
3.002358 1.000795 0.007796 0.250000 0.767828
3.001694 2.001129 0.006471 0.250000 0.569519
3.001094 3.001094 0.005204 0.250000 0.404350
3.000695 4.000929 0.004314 0.250000 0.323526
4.000449 -5.000521 0.003187 0.250000 0.207531
4.000646 -4.000598 0.003614 0.250000 0.229933
4.000929 -3.000643 0.004202 0.250000 0.288426
4.001278 -2.000588 0.004880 0.250000 0.371819
4.001601 -1.000360 0.005468 0.250000 0.451958
4.001738 0.000024 0.005717 0.250000 0.488654
4.001599 1.000408 0.005496 0.250000 0.460579
4.001276 2.000637 0.004941 0.250000 0.390829
4.000929 3.000695 0.004314 0.250000 0.323526
4.000654 4.000654 0.003796 0.250000 0.288735
-5.000570 -5.000570 1.002875 0.250000 0.173850
-5.000729 -5.000729 2.003012 0.250000 0.201465
-5.000767 -4.000625 1.003163 0.250000 0.182209
-5.000958 -4.000783 2.003341 0.250000 0.221457
-5.001023 -3.000628 1.003531 0.250000 0.212603
-5.001240 -3.000769 2.003733 0.250000 0.259018
-5.001302 -2.000530 1.003916 0.250000 0.254439
-5.001535 -2.000636 2.004131 0.250000 0.305385
-5.001530 -1.000306 1.004220 0.250000 0.291914
-5.001769 -1.000366 2.004439 0.250000 0.345350
-5.001621 0.000010 1.004345 0.250000 0.309311
-5.001862 0.000000 2.004565 0.250000 0.363601
-5.001534 1.000325 1.004247 0.250000 0.299966
-5.001776 1.000365 2.004467 0.250000 0.353801
-5.001311 2.000547 1.003974 0.250000 0.272104
-5.001550 2.000634 2.004190 0.250000 0.323639
-5.001042 3.000643 1.003632 0.250000 0.244128
-5.001267 3.000766 2.003832 0.250000 0.289827
-5.000801 4.000647 1.003324 0.250000 0.233555
-5.000999 4.000789 2.003485 0.250000 0.267151
-4.000625 -5.000767 1.003163 0.250000 0.182209
-4.000783 -5.000958 2.003341 0.250000 0.221457
-4.000899 -4.000899 1.003600 0.250000 0.204111
-4.001088 -4.001088 2.003832 0.250000 0.260058
-4.001289 -3.000973 1.004212 0.250000 0.266603
-4.001491 -3.001132 2.004464 0.250000 0.331425
-4.001760 -2.000884 1.004914 0.250000 0.355413
-4.001947 -2.000988 2.005153 0.250000 0.422737
-4.002182 -1.000542 1.005515 0.250000 0.439415
-4.002332 -1.000592 2.005720 0.250000 0.504454
-4.002359 0.000011 1.005767 0.250000 0.477390
-4.002489 -0.000000 2.005953 0.250000 0.540559
-4.002185 1.000564 1.005546 0.250000 0.448684
-4.002338 1.000590 2.005752 0.250000 0.514197
-4.001767 2.000902 1.004983 0.250000 0.376129
-4.001960 2.000984 2.005223 0.250000 0.444103
-4.001306 3.000989 1.004336 0.250000 0.304813
-4.001515 3.001126 2.004583 0.250000 0.368352
-4.000930 4.000925 1.003804 0.250000 0.268878
-4.001124 4.001092 2.004009 0.250000 0.316190
-3.000628 -5.001023 1.003531 0.250000 0.212603
-3.000769 -5.001240 2.003733 0.250000 0.259017
-3.000973 -4.001289 1.004212 0.250000 0.266604
-3.001132 -4.001491 2.004464 0.250000 0.331425
-3.001521 -3.001521 1.005251 0.250000 0.394222
-3.001654 -3.001654 2.005479 0.250000 0.462950
-3.002279 -2.001519 1.006589 0.250000 0.587699
-3.002301 -2.001540 2.006683 0.250000 0.640370
-3.003055 -1.001013 1.007880 0.250000 0.790366
-3.002899 -1.000971 2.007757 0.250000 0.809608
-3.003407 0.000012 1.008457 0.250000 0.885380
-3.003153 -0.000001 2.008213 0.250000 0.884976
-3.003057 1.001036 1.007915 0.250000 0.800692
-3.002903 1.000968 2.007793 0.250000 0.820425
-3.002285 2.001540 1.006666 0.250000 0.610957
-3.002311 2.001534 2.006762 0.250000 0.664262
-3.001534 3.001540 1.005392 0.250000 0.437580
-3.001672 3.001646 2.005614 0.250000 0.504650
-3.000998 4.001320 1.004446 0.250000 0.340785
-3.001161 4.001496 2.004666 0.250000 0.395381
-2.000530 -5.001302 1.003916 0.250000 0.254439
-2.000636 -5.001535 2.004131 0.250000 0.305385
-2.000884 -4.001760 1.004914 0.250000 0.355413
-2.000988 -4.001947 2.005153 0.250000 0.422737
-2.001519 -3.002279 1.006589 0.250000 0.587699
-2.001540 -3.002301 2.006683 0.250000 0.640370
-2.002548 -2.002548 1.009083 0.250000 0.983873
-2.002299 -2.002299 2.008680 0.250000 0.956831
-2.003787 -1.001888 1.011927 0.250000 1.469334
-2.003075 -1.001539 2.010641 0.250000 1.286090
-2.004407 0.000014 1.013340 0.250000 1.719639
-2.003427 -0.000000 2.011521 0.250000 1.438892
-2.003788 1.001914 1.011964 0.250000 1.480438
-2.003078 1.001537 2.010680 0.250000 1.297679
-2.002552 2.002572 1.009167 0.250000 1.008970
-2.002306 2.002293 2.008766 0.250000 0.982515
-2.001527 3.002302 1.006742 0.250000 0.634676
-2.001552 3.002293 2.006829 0.250000 0.685387
-2.000901 4.001795 1.005168 0.250000 0.436118
-2.001008 4.001952 2.005372 0.250000 0.492077
-1.000306 -5.001530 1.004220 0.250000 0.291914
-1.000366 -5.001769 2.004439 0.250000 0.345351
-1.000542 -4.002182 1.005515 0.250000 0.439414
-1.000592 -4.002332 2.005720 0.250000 0.504455
-1.001013 -3.003055 1.007880 0.250000 0.790367
-1.000971 -3.002899 2.007757 0.250000 0.809608
-1.001888 -2.003787 1.011927 0.250000 1.469335
-1.001539 -2.003075 2.010641 0.250000 1.286090
-1.003078 -1.003078 1.017367 0.250000 2.444371
-1.002173 -1.002173 2.013731 0.250000 1.824299
-1.003683 0.000015 1.020360 0.250000 2.996449
-1.002477 -0.000000 2.015193 0.250000 2.086502
-1.003079 1.003107 1.017406 0.250000 2.455910
-1.002174 1.002171 2.013771 0.250000 1.836322
-1.001889 2.003813 1.012014 0.250000 1.495487
-1.001542 2.003070 2.010730 0.250000 1.312783
-1.001017 3.003081 1.008040 0.250000 0.839468
-1.000977 3.002891 2.007909 0.250000 0.856516
-1.000551 4.002222 1.005781 0.250000 0.524074
-1.000601 4.002338 2.005949 0.250000 0.576926
0.000010 -5.001621 1.004345 0.250000 0.309311
0.000000 -5.001862 2.004565 0.250000 0.363601
0.000011 -4.002359 1.005767 0.250000 0.477390
-0.000000 -4.002489 2.005953 0.250000 0.540559
0.000012 -3.003407 1.008457 0.250000 0.885381
-0.000001 -3.003153 2.008213 0.250000 0.884977
0.000014 -2.004407 1.013340 0.250000 1.719638
-0.000000 -2.003427 2.011521 0.250000 1.438892
0.000015 -1.003683 1.020360 0.250000 2.996448
-0.000000 -1.002477 2.015193 0.250000 2.086502
0.000015 0.000015 1.024272 0.250000 3.726188
0.000000 0.000000 2.016973 0.250000 2.408819
0.000015 1.003712 1.020399 0.250000 3.008068
0.000000 1.002476 2.015234 0.250000 2.098608
0.000014 2.004435 1.013428 0.250000 1.746025
0.000000 2.003422 2.011610 0.250000 1.465798
0.000013 3.003434 1.008619 0.250000 0.935028
0.000001 3.003147 2.008366 0.250000 0.932328
0.000012 4.002400 1.006036 0.250000 0.563205
0.000001 4.002496 2.006184 0.250000 0.613848
1.000325 -5.001534 1.004247 0.250000 0.299966
1.000365 -5.001776 2.004467 0.250000 0.353802
1.000564 -4.002185 1.005546 0.250000 0.448684
1.000590 -4.002338 2.005752 0.250000 0.514197
1.001036 -3.003057 1.007915 0.250000 0.800692
1.000968 -3.002903 2.007793 0.250000 0.820425
1.001914 -2.003788 1.011964 0.250000 1.480438
1.001537 -2.003078 2.010680 0.250000 1.297679
1.003107 -1.003079 1.017406 0.250000 2.455909
1.002171 -1.002174 2.013771 0.250000 1.836322
1.003712 0.000015 1.020399 0.250000 3.008068
1.002476 0.000000 2.015234 0.250000 2.098608
1.003108 1.003108 1.017445 0.250000 2.467262
1.002173 1.002173 2.013811 0.250000 1.848150
1.001916 2.003815 1.012051 0.250000 1.506202
1.001541 2.003073 2.010767 0.250000 1.323964
1.001042 3.003083 1.008073 0.250000 0.849201
1.000977 3.002897 2.007943 0.250000 0.866697
1.000574 4.002225 1.005809 0.250000 0.532603
1.000603 4.002345 2.005978 0.250000 0.585831
2.000547 -5.001311 1.003974 0.250000 0.272103
2.000634 -5.001550 2.004190 0.250000 0.323639
2.000902 -4.001767 1.004983 0.250000 0.376129
2.000984 -4.001960 2.005223 0.250000 0.444103
2.001540 -3.002285 1.006666 0.250000 0.610958
2.001534 -3.002311 2.006762 0.250000 0.664262
2.002572 -2.002552 1.009167 0.250000 1.008970
2.002293 -2.002306 2.008766 0.250000 0.982514
2.003813 -1.001889 1.012014 0.250000 1.495487
2.003070 -1.001542 2.010730 0.250000 1.312783
2.004435 0.000014 1.013428 0.250000 1.746025
2.003422 0.000000 2.011610 0.250000 1.465798
2.003815 1.001916 1.012051 0.250000 1.506202
2.003073 1.001541 2.010767 0.250000 1.323964
2.002576 2.002576 1.009248 0.250000 1.033220
2.002302 2.002302 2.008847 0.250000 1.007308
2.001550 3.002308 1.006814 0.250000 0.656542
2.001549 3.002305 2.006902 0.250000 0.707814
2.000922 4.001803 1.005229 0.250000 0.454918
2.001007 4.001966 2.005435 0.250000 0.511397
3.000643 -5.001042 1.003632 0.250000 0.244128
3.000766 -5.001267 2.003832 0.250000 0.289827
3.000989 -4.001306 1.004336 0.250000 0.304813
3.001126 -4.001515 2.004583 0.250000 0.368352
3.001540 -3.001534 1.005392 0.250000 0.437580
3.001646 -3.001672 2.005614 0.250000 0.504650
3.002302 -2.001527 1.006742 0.250000 0.634676
3.002293 -2.001552 2.006829 0.250000 0.685387
3.003081 -1.001017 1.008040 0.250000 0.839467
3.002891 -1.000977 2.007909 0.250000 0.856517
3.003434 0.000013 1.008619 0.250000 0.935028
3.003147 0.000001 2.008366 0.250000 0.932328
3.003083 1.001042 1.008073 0.250000 0.849202
3.002897 1.000977 2.007943 0.250000 0.866696
3.002308 2.001550 1.006814 0.250000 0.656542
3.002305 2.001549 2.006902 0.250000 0.707814
3.001555 3.001555 1.005523 0.250000 0.478299
3.001668 3.001668 2.005739 0.250000 0.543703
3.001017 4.001337 1.004554 0.250000 0.374645
3.001159 4.001522 2.004771 0.250000 0.428232
4.000647 -5.000801 1.003324 0.250000 0.233555
4.000789 -5.000999 2.003485 0.250000 0.267151
4.000925 -4.000930 1.003804 0.250000 0.268878
4.001092 -4.001124 2.004009 0.250000 0.316190
4.001320 -3.000998 1.004446 0.250000 0.340785
4.001496 -3.001161 2.004666 0.250000 0.395382
4.001795 -2.000901 1.005168 0.250000 0.436118
4.001952 -2.001008 2.005372 0.250000 0.492077
4.002222 -1.000551 1.005781 0.250000 0.524074
4.002338 -1.000601 2.005949 0.250000 0.576926
4.002400 0.000012 1.006036 0.250000 0.563205
4.002496 0.000001 2.006184 0.250000 0.613848
4.002225 1.000574 1.005809 0.250000 0.532603
4.002345 1.000603 2.005978 0.250000 0.585831
4.001803 2.000922 1.005229 0.250000 0.454917
4.001966 2.001007 2.005435 0.250000 0.511397
4.001337 3.001017 1.004554 0.250000 0.374645
4.001522 3.001159 2.004771 0.250000 0.428232
4.000957 4.000957 1.003977 0.250000 0.324638
4.001132 4.001132 2.004162 0.250000 0.365322
0.000000 0.000000 -1.000000 0.250000 0.000000
