-5.000562 -5.000562 0.002306 0.250000 -0.152910
-5.000794 -4.000609 0.002395 0.250000 -0.187103
-5.001119 -3.000617 0.002684 0.250000 -0.205099
-5.001488 -2.000527 0.003071 0.250000 -0.211954
-5.001797 -1.000293 0.003412 0.250000 -0.212778
-5.001919 0.000055 0.003566 0.250000 -0.211627
-5.001791 1.000405 0.003471 0.250000 -0.210163
-5.001479 2.000644 0.003203 0.250000 -0.205145
-5.001119 3.000745 0.002938 0.250000 -0.188418
-5.000826 4.000753 0.002842 0.250000 -0.151405
-4.000609 -5.000794 0.002395 0.250000 -0.187103
-4.000934 -4.000934 0.002587 0.250000 -0.229992
-4.001447 -3.001045 0.003155 0.250000 -0.246923
-4.002115 -2.000994 0.003975 0.250000 -0.243010
-4.002749 -1.000620 0.004765 0.250000 -0.228033
-4.003020 0.000060 0.005122 0.250000 -0.218878
-4.002742 1.000745 0.004831 0.250000 -0.225718
-4.002104 2.001130 0.004127 0.250000 -0.236257
-4.001447 3.001202 0.003464 0.250000 -0.227779
-4.000972 4.001118 0.003159 0.250000 -0.184812
-3.000617 -5.001119 0.002684 0.250000 -0.205099
-3.001045 -4.001447 0.003155 0.250000 -0.246923
-3.001825 -3.001825 0.004338 0.250000 -0.244686
-3.003034 -2.001985 0.006252 0.250000 -0.189362
-3.004405 -1.001412 0.008428 0.250000 -0.094212
-3.005063 0.000068 0.009504 0.250000 -0.039512
-3.004398 1.001553 0.008502 0.250000 -0.091901
-3.003024 2.002144 0.006424 0.250000 -0.182171
-3.001825 3.002015 0.004692 0.250000 -0.223166
-3.001082 4.001673 0.003817 0.250000 -0.194776
-2.000527 -5.001488 0.003071 0.250000 -0.211954
-2.000994 -4.002115 0.003975 0.250000 -0.243010
-2.001985 -3.003034 0.006252 0.250000 -0.189361
-2.003880 -2.003880 0.010736 0.250000 0.029891
-2.006491 -1.003206 0.017447 0.250000 0.464412
-2.007822 0.000075 0.021488 0.250000 0.754759
-2.006486 1.003364 0.017526 0.250000 0.466790
-2.003872 2.004062 0.010923 0.250000 0.037649
-2.001985 3.003256 0.006639 0.250000 -0.165607
-2.001023 4.002380 0.004702 0.250000 -0.185138
-1.000293 -5.001797 0.003412 0.250000 -0.212778
-1.000620 -4.002749 0.004765 0.250000 -0.228032
-1.001412 -3.004405 0.008428 0.250000 -0.094213
-1.003206 -2.006491 0.017447 0.250000 0.464412
-1.005372 -1.005372 0.035043 0.250000 1.803615
-1.006677 0.000080 0.044717 0.250000 2.568261
-1.005369 1.005541 0.035125 0.250000 1.805921
-1.003202 2.006689 0.017642 0.250000 0.472536
-1.001412 3.004649 0.008837 0.250000 -0.068774
-1.000635 4.003043 0.005535 0.250000 -0.165932
0.000055 -5.001919 0.003566 0.250000 -0.211627
0.000060 -4.003020 0.005122 0.250000 -0.218877
0.000068 -3.005063 0.009504 0.250000 -0.039512
0.000075 -2.007822 0.021488 0.250000 0.754759
0.000080 -1.006677 0.044717 0.250000 2.568262
0.000082 0.000082 0.058658 0.250000 3.690487
0.000080 1.006850 0.044800 0.250000 2.570547
0.000075 2.008025 0.021686 0.250000 0.763030
0.000068 3.005315 0.009920 0.250000 -0.013306
0.000063 4.003324 0.005907 0.250000 -0.154944
1.000405 -5.001791 0.003471 0.250000 -0.210163
1.000745 -4.002742 0.004831 0.250000 -0.225719
1.001553 -3.004398 0.008502 0.250000 -0.091902
1.003364 -2.006486 0.017526 0.250000 0.466791
1.005541 -1.005369 0.035125 0.250000 1.805921
1.006850 0.000080 0.044800 0.250000 2.570547
1.005537 1.005537 0.035206 0.250000 1.808352
1.003358 2.006682 0.017720 0.250000 0.475166
1.001553 3.004641 0.008908 0.250000 -0.066007
1.000763 4.003034 0.005599 0.250000 -0.162815
2.000644 -5.001479 0.003203 0.250000 -0.205145
2.001130 -4.002104 0.004127 0.250000 -0.236257
2.002144 -3.003024 0.006424 0.250000 -0.182172
2.004062 -2.003872 0.010923 0.250000 0.037649
2.006689 -1.003202 0.017642 0.250000 0.472536
2.008025 0.000075 0.021686 0.250000 0.763029
2.006682 1.003358 0.017720 0.250000 0.475165
2.004051 2.004051 0.011106 0.250000 0.045894
2.002142 3.003243 0.006805 0.250000 -0.157600
2.001159 4.002367 0.004847 0.250000 -0.177049
3.000745 -5.001119 0.002938 0.250000 -0.188418
3.001202 -4.001447 0.003464 0.250000 -0.227778
3.002015 -3.001825 0.004692 0.250000 -0.223166
3.003256 -2.001985 0.006639 0.250000 -0.165607
3.004649 -1.001412 0.008837 0.250000 -0.068775
3.005315 0.000068 0.009920 0.250000 -0.013307
3.004641 1.001553 0.008908 0.250000 -0.066007
3.003243 2.002142 0.006805 0.250000 -0.157599
3.002010 3.002010 0.005031 0.250000 -0.200663
3.001234 4.001668 0.004098 0.250000 -0.175025
4.000753 -5.000826 0.002842 0.250000 -0.151405
4.001118 -4.000972 0.003159 0.250000 -0.184812
4.001673 -3.001082 0.003817 0.250000 -0.194776
4.002380 -2.001023 0.004702 0.250000 -0.185138
4.003043 -1.000635 0.005535 0.250000 -0.165931
4.003324 0.000063 0.005907 0.250000 -0.154944
4.003034 1.000763 0.005599 0.250000 -0.162814
4.002367 2.001159 0.004847 0.250000 -0.177050
4.001668 3.001234 0.004098 0.250000 -0.175025
4.001145 4.001145 0.003659 0.250000 -0.142704
-5.000689 -5.000689 1.002499 0.250000 -0.142140
-5.000863 -5.000863 2.002772 0.250000 -0.123580
-5.000976 -4.000809 1.002678 0.250000 -0.168088
-5.001195 -4.001003 2.003063 0.250000 -0.138699
-5.001390 -3.000868 1.003059 0.250000 -0.176785
-5.001643 -3.001052 2.003516 0.250000 -0.139344
-5.001867 -2.000764 1.003532 0.250000 -0.174274
-5.002135 -2.000910 2.004039 0.250000 -0.129941
-5.002266 -1.000448 1.003937 0.250000 -0.167652
-5.002536 -1.000533 2.004473 0.250000 -0.118288
-5.002426 0.000029 1.004114 0.250000 -0.163723
-5.002696 0.000008 2.004660 0.250000 -0.112394
-5.002270 1.000504 1.003995 0.250000 -0.165319
-5.002548 1.000547 2.004535 0.250000 -0.115444
-5.001880 2.000814 1.003662 0.250000 -0.167971
-5.002165 2.000914 2.004176 0.250000 -0.122596
-5.001430 3.000911 1.003304 0.250000 -0.161479
-5.001705 3.001049 2.003758 0.250000 -0.123678
-5.001066 4.000874 1.003103 0.250000 -0.135028
-5.001302 4.001020 2.003439 0.250000 -0.109874
-4.000809 -5.000976 1.002678 0.250000 -0.168088
-4.001003 -5.001195 2.003063 0.250000 -0.138699
-4.001239 -4.001239 1.003023 0.250000 -0.195259
-4.001482 -4.001482 2.003569 0.250000 -0.148705
-4.001907 -3.001442 1.003754 0.250000 -0.193498
-4.002161 -3.001654 2.004392 0.250000 -0.133831
-4.002752 -2.001379 1.004724 0.250000 -0.170253
-4.002960 -2.001514 2.005394 0.250000 -0.100346
-4.003534 -1.000869 1.005616 0.250000 -0.140294
-4.003655 -1.000929 2.006270 0.250000 -0.064623
-4.003864 0.000032 1.006007 0.250000 -0.125740
-4.003940 0.000009 2.006644 0.250000 -0.048386
-4.003535 1.000930 1.005680 0.250000 -0.138456
-4.003665 1.000942 2.006339 0.250000 -0.062081
-4.002762 2.001433 1.004872 0.250000 -0.164448
-4.002986 2.001515 2.005551 0.250000 -0.093089
-4.001941 3.001490 1.004046 0.250000 -0.176847
-4.002214 3.001644 2.004677 0.250000 -0.116656
-4.001324 4.001317 1.003555 0.250000 -0.154866
-4.001576 4.001494 2.004027 0.250000 -0.114626
-3.000868 -5.001390 1.003059 0.250000 -0.176785
-3.001052 -5.001643 2.003516 0.250000 -0.139344
-3.001442 -4.001907 1.003754 0.250000 -0.193498
-3.001654 -4.002161 2.004392 0.250000 -0.133831
-3.002429 -3.002429 1.005173 0.250000 -0.160213
-3.002573 -3.002573 2.005856 0.250000 -0.084988
-3.003860 -2.002568 1.007242 0.250000 -0.076247
-3.003761 -2.002519 2.007771 0.250000 0.002867
-3.005374 -1.001771 1.009383 0.250000 0.030740
-3.004887 -1.001633 2.009574 0.250000 0.097775
-3.006069 0.000036 1.010374 0.250000 0.084255
-3.005373 0.000010 2.010362 0.250000 0.141224
-3.005374 1.001842 1.009453 0.250000 0.032302
-3.004894 1.001648 2.009649 0.250000 0.100076
-3.003867 2.002633 1.007405 0.250000 -0.070629
-3.003780 2.002521 2.007944 0.250000 0.010021
-3.002455 3.002490 1.005500 0.250000 -0.142440
-3.002614 3.002562 2.006175 0.250000 -0.066784
-3.001512 4.002004 1.004360 0.250000 -0.148134
-3.001729 4.002175 2.004911 0.250000 -0.096054
-2.000764 -5.001867 1.003532 0.250000 -0.174274
-2.000910 -5.002135 2.004039 0.250000 -0.129940
-2.001379 -4.002752 1.004724 0.250000 -0.170253
-2.001514 -4.002960 2.005394 0.250000 -0.100346
-2.002568 -3.003860 1.007242 0.250000 -0.076247
-2.002519 -3.003761 2.007771 0.250000 0.002868
-2.004595 -2.004595 1.011451 0.250000 0.147326
-2.003959 -2.003959 2.011161 0.250000 0.188470
-2.007113 -1.003539 1.016606 0.250000 0.472656
-2.005473 -1.002734 2.014666 0.250000 0.404185
-2.008393 0.000041 1.019260 0.250000 0.652362
-2.006169 0.000012 2.016280 0.250000 0.508030
-2.007113 1.003620 1.016680 0.250000 0.474062
-2.005478 1.002754 2.014746 0.250000 0.406314
-2.004598 2.004672 1.011626 0.250000 0.152913
-2.003972 2.003965 2.011344 0.250000 0.195553
-2.002585 3.003937 1.007595 0.250000 -0.057495
-2.002546 3.003753 2.008113 0.250000 0.021792
-2.001429 4.002872 1.005383 0.250000 -0.120989
-2.001566 4.002981 2.005955 0.250000 -0.059905
-1.000448 -5.002266 1.003937 0.250000 -0.167652
-1.000533 -5.002536 2.004473 0.250000 -0.118288
-1.000869 -4.003534 1.005616 0.250000 -0.140293
-1.000929 -4.003655 2.006270 0.250000 -0.064623
-1.001771 -3.005374 1.009383 0.250000 0.030740
-1.001633 -3.004887 2.009574 0.250000 0.097775
-1.003539 -2.007113 1.016606 0.250000 0.472657
-1.002734 -2.005473 2.014666 0.250000 0.404184
-1.006018 -1.006018 1.027036 0.250000 1.216004
-1.003998 -1.003998 2.020411 0.250000 0.789472
-1.007292 0.000044 1.032956 0.250000 1.663343
-1.004612 0.000014 2.023201 0.250000 0.985087
-1.006017 1.006106 1.027112 0.250000 1.217291
-1.004000 1.004022 2.020493 0.250000 0.791504
-1.003541 2.007200 1.016788 0.250000 0.478271
-1.002739 2.005483 2.014856 0.250000 0.411260
-1.001780 3.005462 1.009752 0.250000 0.050264
-1.001646 3.004884 2.009929 0.250000 0.117224
-1.000894 4.003670 1.006310 0.250000 -0.088175
-1.000954 4.003681 2.006857 0.250000 -0.022366
0.000029 -5.002426 1.004114 0.250000 -0.163723
0.000008 -5.002696 2.004660 0.250000 -0.112394
0.000032 -4.003864 1.006007 0.250000 -0.125739
0.000009 -4.003940 2.006644 0.250000 -0.048386
0.000036 -3.006069 1.010374 0.250000 0.084255
0.000010 -3.005373 2.010362 0.250000 0.141223
0.000041 -2.008393 1.019260 0.250000 0.652363
0.000012 -2.006169 2.016280 0.250000 0.508030
0.000044 -1.007292 1.032956 0.250000 1.663343
0.000014 -1.004612 2.023201 0.250000 0.985088
0.000045 0.000045 1.040805 0.250000 2.272697
0.000015 0.000015 2.026639 0.250000 1.232795
0.000044 1.007382 1.033033 0.250000 1.664616
0.000015 1.004638 2.023283 0.250000 0.987138
0.000041 2.008482 1.019444 0.250000 0.658083
0.000013 2.006180 2.016472 0.250000 0.515212
0.000037 3.006162 1.010748 0.250000 0.104246
0.000012 3.005371 2.010721 0.250000 0.161026
0.000035 4.004006 1.006712 0.250000 -0.072289
0.000012 4.003968 2.007238 0.250000 -0.005258
1.000504 -5.002270 1.003995 0.250000 -0.165319
1.000547 -5.002548 2.004535 0.250000 -0.115444
1.000930 -4.003535 1.005680 0.250000 -0.138456
1.000942 -4.003665 2.006339 0.250000 -0.062080
1.001842 -3.005374 1.009453 0.250000 0.032302
1.001648 -3.004894 2.009649 0.250000 0.100076
1.003620 -2.007113 1.016680 0.250000 0.474062
1.002754 -2.005478 2.014746 0.250000 0.406314
1.006106 -1.006017 1.027112 0.250000 1.217291
1.004022 -1.004000 2.020493 0.250000 0.791504
1.007382 0.000044 1.033033 0.250000 1.664615
1.004638 0.000015 2.023283 0.250000 0.987139
1.006105 1.006105 1.027188 0.250000 1.218742
1.004024 1.004024 2.020574 0.250000 0.793714
1.003621 2.007199 1.016861 0.250000 0.480014
1.002761 2.005488 2.014934 0.250000 0.413734
1.001853 3.005462 1.009820 0.250000 0.052390
1.001666 3.004892 2.010001 0.250000 0.120042
1.000962 4.003671 1.006372 0.250000 -0.085470
1.000975 4.003691 2.006922 0.250000 -0.019163
2.000814 -5.001880 1.003662 0.250000 -0.167971
2.000914 -5.002165 2.004176 0.250000 -0.122596
2.001433 -4.002762 1.004872 0.250000 -0.164448
2.001515 -4.002986 2.005551 0.250000 -0.093089
2.002633 -3.003867 1.007405 0.250000 -0.070629
2.002521 -3.003780 2.007944 0.250000 0.010021
2.004672 -2.004598 1.011626 0.250000 0.152912
2.003965 -2.003972 2.011344 0.250000 0.195551
2.007200 -1.003541 1.016788 0.250000 0.478270
2.005483 -1.002739 2.014856 0.250000 0.411261
2.008482 0.000041 1.019444 0.250000 0.658083
2.006180 0.000013 2.016472 0.250000 0.515213
2.007199 1.003621 1.016861 0.250000 0.480014
2.005488 1.002761 2.014934 0.250000 0.413735
2.004676 2.004676 1.011798 0.250000 0.159168
2.003980 2.003980 2.011524 0.250000 0.203291
2.002653 3.003943 1.007753 0.250000 -0.050840
2.002554 3.003775 2.008279 0.250000 0.029853
2.001492 4.002882 1.005524 0.250000 -0.113699
2.001577 4.003009 2.006102 0.250000 -0.051612
3.000911 -5.001430 1.003304 0.250000 -0.161479
3.001049 -5.001705 2.003758 0.250000 -0.123678
3.001490 -4.001941 1.004046 0.250000 -0.176847
3.001644 -4.002214 2.004677 0.250000 -0.116657
3.002490 -3.002455 1.005500 0.250000 -0.142440
3.002562 -3.002614 2.006175 0.250000 -0.066784
3.003937 -2.002585 1.007595 0.250000 -0.057496
3.003753 -2.002546 2.008113 0.250000 0.021791
3.005462 -1.001780 1.009752 0.250000 0.050264
3.004884 -1.001646 2.009929 0.250000 0.117224
3.006162 0.000037 1.010748 0.250000 0.104246
3.005371 0.000012 2.010721 0.250000 0.161026
3.005462 1.001853 1.009820 0.250000 0.052390
3.004892 1.001666 2.010001 0.250000 0.120042
3.003943 2.002653 1.007753 0.250000 -0.050840
3.003775 2.002554 2.008279 0.250000 0.029852
3.002519 3.002519 1.005815 0.250000 -0.123382
3.002610 3.002610 2.006480 0.250000 -0.047586
3.001569 4.002041 1.004628 0.250000 -0.130404
3.001731 4.002235 2.005172 0.250000 -0.078260
4.000874 -5.001066 1.003103 0.250000 -0.135028
4.001020 -5.001302 2.003439 0.250000 -0.109874
4.001317 -4.001324 1.003555 0.250000 -0.154866
4.001494 -4.001576 2.004027 0.250000 -0.114626
4.002004 -3.001512 1.004360 0.250000 -0.148134
4.002175 -3.001729 2.004911 0.250000 -0.096054
4.002872 -2.001429 1.005383 0.250000 -0.120989
4.002981 -2.001566 2.005955 0.250000 -0.059905
4.003670 -1.000894 1.006310 0.250000 -0.088176
4.003681 -1.000954 2.006857 0.250000 -0.022366
4.004006 0.000035 1.006712 0.250000 -0.072288
4.003968 0.000012 2.007238 0.250000 -0.005258
4.003671 1.000962 1.006372 0.250000 -0.085470
4.003691 1.000975 2.006922 0.250000 -0.019163
4.002882 2.001492 1.005524 0.250000 -0.113699
4.003009 2.001577 2.006102 0.250000 -0.051613
4.002041 3.001569 1.004628 0.250000 -0.130404
4.002235 3.001731 2.005172 0.250000 -0.078260
4.001406 4.001406 1.004024 0.250000 -0.116378
4.001600 4.001600 2.004438 0.250000 -0.081647
0.000000 0.000000 -1.000000 0.250000 0.000000
