-4.999823 -4.999823 0.000390 0.250000 0.011823
-4.999877 -3.999841 0.000143 0.250000 0.016258
-5.000139 -2.999971 0.000057 0.250000 0.020409
-5.000590 -2.000125 -0.000039 0.250000 0.021694
-5.001078 -1.000158 -0.000157 0.250000 0.020530
-5.001300 -0.000030 -0.000215 0.250000 0.019873
-5.001077 1.000105 -0.000177 0.250000 0.021419
-5.000564 2.000095 -0.000091 0.250000 0.022655
-5.000083 2.999996 0.000038 0.250000 0.020313
-4.999891 3.999968 0.000383 0.250000 0.015450
-3.999841 -4.999877 0.000143 0.250000 0.016258
-4.000054 -4.000054 -0.000236 0.250000 0.021843
-4.000795 -3.000528 -0.000507 0.250000 0.021828
-4.002192 -2.001024 -0.000891 0.250000 0.009287
-4.003850 -1.000938 -0.001266 0.250000 -0.010724
-4.004645 -0.000053 -0.001420 0.250000 -0.020445
-4.003850 1.000841 -0.001298 0.250000 -0.009271
-4.002160 2.000966 -0.000980 0.250000 0.010972
-4.000727 3.000572 -0.000586 0.250000 0.021742
-4.000082 4.000282 0.000012 0.250000 0.019995
-2.999971 -5.000139 0.000057 0.250000 0.020409
-3.000528 -4.000795 -0.000507 0.250000 0.021829
-3.002319 -3.002319 -0.001134 0.250000 -0.000886
-3.006122 -2.004070 -0.001675 0.250000 -0.062836
-3.011237 -1.003776 -0.001204 0.250000 -0.133652
-3.013884 -0.000060 -0.000498 0.250000 -0.161147
-3.011234 1.003669 -0.001240 0.250000 -0.131754
-3.006084 2.004025 -0.001783 0.250000 -0.060568
-3.002240 3.002445 -0.001247 0.250000 -0.001025
-3.000558 4.001209 -0.000269 0.250000 0.018556
-2.000125 -5.000590 -0.000039 0.250000 0.021694
-2.001024 -4.002192 -0.000891 0.250000 0.009287
-2.004070 -3.006122 -0.001675 0.250000 -0.062835
-2.011596 -2.011596 0.000882 0.250000 -0.189214
-2.023290 -1.011699 0.013366 0.250000 -0.215818
-2.029537 -0.000063 0.024069 0.250000 -0.156692
-2.023285 1.011592 0.013326 0.250000 -0.213566
-2.011557 2.011580 0.000761 0.250000 -0.186610
-2.003994 3.006359 -0.001806 0.250000 -0.063227
-2.001043 4.002837 -0.000643 0.250000 0.004527
-1.000158 -5.001078 -0.000157 0.250000 0.020531
-1.000938 -4.003850 -0.001266 0.250000 -0.010723
-1.003776 -3.011237 -0.001204 0.250000 -0.133653
-1.011699 -2.023290 0.013366 0.250000 -0.215818
-1.021982 -1.021982 0.068949 0.250000 0.252091
-1.028238 -0.000064 0.102825 0.250000 0.589515
-1.021977 1.021877 0.068903 0.250000 0.254729
-1.011673 2.023301 0.013230 0.250000 -0.213044
-1.003727 3.011570 -0.001345 0.250000 -0.134411
-1.000938 4.004692 -0.001000 0.250000 -0.016796
-0.000030 -5.001300 -0.000215 0.250000 0.019874
-0.000053 -4.004645 -0.001420 0.250000 -0.020445
-0.000060 -3.013884 -0.000498 0.250000 -0.161147
-0.000063 -2.029537 0.024069 0.250000 -0.156691
-0.000064 -1.028238 0.102825 0.250000 0.589516
-0.000063 -0.000063 0.154256 0.250000 1.139333
-0.000064 1.028136 0.102774 0.250000 0.592305
-0.000065 2.029559 0.023923 0.250000 -0.153911
-0.000059 3.014256 -0.000645 0.250000 -0.162191
-0.000032 4.005563 -0.001144 0.250000 -0.027227
1.000105 -5.001077 -0.000177 0.250000 0.021419
1.000841 -4.003850 -0.001298 0.250000 -0.009271
1.003669 -3.011234 -0.001240 0.250000 -0.131754
1.011592 -2.023285 0.013326 0.250000 -0.213566
1.021877 -1.021977 0.068903 0.250000 0.254729
1.028136 -0.000064 0.102774 0.250000 0.592304
1.021873 1.021873 0.068856 0.250000 0.257289
1.011563 2.023295 0.013187 0.250000 -0.210988
1.003624 3.011565 -0.001384 0.250000 -0.132907
1.000885 4.004685 -0.001025 0.250000 -0.015925
2.000095 -5.000564 -0.000091 0.250000 0.022656
2.000966 -4.002160 -0.000980 0.250000 0.010972
2.004025 -3.006084 -0.001783 0.250000 -0.060567
2.011580 -2.011557 0.000761 0.250000 -0.186611
2.023301 -1.011673 0.013230 0.250000 -0.213044
2.029559 -0.000065 0.023923 0.250000 -0.153911
2.023295 1.011563 0.013187 0.250000 -0.210988
2.011538 2.011538 0.000634 0.250000 -0.184470
2.003954 3.006315 -0.001913 0.250000 -0.061751
2.001029 4.002794 -0.000707 0.250000 0.005233
2.999996 -5.000083 0.000038 0.250000 0.020312
3.000572 -4.000727 -0.000586 0.250000 0.021742
3.002445 -3.002240 -0.001247 0.250000 -0.001024
3.006359 -2.003994 -0.001806 0.250000 -0.063228
3.011570 -1.003727 -0.001345 0.250000 -0.134411
3.014256 -0.000059 -0.000645 0.250000 -0.162191
3.011565 1.003624 -0.001384 0.250000 -0.132906
3.006315 2.003954 -0.001913 0.250000 -0.061752
3.002367 3.002367 -0.001341 0.250000 -0.002189
3.000636 4.001135 -0.000294 0.250000 0.017566
3.999968 -4.999891 0.000383 0.250000 0.015450
4.000282 -4.000082 0.000012 0.250000 0.019996
4.001209 -3.000558 -0.000269 0.250000 0.018555
4.002837 -2.001043 -0.000643 0.250000 0.004526
4.004692 -1.000938 -0.001000 0.250000 -0.016796
4.005563 -0.000032 -0.001144 0.250000 -0.027227
4.004685 1.000885 -0.001025 0.250000 -0.015925
4.002794 2.001029 -0.000707 0.250000 0.005233
4.001135 3.000636 -0.000294 0.250000 0.017566
4.000324 4.000324 0.000296 0.250000 0.017467
-4.999686 -4.999686 1.000410 0.250000 0.005753
-5.000166 -5.000166 2.000713 0.250000 0.002782
-4.999727 -3.999796 1.000331 0.250000 0.007654
-5.000489 -4.000432 2.000853 0.250000 0.004021
-4.999961 -2.999967 1.000534 0.250000 0.010761
-5.001025 -3.000640 2.001272 0.250000 0.006675
-5.000343 -2.000104 1.000823 0.250000 0.013591
-5.001676 -2.000659 2.001813 0.250000 0.009967
-5.000735 -1.000119 1.001070 0.250000 0.015587
-5.002237 -1.000409 2.002273 0.250000 0.012929
-5.000905 0.000001 1.001162 0.250000 0.016754
-5.002453 0.000054 2.002448 0.250000 0.014561
-5.000716 1.000127 1.001041 0.250000 0.016989
-5.002200 1.000517 2.002237 0.250000 0.014179
-5.000290 2.000117 1.000750 0.250000 0.015392
-5.001603 2.000756 2.001741 0.250000 0.011597
-4.999885 2.999971 1.000462 0.250000 0.011406
-5.000940 3.000697 2.001212 0.250000 0.007427
-4.999739 3.999834 1.000493 0.250000 0.007171
-5.000467 4.000454 2.000951 0.250000 0.003530
-3.999796 -4.999727 1.000331 0.250000 0.007653
-4.000432 -5.000489 2.000853 0.250000 0.004021
-3.999990 -3.999990 1.000435 0.250000 0.012555
-4.000999 -4.000999 2.001351 0.250000 0.008447
-4.000599 -3.000428 1.001009 0.250000 0.018528
-4.001956 -3.001455 2.002378 0.250000 0.015527
-4.001677 -2.000805 1.001787 0.250000 0.021397
-4.003215 -2.001564 2.003706 0.250000 0.023113
-4.002922 -1.000712 1.002514 0.250000 0.020592
-4.004401 -1.001041 2.004901 0.250000 0.029024
-4.003509 -0.000008 1.002818 0.250000 0.020162
-4.004895 0.000065 2.005380 0.250000 0.031847
-4.002903 1.000705 1.002464 0.250000 0.022695
-4.004360 1.001175 2.004836 0.250000 0.030781
-4.001617 2.000817 1.001652 0.250000 0.024082
-4.003130 2.001696 2.003567 0.250000 0.025323
-4.000504 3.000450 1.000827 0.250000 0.019209
-4.001848 3.001546 2.002215 0.250000 0.016214
-3.999997 4.000088 1.000531 0.250000 0.010938
-4.000951 4.001044 2.001364 0.250000 0.006984
-2.999967 -4.999961 1.000534 0.250000 0.010761
-3.000640 -5.001025 2.001272 0.250000 0.006675
-3.000428 -4.000599 1.001009 0.250000 0.018529
-3.001455 -4.001956 2.002378 0.250000 0.015527
-3.001799 -3.001799 1.002291 0.250000 0.022526
-3.002947 -3.002947 2.004488 0.250000 0.027518
-3.004618 -2.003078 1.004307 0.250000 0.012699
-3.005177 -2.003414 2.007425 0.250000 0.038373
-3.008381 -1.002817 1.006777 0.250000 -0.004131
-3.007559 -1.002459 2.010376 0.250000 0.046154
-3.010314 -0.000005 1.008067 0.250000 -0.010264
-3.008645 0.000083 2.011676 0.250000 0.050030
-3.008361 1.002824 1.006709 0.250000 -0.001477
-3.007518 1.002636 2.010283 0.250000 0.048285
-3.004555 2.003126 1.004118 0.250000 0.015988
-3.005090 2.003604 2.007217 0.250000 0.040869
-3.001696 3.001899 1.002003 0.250000 0.022818
-3.002833 3.003106 2.004210 0.250000 0.027630
-3.000429 4.000834 1.001003 0.250000 0.014985
-3.001394 4.002067 2.002275 0.250000 0.012337
-2.000104 -5.000343 1.000823 0.250000 0.013591
-2.000659 -5.001676 2.001813 0.250000 0.009967
-2.000805 -4.001677 1.001787 0.250000 0.021396
-2.001564 -4.003215 2.003706 0.250000 0.023113
-2.003078 -3.004618 1.004307 0.250000 0.012699
-2.003414 -3.005177 2.007425 0.250000 0.038373
-2.008618 -2.008618 1.009791 0.250000 -0.020940
-2.006619 -2.006619 2.013312 0.250000 0.051604
-2.017143 -1.008635 1.019397 0.250000 -0.027171
-2.010554 -1.005231 2.020214 0.250000 0.067948
-2.021898 0.000002 1.025400 0.250000 -0.008303
-2.012511 0.000102 2.023615 0.250000 0.079592
-2.017125 1.008662 1.019312 0.250000 -0.024148
-2.010519 1.005453 2.020095 0.250000 0.070275
-2.008561 2.008713 1.009553 0.250000 -0.017446
-2.006546 2.006872 2.013040 0.250000 0.054039
-2.002986 3.004819 1.003924 0.250000 0.012072
-2.003315 3.005416 2.007039 0.250000 0.037426
-2.000800 4.002089 1.001690 0.250000 0.015435
-2.001506 4.003411 2.003486 0.250000 0.017657
-1.000119 -5.000735 1.001070 0.250000 0.015587
-1.000409 -5.002237 2.002273 0.250000 0.012929
-1.000712 -4.002922 1.002514 0.250000 0.020591
-1.001041 -4.004401 2.004901 0.250000 0.029024
-1.002817 -3.008381 1.006777 0.250000 -0.004131
-1.002459 -3.007559 2.010376 0.250000 0.046154
-1.008635 -2.017143 1.019397 0.250000 -0.027172
-1.005231 -2.010554 2.020214 0.250000 0.067948
-1.018393 -1.018393 1.046577 0.250000 0.113894
-1.009021 -1.009021 2.033443 0.250000 0.117700
-1.023751 0.000009 1.064935 0.250000 0.265222
-1.011031 0.000117 2.040539 0.250000 0.156191
-1.018381 1.018440 1.046477 0.250000 0.117145
-1.009001 1.009277 2.033304 0.250000 0.120079
-1.008600 2.017278 1.019119 0.250000 -0.023738
-1.005188 2.010854 2.019895 0.250000 0.070125
-1.002760 3.008667 1.006323 0.250000 -0.005832
-1.002399 3.007862 2.009910 0.250000 0.044075
-1.000702 4.003485 1.002353 0.250000 0.012363
-1.001002 4.004669 2.004593 0.250000 0.021451
0.000001 -5.000905 1.001162 0.250000 0.016754
0.000054 -5.002453 2.002448 0.250000 0.014561
-0.000008 -4.003509 1.002818 0.250000 0.020162
0.000065 -4.004895 2.005380 0.250000 0.031846
-0.000005 -3.010314 1.008067 0.250000 -0.010264
0.000083 -3.008645 2.011676 0.250000 0.050031
0.000002 -2.021898 1.025400 0.250000 -0.008302
0.000102 -2.012511 2.023615 0.250000 0.079593
0.000009 -1.023751 1.064935 0.250000 0.265222
0.000117 -1.011031 2.040539 0.250000 0.156191
0.000014 0.000014 1.091175 0.250000 0.510422
0.000123 0.000123 2.049904 0.250000 0.215867
0.000009 1.023808 1.064828 0.250000 0.268515
0.000117 1.011301 2.040392 0.250000 0.158526
0.000001 2.022049 1.025106 0.250000 -0.005020
0.000102 2.012830 2.023278 0.250000 0.081532
-0.000004 3.010634 1.007585 0.250000 -0.012593
0.000084 3.008972 2.011181 0.250000 0.047310
0.000008 4.004129 1.002635 0.250000 0.010780
0.000073 4.005190 2.005043 0.250000 0.023203
1.000127 -5.000716 1.001041 0.250000 0.016990
1.000517 -5.002200 2.002237 0.250000 0.014179
1.000705 -4.002903 1.002464 0.250000 0.022694
1.001175 -4.004360 2.004836 0.250000 0.030780
1.002824 -3.008361 1.006709 0.250000 -0.001477
1.002636 -3.007518 2.010283 0.250000 0.048284
1.008662 -2.017125 1.019312 0.250000 -0.024148
1.005453 -2.010519 2.020095 0.250000 0.070275
1.018440 -1.018381 1.046477 0.250000 0.117145
1.009277 -1.009001 2.033304 0.250000 0.120080
1.023808 0.000009 1.064828 0.250000 0.268516
1.011301 0.000117 2.040392 0.250000 0.158526
1.018428 1.018428 1.046376 0.250000 0.120256
1.009256 1.009256 2.033165 0.250000 0.122290
1.008625 2.017258 1.019033 0.250000 -0.021020
1.005408 2.010817 2.019778 0.250000 0.072110
1.002769 3.008643 1.006256 0.250000 -0.003693
1.002577 3.007817 2.009822 0.250000 0.045689
1.000727 4.003457 1.002312 0.250000 0.013763
1.001150 4.004623 2.004540 0.250000 0.022574
2.000117 -5.000290 1.000750 0.250000 0.015392
2.000756 -5.001603 2.001741 0.250000 0.011597
2.000817 -4.001617 1.001652 0.250000 0.024082
2.001696 -4.003130 2.003567 0.250000 0.025323
2.003126 -3.004555 1.004118 0.250000 0.015988
2.003604 -3.005090 2.007217 0.250000 0.040869
2.008713 -2.008561 1.009553 0.250000 -0.017446
2.006872 -2.006546 2.013040 0.250000 0.054039
2.017278 -1.008600 1.019119 0.250000 -0.023739
2.010854 -1.005188 2.019895 0.250000 0.070125
2.022049 0.000001 1.025106 0.250000 -0.005019
2.012830 0.000102 2.023278 0.250000 0.081532
2.017258 1.008625 1.019033 0.250000 -0.021021
2.010817 1.005408 2.019778 0.250000 0.072110
2.008652 2.008652 1.009315 0.250000 -0.014604
2.006794 2.006794 2.012774 0.250000 0.055793
2.003033 3.004746 1.003744 0.250000 0.014345
2.003502 3.005322 2.006848 0.250000 0.038949
2.000843 4.002016 1.001586 0.250000 0.016895
2.001649 4.003320 2.003377 0.250000 0.018749
2.999971 -4.999885 1.000462 0.250000 0.011406
3.000697 -5.000940 2.001212 0.250000 0.007427
3.000450 -4.000504 1.000827 0.250000 0.019209
3.001546 -4.001848 2.002215 0.250000 0.016214
3.001899 -3.001696 1.002003 0.250000 0.022818
3.003106 -3.002833 2.004210 0.250000 0.027630
3.004819 -2.002986 1.003924 0.250000 0.012073
3.005416 -2.003315 2.007039 0.250000 0.037425
3.008667 -1.002760 1.006323 0.250000 -0.005831
3.007862 -1.002399 2.009910 0.250000 0.044074
3.010634 -0.000004 1.007585 0.250000 -0.012593
3.008972 0.000084 2.011181 0.250000 0.047310
3.008643 1.002769 1.006256 0.250000 -0.003693
3.007817 1.002577 2.009822 0.250000 0.045689
3.004746 2.003033 1.003744 0.250000 0.014346
3.005322 2.003502 2.006848 0.250000 0.038949
3.001790 3.001790 1.001747 0.250000 0.021774
3.002987 3.002987 2.003968 0.250000 0.026479
3.000480 4.000735 1.000888 0.250000 0.014393
3.001497 4.001960 2.002166 0.250000 0.011737
3.999834 -4.999739 1.000493 0.250000 0.007171
4.000454 -5.000467 2.000951 0.250000 0.003530
4.000088 -3.999997 1.000531 0.250000 0.010939
4.001044 -4.000951 2.001364 0.250000 0.006985
4.000834 -3.000429 1.001003 0.250000 0.014985
4.002067 -3.001394 2.002275 0.250000 0.012336
4.002089 -2.000800 1.001690 0.250000 0.015435
4.003411 -2.001506 2.003486 0.250000 0.017657
4.003485 -1.000702 1.002353 0.250000 0.012364
4.004669 -1.001002 2.004593 0.250000 0.021451
4.004129 0.000008 1.002635 0.250000 0.010780
4.005190 0.000073 2.005043 0.250000 0.023203
4.003457 1.000727 1.002312 0.250000 0.013764
4.004623 1.001150 2.004540 0.250000 0.022573
4.002016 2.000843 1.001586 0.250000 0.016895
4.003320 2.001649 2.003377 0.250000 0.018749
4.000735 3.000480 1.000888 0.250000 0.014393
4.001960 3.001497 2.002166 0.250000 0.011737
4.000118 4.000118 1.000690 0.250000 0.008270
4.001018 4.001018 2.001438 0.250000 0.004366
0.000000 0.000000 -1.000000 0.250000 0.000000
