-4.999739 -4.999739 0.000466 0.250000 0.009960
-4.999732 -3.999737 0.000250 0.250000 0.014275
-4.999906 -2.999856 0.000198 0.250000 0.019743
-5.000272 -2.000026 0.000121 0.250000 0.023441
-5.000705 -1.000105 0.000005 0.250000 0.024609
-5.000912 -0.000040 -0.000053 0.250000 0.024936
-5.000714 1.000029 -0.000008 0.250000 0.025664
-5.000263 1.999969 0.000079 0.250000 0.024943
-4.999860 2.999844 0.000184 0.250000 0.020889
-4.999734 3.999816 0.000493 0.250000 0.015644
-3.999737 -4.999732 0.000250 0.250000 0.014274
-3.999879 -3.999879 -0.000085 0.250000 0.020898
-4.000530 -3.000350 -0.000341 0.250000 0.024805
-4.001876 -2.000894 -0.000790 0.250000 0.017705
-4.003546 -1.000881 -0.001289 0.250000 0.001919
-4.004364 -0.000061 -0.001504 0.250000 -0.006341
-4.003557 1.000764 -0.001310 0.250000 0.003507
-4.001861 2.000802 -0.000865 0.250000 0.019993
-4.000469 3.000344 -0.000413 0.250000 0.026322
-3.999889 4.000044 0.000162 0.250000 0.022039
-2.999856 -4.999906 0.000198 0.250000 0.019743
-3.000350 -4.000530 -0.000341 0.250000 0.024806
-3.002119 -3.002119 -0.001096 0.250000 0.009555
-3.006074 -2.004054 -0.002046 0.250000 -0.046035
-3.011527 -1.003891 -0.002067 0.250000 -0.115873
-3.014379 -0.000070 -0.001559 0.250000 -0.144302
-3.011535 1.003758 -0.002090 0.250000 -0.113851
-3.006051 2.003966 -0.002135 0.250000 -0.043076
-3.002043 3.002182 -0.001202 0.250000 0.011385
-3.000360 4.000872 -0.000110 0.250000 0.025255
-2.000026 -5.000272 0.000121 0.250000 0.023441
-2.000894 -4.001876 -0.000790 0.250000 0.017705
-2.004054 -3.006074 -0.002046 0.250000 -0.046034
-2.012145 -2.012145 -0.000385 0.250000 -0.174640
-2.024898 -1.012518 0.011845 0.250000 -0.217644
-2.031743 -0.000076 0.022916 0.250000 -0.169582
-2.024901 1.012376 0.011822 0.250000 -0.215251
-2.012117 2.012074 -0.000484 0.250000 -0.171232
-2.003978 3.006238 -0.002170 0.250000 -0.044132
-2.000896 4.002448 -0.000558 0.250000 0.017244
-1.000105 -5.000705 0.000005 0.250000 0.024609
-1.000881 -4.003546 -0.001289 0.250000 0.001919
-1.003891 -3.011527 -0.002067 0.250000 -0.115873
-1.012518 -2.024898 0.011845 0.250000 -0.217644
-1.023784 -1.023784 0.070508 0.250000 0.202384
-1.030647 -0.000081 0.106634 0.250000 0.512585
-1.023784 1.023638 0.070481 0.250000 0.205233
-1.012497 2.024846 0.011733 0.250000 -0.213922
-1.003842 3.011782 -0.002203 0.250000 -0.114084
-1.000875 4.004319 -0.001046 0.250000 0.000528
-0.000040 -5.000912 -0.000053 0.250000 0.024936
-0.000061 -4.004364 -0.001504 0.250000 -0.006340
-0.000070 -3.014379 -0.001559 0.250000 -0.144303
-0.000076 -2.031743 0.022916 0.250000 -0.169581
-0.000081 -1.030647 0.106634 0.250000 0.512586
-0.000081 -0.000081 0.161754 0.250000 1.023136
-0.000080 1.030501 0.106604 0.250000 0.515656
-0.000078 2.031699 0.022795 0.250000 -0.165737
-0.000071 3.014671 -0.001701 0.250000 -0.142654
-0.000046 4.005216 -0.001256 0.250000 -0.008260
1.000029 -5.000714 -0.000008 0.250000 0.025664
1.000764 -4.003557 -0.001310 0.250000 0.003507
1.003758 -3.011535 -0.002090 0.250000 -0.113851
1.012376 -2.024901 0.011822 0.250000 -0.215250
1.023638 -1.023784 0.070481 0.250000 0.205233
1.030501 -0.000080 0.106604 0.250000 0.515656
1.023639 1.023639 0.070453 0.250000 0.208062
1.012353 2.024849 0.011706 0.250000 -0.211623
1.003709 3.011789 -0.002230 0.250000 -0.112319
1.000791 4.004324 -0.001063 0.250000 0.001682
1.999969 -5.000263 0.000079 0.250000 0.024943
2.000802 -4.001861 -0.000865 0.250000 0.019994
2.003966 -3.006051 -0.002135 0.250000 -0.043076
2.012074 -2.012117 -0.000484 0.250000 -0.171231
2.024846 -1.012497 0.011733 0.250000 -0.213922
2.031699 -0.000078 0.022795 0.250000 -0.165738
2.024849 1.012353 0.011706 0.250000 -0.211622
2.012044 2.012044 -0.000591 0.250000 -0.168105
2.003893 3.006210 -0.002263 0.250000 -0.041739
2.000844 4.002423 -0.000613 0.250000 0.018774
2.999844 -4.999860 0.000184 0.250000 0.020889
3.000344 -4.000469 -0.000413 0.250000 0.026323
3.002182 -3.002043 -0.001202 0.250000 0.011385
3.006238 -2.003978 -0.002170 0.250000 -0.044132
3.011782 -1.003842 -0.002203 0.250000 -0.114084
3.014671 -0.000071 -0.001701 0.250000 -0.142654
3.011789 1.003709 -0.002230 0.250000 -0.112319
3.006210 2.003893 -0.002263 0.250000 -0.041739
3.002107 3.002107 -0.001295 0.250000 0.012427
3.000389 4.000806 -0.000134 0.250000 0.026025
3.999816 -4.999734 0.000493 0.250000 0.015644
4.000044 -3.999889 0.000162 0.250000 0.022039
4.000872 -3.000360 -0.000110 0.250000 0.025255
4.002448 -2.000896 -0.000558 0.250000 0.017244
4.004319 -1.000875 -0.001046 0.250000 0.000528
4.005216 -0.000046 -0.001256 0.250000 -0.008261
4.004324 1.000791 -0.001063 0.250000 0.001683
4.002423 2.000844 -0.000613 0.250000 0.018774
4.000806 3.000389 -0.000134 0.250000 0.026024
4.000072 4.000072 0.000440 0.250000 0.022440
-4.999574 -4.999574 1.000445 0.250000 0.004333
-5.000083 -5.000083 2.000729 0.250000 0.001687
-4.999551 -3.999667 1.000377 0.250000 0.005474
-5.000378 -4.000351 2.000875 0.250000 0.002154
-4.999695 -2.999829 1.000602 0.250000 0.008871
-5.000882 -3.000568 2.001312 0.250000 0.004722
-4.999980 -1.999983 1.000918 0.250000 0.013006
-5.001501 -2.000605 2.001878 0.250000 0.008660
-5.000299 -1.000053 1.001184 0.250000 0.016507
-5.002039 -1.000387 2.002364 0.250000 0.012511
-5.000445 -0.000012 1.001288 0.250000 0.018398
-5.002250 0.000037 2.002552 0.250000 0.014675
-5.000290 1.000033 1.001166 0.250000 0.018236
-5.002009 1.000463 2.002339 0.250000 0.014277
-4.999941 1.999968 1.000861 0.250000 0.015698
-5.001436 2.000674 2.001823 0.250000 0.011492
-4.999626 2.999799 1.000543 0.250000 0.011280
-5.000800 3.000597 2.001266 0.250000 0.007515
-4.999553 3.999663 1.000546 0.250000 0.007642
-5.000350 4.000342 2.000981 0.250000 0.004382
-3.999667 -4.999551 1.000377 0.250000 0.005474
-4.000351 -5.000378 2.000875 0.250000 0.002154
-3.999778 -3.999778 1.000513 0.250000 0.009879
-4.000891 -4.000891 2.001400 0.250000 0.005764
-4.000266 -3.000195 1.001136 0.250000 0.017612
-4.001811 -3.001357 2.002480 0.250000 0.013391
-4.001217 -2.000600 1.001949 0.250000 0.023947
-4.003033 -2.001490 2.003868 0.250000 0.022680
-4.002377 -1.000598 1.002683 0.250000 0.026289
-4.004193 -1.001008 2.005110 0.250000 0.030335
-4.002940 -0.000022 1.002989 0.250000 0.027128
-4.004681 0.000046 2.005613 0.250000 0.034024
-4.002368 1.000562 1.002649 0.250000 0.028792
-4.004158 1.001106 2.005061 0.250000 0.032774
-4.001171 2.000579 1.001837 0.250000 0.027810
-4.002956 2.001590 2.003751 0.250000 0.026516
-4.000175 3.000176 1.000970 0.250000 0.020756
-4.001704 3.001417 2.002333 0.250000 0.016912
-3.999768 3.999825 1.000613 0.250000 0.012052
-4.000831 4.000902 2.001419 0.250000 0.008127
-2.999829 -4.999695 1.000602 0.250000 0.008872
-3.000568 -5.000882 2.001312 0.250000 0.004722
-3.000195 -4.000266 1.001136 0.250000 0.017612
-3.001357 -4.001811 2.002480 0.250000 0.013391
-3.001439 -3.001439 1.002465 0.250000 0.026027
-3.002812 -3.002812 2.004680 0.250000 0.027200
-3.004180 -2.002805 1.004432 0.250000 0.021231
-3.005012 -2.003315 2.007704 0.250000 0.040641
-3.007987 -1.002711 1.006791 0.250000 0.006379
-3.007389 -1.002419 2.010715 0.250000 0.049899
-3.009980 -0.000021 1.008038 0.250000 0.000322
-3.008483 0.000062 2.012044 0.250000 0.054265
-3.007976 1.002684 1.006744 0.250000 0.009538
-3.007352 1.002557 2.010640 0.250000 0.052899
-3.004129 2.002813 1.004272 0.250000 0.026031
-3.004930 2.003470 2.007522 0.250000 0.045225
-3.001337 3.001491 1.002192 0.250000 0.029519
-3.002695 3.002940 2.004419 0.250000 0.030972
-3.000177 4.000446 1.001126 0.250000 0.018965
-3.001280 4.001888 2.002374 0.250000 0.015128
-1.999983 -4.999980 1.000918 0.250000 0.013007
-2.000605 -5.001501 2.001878 0.250000 0.008661
-2.000600 -4.001217 1.001949 0.250000 0.023947
-2.001490 -4.003033 2.003868 0.250000 0.022680
-2.002805 -3.004180 1.004432 0.250000 0.021231
-2.003315 -3.005012 2.007704 0.250000 0.040640
-2.008496 -2.008496 1.009681 0.250000 -0.011922
-2.006533 -2.006533 2.013686 0.250000 0.054831
-2.017514 -1.008847 1.019206 0.250000 -0.026802
-2.010555 -1.005245 2.020690 0.250000 0.068260
-2.022603 -0.000017 1.025317 0.250000 -0.013951
-2.012580 0.000079 2.024164 0.250000 0.077849
-2.017502 1.008834 1.019145 0.250000 -0.023153
-2.010524 1.005424 2.020592 0.250000 0.071640
-2.008447 2.008545 1.009475 0.250000 -0.006582
-2.006461 2.006748 2.013442 0.250000 0.059783
-2.002709 3.004329 1.004061 0.250000 0.024461
-2.003210 3.005220 2.007330 0.250000 0.044081
-2.000579 4.001577 1.001833 0.250000 0.023797
-2.001417 4.003198 2.003633 0.250000 0.023082
-1.000053 -5.000299 1.001184 0.250000 0.016507
-1.000387 -5.002039 2.002364 0.250000 0.012510
-1.000598 -4.002377 1.002683 0.250000 0.026289
-1.001008 -4.004193 2.005110 0.250000 0.030335
-1.002711 -3.007987 1.006791 0.250000 0.006379
-1.002419 -3.007389 2.010715 0.250000 0.049899
-1.008847 -2.017514 1.019206 0.250000 -0.026801
-1.005245 -2.010555 2.020690 0.250000 0.068259
-1.019360 -1.019360 1.047262 0.250000 0.087160
-1.009192 -1.009192 2.034222 0.250000 0.107119
-1.025173 -0.000012 1.066614 0.250000 0.222444
-1.011311 0.000093 2.041561 0.250000 0.139290
-1.019352 1.019362 1.047189 0.250000 0.091155
-1.009173 1.009403 2.034104 0.250000 0.110692
-1.008816 2.017597 1.018962 0.250000 -0.021248
-1.005202 2.010819 2.020398 0.250000 0.073269
-1.002652 3.008220 1.006343 0.250000 0.009016
-1.002356 3.007663 2.010254 0.250000 0.052720
-1.000579 4.002894 1.002490 0.250000 0.024487
-1.000959 4.004433 2.004776 0.250000 0.029250
-0.000012 -5.000445 1.001288 0.250000 0.018398
0.000037 -5.002250 2.002552 0.250000 0.014675
-0.000022 -4.002940 1.002989 0.250000 0.027128
0.000046 -4.004681 2.005613 0.250000 0.034024
-0.000021 -3.009980 1.008038 0.250000 0.000323
0.000062 -3.008483 2.012044 0.250000 0.054264
-0.000017 -2.022603 1.025317 0.250000 -0.013951
0.000079 -2.012580 2.024164 0.250000 0.077850
-0.000012 -1.025173 1.066614 0.250000 0.222445
0.000093 -1.011311 2.041561 0.250000 0.139290
-0.000009 -0.000009 1.094482 0.250000 0.446010
0.000098 0.000098 2.051309 0.250000 0.190490
-0.000012 1.025182 1.066534 0.250000 0.226557
0.000093 1.011535 2.041436 0.250000 0.142883
-0.000018 2.022702 1.025056 0.250000 -0.008409
0.000080 2.012862 2.023853 0.250000 0.082759
-0.000021 3.010246 1.007559 0.250000 0.002544
0.000064 3.008783 2.011550 0.250000 0.056651
-0.000009 4.003518 1.002767 0.250000 0.024428
0.000054 4.004950 2.005243 0.250000 0.032113
1.000033 -5.000290 1.001166 0.250000 0.018236
1.000463 -5.002009 2.002339 0.250000 0.014278
1.000562 -4.002368 1.002649 0.250000 0.028792
1.001106 -4.004158 2.005061 0.250000 0.032774
1.002684 -3.007976 1.006744 0.250000 0.009537
1.002557 -3.007352 2.010640 0.250000 0.052900
1.008834 -2.017502 1.019145 0.250000 -0.023154
1.005424 -2.010524 2.020592 0.250000 0.071640
1.019362 -1.019352 1.047189 0.250000 0.091155
1.009403 -1.009173 2.034104 0.250000 0.110692
1.025182 -0.000012 1.066534 0.250000 0.226557
1.011535 0.000093 2.041436 0.250000 0.142882
1.019354 1.019354 1.047113 0.250000 0.095057
1.009384 1.009384 2.033986 0.250000 0.114127
1.008801 2.017585 1.018898 0.250000 -0.017825
1.005380 2.010786 2.020299 0.250000 0.076356
1.002625 3.008206 1.006293 0.250000 0.011761
1.002495 3.007624 2.010182 0.250000 0.055262
1.000570 4.002877 1.002461 0.250000 0.026398
1.001072 4.004394 2.004735 0.250000 0.031105
1.999968 -4.999941 1.000861 0.250000 0.015698
2.000674 -5.001436 2.001823 0.250000 0.011492
2.000579 -4.001171 1.001837 0.250000 0.027810
2.001590 -4.002956 2.003751 0.250000 0.026516
2.002813 -3.004129 1.004272 0.250000 0.026031
2.003470 -3.004930 2.007522 0.250000 0.045225
2.008545 -2.008447 1.009475 0.250000 -0.006581
2.006748 -2.006461 2.013442 0.250000 0.059783
2.017597 -1.008816 1.018962 0.250000 -0.021247
2.010819 -1.005202 2.020398 0.250000 0.073270
2.022702 -0.000018 1.025056 0.250000 -0.008410
2.012862 0.000080 2.023853 0.250000 0.082759
2.017585 1.008801 1.018898 0.250000 -0.017824
2.010786 1.005380 2.020299 0.250000 0.076356
2.008492 2.008492 1.009265 0.250000 -0.001755
2.006674 2.006674 2.013200 0.250000 0.064128
2.002716 3.004270 1.003904 0.250000 0.028403
2.003364 3.005132 2.007158 0.250000 0.047759
2.000586 4.001519 1.001746 0.250000 0.026566
2.001529 4.003115 2.003539 0.250000 0.025830
2.999799 -4.999626 1.000543 0.250000 0.011280
3.000597 -5.000800 2.001266 0.250000 0.007515
3.000176 -4.000175 1.000970 0.250000 0.020756
3.001417 -4.001704 2.002333 0.250000 0.016912
3.001491 -3.001337 1.002192 0.250000 0.029519
3.002940 -3.002695 2.004419 0.250000 0.030972
3.004329 -2.002709 1.004061 0.250000 0.024461
3.005220 -2.003210 2.007330 0.250000 0.044082
3.008220 -1.002652 1.006343 0.250000 0.009015
3.007663 -1.002356 2.010254 0.250000 0.052720
3.010246 -0.000021 1.007559 0.250000 0.002544
3.008783 0.000064 2.011550 0.250000 0.056650
3.008206 1.002625 1.006293 0.250000 0.011762
3.007624 1.002495 2.010182 0.250000 0.055262
3.004270 2.002716 1.003904 0.250000 0.028403
3.005132 2.003364 2.007158 0.250000 0.047760
3.001384 3.001384 1.001943 0.250000 0.031788
3.002819 3.002819 2.004183 0.250000 0.033485
3.000187 4.000352 1.001017 0.250000 0.020833
3.001354 4.001783 2.002272 0.250000 0.017262
3.999663 -4.999553 1.000546 0.250000 0.007642
4.000342 -5.000350 2.000981 0.250000 0.004382
3.999825 -3.999768 1.000613 0.250000 0.012052
4.000902 -4.000831 2.001419 0.250000 0.008127
4.000446 -3.000177 1.001126 0.250000 0.018964
4.001888 -3.001280 2.002374 0.250000 0.015128
4.001577 -2.000579 1.001833 0.250000 0.023797
4.003198 -2.001417 2.003633 0.250000 0.023082
4.002894 -1.000579 1.002490 0.250000 0.024487
4.004433 -1.000959 2.004776 0.250000 0.029249
4.003518 -0.000009 1.002767 0.250000 0.024428
4.004950 0.000054 2.005243 0.250000 0.032113
4.002877 1.000570 1.002461 0.250000 0.026398
4.004394 1.001072 2.004735 0.250000 0.031105
4.001519 2.000586 1.001746 0.250000 0.026566
4.003115 2.001529 2.003539 0.250000 0.025830
4.000352 3.000187 1.001017 0.250000 0.020833
4.001783 3.001354 2.002272 0.250000 0.017262
3.999842 3.999842 1.000769 0.250000 0.012920
4.000866 4.000866 2.001489 0.250000 0.009041
0.000000 0.000000 -1.000000 0.250000 0.000000
