-4.999641 -4.999641 0.000564 0.250000 0.004417
-4.999519 -3.999595 0.000402 0.250000 0.007722
-4.999509 -2.999676 0.000437 0.250000 0.014248
-4.999685 -1.999853 0.000437 0.250000 0.020950
-4.999986 -1.000002 0.000364 0.250000 0.025389
-5.000154 -0.000049 0.000321 0.250000 0.027041
-5.000015 0.999903 0.000365 0.250000 0.026258
-4.999710 1.999757 0.000417 0.250000 0.022401
-4.999487 2.999601 0.000446 0.250000 0.016073
-4.999498 3.999581 0.000683 0.250000 0.011158
-3.999595 -4.999519 0.000402 0.250000 0.007722
-3.999590 -3.999590 0.000166 0.250000 0.014953
-4.000034 -3.000022 0.000011 0.250000 0.024449
-4.001226 -2.000624 -0.000467 0.250000 0.026380
-4.002869 -1.000745 -0.001128 0.250000 0.018245
-4.003711 -0.000064 -0.001439 0.250000 0.012613
-4.002902 1.000612 -0.001129 0.250000 0.019450
-4.001249 2.000488 -0.000511 0.250000 0.028414
-3.999994 2.999929 -0.000031 0.250000 0.026814
-3.999566 3.999624 0.000456 0.250000 0.019125
-2.999676 -4.999509 0.000437 0.250000 0.014248
-3.000022 -4.000034 0.000011 0.250000 0.024449
-3.001684 -3.001684 -0.000856 0.250000 0.022393
-3.005853 -2.003933 -0.002483 0.250000 -0.019700
-3.011891 -1.004038 -0.003449 0.250000 -0.084722
-3.015109 -0.000074 -0.003343 0.250000 -0.113567
-3.011919 1.003883 -0.003446 0.250000 -0.083217
-3.005863 2.003782 -0.002531 0.250000 -0.017071
-3.001623 3.001628 -0.000924 0.250000 0.025427
-2.999993 4.000210 0.000283 0.250000 0.029086
-1.999853 -4.999685 0.000437 0.250000 0.020951
-2.000624 -4.001226 -0.000467 0.250000 0.026379
-2.003933 -3.005853 -0.002483 0.250000 -0.019700
-2.013039 -2.013039 -0.002610 0.250000 -0.145565
-2.027783 -1.013982 0.008838 0.250000 -0.210626
-2.035762 -0.000086 0.020449 0.250000 -0.179460
-2.027802 1.013803 0.008845 0.250000 -0.208822
-2.013036 2.012881 -0.002662 0.250000 -0.142464
-2.003866 3.005867 -0.002564 0.250000 -0.016163
-2.000595 4.001610 -0.000197 0.250000 0.031232
-1.000002 -4.999986 0.000364 0.250000 0.025389
-1.000745 -4.002869 -0.001128 0.250000 0.018245
-1.004038 -3.011891 -0.003449 0.250000 -0.084721
-1.013982 -2.027783 0.008838 0.250000 -0.210626
-1.027112 -1.027112 0.072790 0.250000 0.134223
-1.035125 -0.000096 0.112911 0.250000 0.399770
-1.027121 1.026914 0.072801 0.250000 0.136510
-1.013975 2.027623 0.008780 0.250000 -0.207093
-1.003995 3.011976 -0.003541 0.250000 -0.080914
-1.000726 4.003446 -0.000854 0.250000 0.023016
-0.000049 -5.000154 0.000321 0.250000 0.027041
-0.000064 -4.003711 -0.001439 0.250000 0.012614
-0.000074 -3.015109 -0.003343 0.250000 -0.113567
-0.000086 -2.035762 0.020449 0.250000 -0.179460
-0.000096 -1.035125 0.112911 0.250000 0.399770
-0.000100 -0.000100 0.174670 0.250000 0.844760
-0.000095 1.034922 0.112922 0.250000 0.402340
-0.000088 2.035604 0.020383 0.250000 -0.175666
-0.000080 3.015225 -0.003442 0.250000 -0.109669
-0.000061 4.004368 -0.001164 0.250000 0.017270
0.999903 -5.000015 0.000365 0.250000 0.026258
1.000612 -4.002902 -0.001129 0.250000 0.019450
1.003883 -3.011919 -0.003446 0.250000 -0.083217
1.013803 -2.027802 0.008845 0.250000 -0.208822
1.026914 -1.027121 0.072801 0.250000 0.136513
1.034922 -0.000095 0.112922 0.250000 0.402340
1.026926 1.026926 0.072809 0.250000 0.138848
1.013794 2.027645 0.008782 0.250000 -0.205235
1.003831 3.012006 -0.003544 0.250000 -0.079429
1.000604 4.003475 -0.000855 0.250000 0.024104
1.999757 -4.999710 0.000417 0.250000 0.022401
2.000488 -4.001249 -0.000511 0.250000 0.028413
2.003782 -3.005863 -0.002531 0.250000 -0.017071
2.012881 -2.013036 -0.002662 0.250000 -0.142464
2.027623 -1.013975 0.008780 0.250000 -0.207093
2.035604 -0.000088 0.020383 0.250000 -0.175666
2.027645 1.013794 0.008782 0.250000 -0.205235
2.012878 2.012878 -0.002723 0.250000 -0.139349
2.003712 3.005876 -0.002621 0.250000 -0.013662
2.000483 4.001625 -0.000227 0.250000 0.033060
2.999601 -4.999487 0.000446 0.250000 0.016073
2.999929 -3.999994 -0.000031 0.250000 0.026814
3.001628 -3.001623 -0.000924 0.250000 0.025426
3.005867 -2.003866 -0.002564 0.250000 -0.016163
3.011976 -1.003995 -0.003541 0.250000 -0.080914
3.015225 -0.000080 -0.003442 0.250000 -0.109670
3.012006 1.003831 -0.003544 0.250000 -0.079429
3.005876 2.003712 -0.002621 0.250000 -0.013661
3.001568 3.001568 -0.000985 0.250000 0.028251
2.999930 4.000167 0.000284 0.250000 0.031345
3.999581 -4.999498 0.000683 0.250000 0.011158
3.999624 -3.999566 0.000456 0.250000 0.019125
4.000210 -2.999993 0.000283 0.250000 0.029086
4.001610 -2.000595 -0.000197 0.250000 0.031233
4.003446 -1.000726 -0.000854 0.250000 0.023015
4.004368 -0.000061 -0.001164 0.250000 0.017269
4.003475 1.000604 -0.000855 0.250000 0.024104
4.001625 2.000483 -0.000227 0.250000 0.033060
4.000167 2.999930 0.000284 0.250000 0.031345
3.999623 3.999623 0.000770 0.250000 0.023077
-4.999398 -4.999398 1.000471 0.250000 -0.000402
-4.999933 -4.999933 2.000722 0.250000 -0.002593
-4.999252 -3.999457 1.000405 0.250000 -0.001202
-5.000171 -4.000207 2.000861 0.250000 -0.003948
-4.999212 -2.999596 1.000676 0.250000 0.001695
-5.000606 -3.000445 2.001328 0.250000 -0.002205
-4.999296 -1.999772 1.001060 0.250000 0.007052
-5.001161 -2.000519 2.001955 0.250000 0.002171
-4.999459 -0.999932 1.001391 0.250000 0.012402
-5.001655 -1.000356 2.002502 0.250000 0.007024
-4.999552 -0.000034 1.001528 0.250000 0.015112
-5.001854 0.000001 2.002725 0.250000 0.009735
-4.999470 0.999866 1.001398 0.250000 0.014099
-5.001641 1.000360 2.002505 0.250000 0.009082
-4.999290 1.999704 1.001045 0.250000 0.010121
-5.001122 2.000518 2.001948 0.250000 0.005954
-4.999169 2.999498 1.000664 0.250000 0.005565
-5.000546 3.000403 2.001340 0.250000 0.002669
-4.999243 3.999364 1.000630 0.250000 0.003882
-5.000145 4.000125 2.001025 0.250000 0.001529
-3.999457 -4.999252 1.000405 0.250000 -0.001202
-4.000207 -5.000171 2.000861 0.250000 -0.003948
-3.999406 -3.999406 1.000590 0.250000 0.001320
-4.000693 -4.000693 2.001422 0.250000 -0.002455
-3.999639 -2.999768 1.001338 0.250000 0.010961
-4.001540 -3.001183 2.002611 0.250000 0.005410
-4.000308 -2.000204 1.002282 0.250000 0.022723
-4.002682 -2.001359 2.004149 0.250000 0.017286
-4.001258 -1.000365 1.003091 0.250000 0.030526
-4.003779 -1.000951 2.005523 0.250000 0.027906
-4.001756 -0.000043 1.003426 0.250000 0.033454
-4.004249 0.000005 2.006087 0.250000 0.032903
-4.001270 1.000283 1.003093 0.250000 0.032944
-4.003761 1.000967 2.005511 0.250000 0.030757
-4.000296 2.000122 1.002231 0.250000 0.027106
-4.002629 2.001379 2.004099 0.250000 0.022505
-3.999570 2.999660 1.001235 0.250000 0.016312
-4.001451 3.001161 2.002540 0.250000 0.012016
-3.999374 3.999335 1.000758 0.250000 0.007961
-4.000628 4.000616 2.001514 0.250000 0.004750
-2.999596 -4.999212 1.000676 0.250000 0.001695
-3.000445 -5.000606 2.001328 0.250000 -0.002205
-2.999768 -3.999639 1.001338 0.250000 0.010961
-3.001183 -4.001540 2.002611 0.250000 0.005410
-3.000720 -3.000720 1.002843 0.250000 0.026904
-3.002557 -3.002557 2.005029 0.250000 0.022324
-3.003221 -2.002203 1.004821 0.250000 0.032507
-3.004663 -2.003111 2.008283 0.250000 0.041306
-3.007016 -1.002436 1.007014 0.250000 0.023409
-3.006986 -1.002327 2.011452 0.250000 0.054553
-3.009081 -0.000045 1.008182 0.250000 0.018292
-3.008074 0.000015 2.012851 0.250000 0.060156
-3.007025 1.002353 1.007012 0.250000 0.026525
-3.006964 1.002370 2.011425 0.250000 0.058162
-3.003200 2.002134 1.004738 0.250000 0.038160
-3.004602 2.003173 2.008183 0.250000 0.047862
-3.000631 3.000660 1.002648 0.250000 0.033621
-3.002450 3.002591 2.004857 0.250000 0.030408
-2.999720 3.999679 1.001398 0.250000 0.018620
-3.001093 4.001518 2.002584 0.250000 0.013822
-1.999772 -4.999296 1.001060 0.250000 0.007051
-2.000519 -5.001161 2.001955 0.250000 0.002171
-2.000204 -4.000308 1.002282 0.250000 0.022724
-2.001359 -4.002682 2.004149 0.250000 0.017286
-2.002203 -3.003221 1.004821 0.250000 0.032507
-2.003111 -3.004663 2.008283 0.250000 0.041306
-2.008066 -2.008066 1.009645 0.250000 0.005362
-2.006289 -2.006289 2.014497 0.250000 0.060521
-2.017914 -1.009101 1.018880 0.250000 -0.019286
-2.010400 -1.005198 2.021673 0.250000 0.072376
-2.023600 -0.000047 1.025102 0.250000 -0.015029
-2.012517 0.000026 2.025260 0.250000 0.079569
-2.017917 1.009017 1.018872 0.250000 -0.015585
-2.010379 1.005271 2.021629 0.250000 0.076593
-2.008039 2.008019 1.009527 0.250000 0.011965
-2.006230 2.006401 2.014345 0.250000 0.068063
-2.002114 3.003238 1.004532 0.250000 0.040026
-2.003010 3.004770 2.008002 0.250000 0.050274
-2.000156 4.000514 1.002230 0.250000 0.030650
-2.001271 4.002742 2.003988 0.250000 0.026106
-0.999932 -4.999459 1.001391 0.250000 0.012402
-1.000356 -5.001655 2.002502 0.250000 0.007024
-1.000365 -4.001258 1.003091 0.250000 0.030526
-1.000951 -4.003779 2.005523 0.250000 0.027906
-1.002436 -3.007016 1.007014 0.250000 0.023409
-1.002327 -3.006986 2.011452 0.250000 0.054552
-1.009101 -2.017914 1.018880 0.250000 -0.019287
-1.005198 -2.010400 2.021673 0.250000 0.072376
-1.020995 -1.020995 1.048215 0.250000 0.054936
-1.009377 -1.009377 2.035635 0.250000 0.097410
-1.027651 -0.000048 1.069261 0.250000 0.164879
-1.011676 0.000036 2.043350 0.250000 0.120326
-1.020994 1.020914 1.048200 0.250000 0.059112
-1.009363 1.009475 2.035577 0.250000 0.102018
-1.009081 2.017889 1.018729 0.250000 -0.012087
-1.005161 2.010555 2.021478 0.250000 0.080473
-1.002380 3.007106 1.006646 0.250000 0.031174
-1.002263 3.007156 2.011084 0.250000 0.063827
-1.000333 4.001620 1.002949 0.250000 0.038121
-1.000892 4.003914 2.005251 0.250000 0.036527
-0.000034 -4.999552 1.001528 0.250000 0.015111
0.000001 -5.001854 2.002725 0.250000 0.009735
-0.000043 -4.001756 1.003426 0.250000 0.033453
0.000005 -4.004249 2.006087 0.250000 0.032902
-0.000045 -3.009081 1.008182 0.250000 0.018292
0.000015 -3.008074 2.012851 0.250000 0.060156
-0.000047 -2.023600 1.025102 0.250000 -0.015028
0.000026 -2.012517 2.025260 0.250000 0.079569
-0.000048 -1.027651 1.069261 0.250000 0.164877
0.000036 -1.011676 2.043350 0.250000 0.120327
-0.000047 -0.000047 1.099986 0.250000 0.353455
0.000040 0.000040 2.053714 0.250000 0.158735
-0.000047 1.027576 1.069242 0.250000 0.169266
0.000037 1.011785 2.043285 0.250000 0.125051
-0.000048 2.023586 1.024935 0.250000 -0.007627
0.000028 2.012688 2.025047 0.250000 0.087796
-0.000047 3.009202 1.007780 0.250000 0.026035
0.000017 3.008269 2.012447 0.250000 0.069399
-0.000037 4.002180 1.003246 0.250000 0.040733
0.000011 4.004413 2.005772 0.250000 0.041242
0.999866 -4.999470 1.001398 0.250000 0.014098
1.000360 -5.001641 2.002505 0.250000 0.009082
1.000283 -4.001270 1.003093 0.250000 0.032944
1.000967 -4.003761 2.005511 0.250000 0.030757
1.002353 -3.007025 1.007012 0.250000 0.026525
1.002370 -3.006964 2.011425 0.250000 0.058163
1.009017 -2.017917 1.018872 0.250000 -0.015585
1.005271 -2.010379 2.021629 0.250000 0.076593
1.020914 -1.020994 1.048200 0.250000 0.059113
1.009475 -1.009363 2.035577 0.250000 0.102018
1.027576 -0.000047 1.069242 0.250000 0.169266
1.011785 0.000037 2.043285 0.250000 0.125051
1.020916 1.020916 1.048182 0.250000 0.063274
1.009463 1.009463 2.035517 0.250000 0.106551
1.008998 2.017894 1.018715 0.250000 -0.008457
1.005236 2.010534 2.021431 0.250000 0.084521
1.002292 3.007114 1.006637 0.250000 0.034098
1.002309 3.007133 2.011054 0.250000 0.067150
1.000264 4.001627 1.002949 0.250000 0.040239
1.000921 4.003893 2.005241 0.250000 0.039002
1.999704 -4.999290 1.001045 0.250000 0.010121
2.000518 -5.001122 2.001948 0.250000 0.005954
2.000122 -4.000296 1.002231 0.250000 0.027106
2.001379 -4.002629 2.004099 0.250000 0.022505
2.002134 -3.003200 1.004738 0.250000 0.038159
2.003173 -3.004602 2.008183 0.250000 0.047861
2.008019 -2.008039 1.009527 0.250000 0.011965
2.006401 -2.006230 2.014345 0.250000 0.068063
2.017889 -1.009081 1.018729 0.250000 -0.012087
2.010555 -1.005161 2.021478 0.250000 0.080473
2.023586 -0.000048 1.024935 0.250000 -0.007627
2.012688 0.000028 2.025047 0.250000 0.087796
2.017894 1.008998 1.018715 0.250000 -0.008457
2.010534 1.005236 2.021431 0.250000 0.084521
2.007992 2.007992 1.009399 0.250000 0.018340
2.006343 2.006343 2.014188 0.250000 0.075224
2.002042 3.003213 1.004442 0.250000 0.045207
2.003073 3.004706 2.007902 0.250000 0.056212
2.000092 4.000493 1.002191 0.250000 0.034414
2.001301 4.002685 2.003948 0.250000 0.030557
2.999498 -4.999169 1.000664 0.250000 0.005565
3.000403 -5.000546 2.001340 0.250000 0.002669
2.999660 -3.999570 1.001235 0.250000 0.016312
3.001161 -4.001451 2.002540 0.250000 0.012016
3.000660 -3.000631 1.002648 0.250000 0.033621
3.002591 -3.002450 2.004857 0.250000 0.030408
3.003238 -2.002114 1.004532 0.250000 0.040026
3.004770 -2.003010 2.008002 0.250000 0.050274
3.007106 -1.002380 1.006646 0.250000 0.031174
3.007156 -1.002263 2.011084 0.250000 0.063827
3.009202 -0.000047 1.007780 0.250000 0.026035
3.008269 0.000017 2.012447 0.250000 0.069400
3.007114 1.002292 1.006637 0.250000 0.034098
3.007133 1.002309 2.011054 0.250000 0.067150
3.003213 2.002042 1.004442 0.250000 0.045205
3.004706 2.003073 2.007902 0.250000 0.056212
3.000567 3.000567 1.002461 0.250000 0.039577
3.002483 3.002483 2.004695 0.250000 0.037547
2.999640 3.999608 1.001339 0.250000 0.023150
3.001087 4.001431 2.002540 0.250000 0.019310
3.999364 -4.999243 1.000630 0.250000 0.003882
4.000125 -5.000145 2.001025 0.250000 0.001529
3.999335 -3.999374 1.000758 0.250000 0.007961
4.000616 -4.000628 2.001514 0.250000 0.004750
3.999679 -2.999720 1.001398 0.250000 0.018620
4.001518 -3.001093 2.002584 0.250000 0.013822
4.000514 -2.000156 1.002230 0.250000 0.030650
4.002742 -2.001271 2.003988 0.250000 0.026106
4.001620 -1.000333 1.002949 0.250000 0.038121
4.003914 -1.000892 2.005251 0.250000 0.036526
4.002180 -0.000037 1.003246 0.250000 0.040732
4.004413 0.000011 2.005772 0.250000 0.041242
4.001627 1.000264 1.002949 0.250000 0.040239
4.003893 1.000921 2.005241 0.250000 0.039002
4.000493 2.000092 1.002191 0.250000 0.034414
4.002685 2.001301 2.003948 0.250000 0.030557
3.999608 2.999640 1.001339 0.250000 0.023150
4.001431 3.001087 2.002540 0.250000 0.019310
3.999334 3.999334 1.000965 0.250000 0.013544
4.000577 4.000577 2.001637 0.250000 0.010587
0.000000 0.000000 -1.000000 0.250000 0.000000
