-5.000165 -5.000165 0.000207 0.250000 0.000631
-5.000378 -4.000225 -0.000106 0.250000 0.001730
-5.000829 -3.000345 -0.000215 0.250000 -0.001451
-5.001439 -2.000413 -0.000255 0.250000 -0.009831
-5.002011 -1.000296 -0.000278 0.250000 -0.019349
-5.002246 0.000015 -0.000292 0.250000 -0.023864
-5.001986 1.000335 -0.000300 0.250000 -0.020699
-5.001384 2.000484 -0.000290 0.250000 -0.013697
-5.000769 3.000478 -0.000173 0.250000 -0.009117
-5.000422 4.000460 0.000229 0.250000 -0.008580
-4.000225 -5.000378 -0.000106 0.250000 0.001730
-4.000607 -4.000607 -0.000536 0.250000 -0.000398
-4.001495 -3.001017 -0.000686 0.250000 -0.014679
-4.002897 -2.001320 -0.000689 0.250000 -0.042866
-4.004399 -1.001019 -0.000585 0.250000 -0.073168
-4.005079 -0.000003 -0.000517 0.250000 -0.086665
-4.004374 1.001029 -0.000625 0.250000 -0.074512
-4.002836 2.001384 -0.000767 0.250000 -0.047404
-4.001430 3.001196 -0.000686 0.250000 -0.024782
-4.000673 4.000960 -0.000146 0.250000 -0.014901
-3.000345 -5.000829 -0.000215 0.250000 -0.001451
-3.001017 -4.001495 -0.000686 0.250000 -0.014679
-3.002720 -3.002720 -0.000698 0.250000 -0.057011
-3.005898 -2.003881 0.000048 0.250000 -0.127702
-3.009897 -1.003269 0.001818 0.250000 -0.189198
-3.011906 -0.000004 0.002994 0.250000 -0.209186
-3.009871 1.003286 0.001767 0.250000 -0.190536
-3.005837 2.003981 -0.000052 0.250000 -0.132748
-3.002654 3.002996 -0.000717 0.250000 -0.069013
-3.001088 4.002023 -0.000259 0.250000 -0.032779
-2.000413 -5.001439 -0.000255 0.250000 -0.009832
-2.001320 -4.002897 -0.000689 0.250000 -0.042866
-2.003881 -3.005898 0.000048 0.250000 -0.127702
-2.009627 -2.009627 0.004794 0.250000 -0.221655
-2.018194 -1.009100 0.017188 0.250000 -0.171735
-2.022701 0.000003 0.026410 0.250000 -0.068387
-2.018172 1.009137 0.017130 0.250000 -0.173120
-2.009574 2.009778 0.004682 0.250000 -0.227206
-2.003821 3.006290 0.000026 0.250000 -0.141184
-2.001371 4.003621 -0.000212 0.250000 -0.063564
-1.000296 -5.002011 -0.000278 0.250000 -0.019349
-1.001019 -4.004399 -0.000585 0.250000 -0.073168
-1.003269 -3.009897 0.001818 0.250000 -0.189198
-1.009100 -2.018194 0.017188 0.250000 -0.171734
-1.016512 -1.016512 0.062368 0.250000 0.481585
-1.021005 0.000010 0.089014 0.250000 0.917582
-1.016499 1.016569 0.062300 0.250000 0.480098
-1.009068 2.018386 0.017063 0.250000 -0.177815
-1.003230 3.010382 0.001801 0.250000 -0.203782
-1.001035 4.005281 -0.000058 0.250000 -0.095555
0.000015 -5.002246 -0.000292 0.250000 -0.023864
-0.000003 -4.005079 -0.000517 0.250000 -0.086665
-0.000004 -3.011906 0.002994 0.250000 -0.209185
0.000003 -2.022701 0.026410 0.250000 -0.068388
0.000010 -1.021005 0.089014 0.250000 0.917581
0.000014 0.000014 0.128838 0.250000 1.606134
0.000010 1.021069 0.088940 0.250000 0.915979
0.000003 2.022909 0.026278 0.250000 -0.074834
0.000003 3.012427 0.002980 0.250000 -0.224335
0.000024 4.006021 0.000034 0.250000 -0.109804
1.000335 -5.001986 -0.000300 0.250000 -0.020699
1.001029 -4.004374 -0.000625 0.250000 -0.074512
1.003286 -3.009871 0.001767 0.250000 -0.190536
1.009137 -2.018172 0.017130 0.250000 -0.173120
1.016569 -1.016499 0.062300 0.250000 0.480098
1.021069 0.000010 0.088940 0.250000 0.915978
1.016555 1.016555 0.062232 0.250000 0.478458
1.009104 2.018362 0.017007 0.250000 -0.179505
1.003259 3.010354 0.001756 0.250000 -0.205549
1.001098 4.005251 -0.000081 0.250000 -0.097313
2.000484 -5.001384 -0.000290 0.250000 -0.013698
2.001384 -4.002836 -0.000767 0.250000 -0.047405
2.003981 -3.005837 -0.000052 0.250000 -0.132747
2.009778 -2.009574 0.004682 0.250000 -0.227206
2.018386 -1.009068 0.017063 0.250000 -0.177815
2.022909 0.000003 0.026278 0.250000 -0.074833
2.018362 1.009104 0.017007 0.250000 -0.179504
2.009722 2.009722 0.004575 0.250000 -0.233324
2.003930 3.006223 -0.000056 0.250000 -0.146895
2.001481 4.003553 -0.000246 0.250000 -0.068464
3.000478 -5.000769 -0.000173 0.250000 -0.009117
3.001196 -4.001430 -0.000686 0.250000 -0.024782
3.002996 -3.002654 -0.000717 0.250000 -0.069013
3.006290 -2.003821 0.000026 0.250000 -0.141184
3.010382 -1.003230 0.001801 0.250000 -0.203782
3.012427 0.000003 0.002980 0.250000 -0.224335
3.010354 1.003259 0.001756 0.250000 -0.205549
3.006223 2.003930 -0.000056 0.250000 -0.146895
3.002930 3.002930 -0.000698 0.250000 -0.081391
3.001292 4.001951 -0.000195 0.250000 -0.042312
4.000460 -5.000422 0.000229 0.250000 -0.008580
4.000960 -4.000673 -0.000146 0.250000 -0.014901
4.002023 -3.001088 -0.000259 0.250000 -0.032779
4.003621 -2.001371 -0.000212 0.250000 -0.063564
4.005281 -1.001035 -0.000058 0.250000 -0.095556
4.006021 0.000024 0.000034 0.250000 -0.109804
4.005251 1.001098 -0.000081 0.250000 -0.097312
4.003553 2.001481 -0.000246 0.250000 -0.068464
4.001951 3.001292 -0.000195 0.250000 -0.042312
4.001027 4.001027 0.000277 0.250000 -0.027575
-5.000073 -5.000073 1.000350 0.250000 -0.005878
-5.000426 -5.000426 2.000714 0.250000 -0.008992
-5.000281 -4.000232 1.000232 0.250000 -0.004754
-5.000809 -4.000689 2.000823 0.250000 -0.007693
-5.000729 -3.000410 1.000400 0.250000 -0.005250
-5.001413 -3.000875 2.001200 0.250000 -0.006610
-5.001327 -2.000471 1.000685 0.250000 -0.008370
-5.002127 -2.000837 2.001705 0.250000 -0.006501
-5.001873 -1.000315 1.000942 0.250000 -0.012170
-5.002729 -1.000495 2.002139 0.250000 -0.007004
-5.002091 0.000039 1.001038 0.250000 -0.014162
-5.002957 0.000079 2.002302 0.250000 -0.007761
-5.001838 1.000396 1.000908 0.250000 -0.013642
-5.002690 1.000647 2.002104 0.250000 -0.008995
-5.001260 2.000553 1.000623 0.250000 -0.012617
-5.002061 2.000967 2.001653 0.250000 -0.011379
-5.000668 3.000483 1.000390 0.250000 -0.013742
-5.001360 3.000960 2.001203 0.250000 -0.015165
-5.000341 4.000347 1.000494 0.250000 -0.015962
-5.000843 4.000753 2.001021 0.250000 -0.018646
-4.000232 -5.000281 1.000232 0.250000 -0.004754
-4.000689 -5.000809 2.000823 0.250000 -0.007693
-4.000635 -4.000635 1.000252 0.250000 -0.002293
-4.001317 -4.001317 2.001231 0.250000 -0.003451
-4.001508 -3.001092 1.000775 0.250000 -0.003880
-4.002338 -3.001743 2.002147 0.250000 0.000720
-4.002823 -2.001343 1.001592 0.250000 -0.011259
-4.003647 -2.001776 2.003375 0.250000 0.003605
-4.004187 -1.000986 1.002411 0.250000 -0.020030
-4.004849 -1.001138 2.004498 0.250000 0.005365
-4.004790 0.000035 1.002757 0.250000 -0.024175
-4.005341 0.000092 2.004949 0.250000 0.005479
-4.004150 1.001063 1.002347 0.250000 -0.021688
-4.004807 1.001318 2.004433 0.250000 0.002864
-4.002750 2.001434 1.001467 0.250000 -0.016659
-4.003573 2.001937 2.003262 0.250000 -0.002846
-4.001437 3.001193 1.000680 0.250000 -0.015689
-4.002271 3.001855 2.002074 0.250000 -0.011150
-4.000700 4.000816 1.000506 0.250000 -0.018668
-4.001334 4.001400 2.001395 0.250000 -0.019126
-3.000410 -5.000729 1.000400 0.250000 -0.005250
-3.000875 -5.001413 2.001200 0.250000 -0.006610
-3.001092 -4.001509 1.000775 0.250000 -0.003880
-3.001743 -4.002338 2.002147 0.250000 0.000720
-3.002679 -3.002679 1.002091 0.250000 -0.011514
-3.003272 -3.003272 2.004069 0.250000 0.008742
-3.005487 -2.003624 1.004384 0.250000 -0.028757
-3.005469 -2.003602 2.006839 0.250000 0.017165
-3.008889 -1.002930 1.007172 0.250000 -0.042245
-3.007728 -1.002496 2.009646 0.250000 0.026586
-3.010555 0.000043 1.008561 0.250000 -0.045326
-3.008733 0.000111 2.010875 0.250000 0.030897
-3.008855 1.003030 1.007086 0.250000 -0.044144
-3.007689 1.002719 2.009552 0.250000 0.023515
-3.005418 2.003758 1.004207 0.250000 -0.035334
-3.005399 2.003814 2.006668 0.250000 0.009040
-3.002608 3.002856 1.001921 0.250000 -0.026533
-3.003203 3.003437 2.003918 0.250000 -0.006580
-3.001153 4.001807 1.000992 0.250000 -0.025363
-3.001750 4.002471 2.002256 0.250000 -0.019861
-2.000471 -5.001327 1.000685 0.250000 -0.008370
-2.000837 -5.002127 2.001705 0.250000 -0.006501
-2.001343 -4.002823 1.001592 0.250000 -0.011258
-2.001776 -4.003647 2.003375 0.250000 0.003606
-2.003624 -3.005487 1.004384 0.250000 -0.028757
-2.003602 -3.005469 2.006839 0.250000 0.017165
-2.008441 -2.008441 1.010402 0.250000 -0.043944
-2.006589 -2.006589 2.012422 0.250000 0.040662
-2.015285 -1.007642 1.019772 0.250000 -0.003016
-2.010063 -1.004968 2.018857 0.250000 0.079355
-2.018974 0.000056 1.025209 0.250000 0.042144
-2.011739 0.000131 2.021953 0.250000 0.102121
-2.015258 1.007774 1.019667 0.250000 -0.005219
-2.010032 1.005235 2.018739 0.250000 0.075710
-2.008384 2.008628 1.010184 0.250000 -0.051728
-2.006532 2.006854 2.012201 0.250000 0.030926
-2.003564 3.005755 1.004155 0.250000 -0.046746
-2.003545 3.005696 2.006619 0.250000 -0.001377
-2.001389 4.003260 1.001784 0.250000 -0.037151
-2.001777 4.003842 2.003432 0.250000 -0.021443
-1.000315 -5.001873 1.000942 0.250000 -0.012171
-1.000495 -5.002729 2.002139 0.250000 -0.007004
-1.000986 -4.004187 1.002411 0.250000 -0.020030
-1.001138 -4.004849 2.004498 0.250000 0.005365
-1.002930 -3.008889 1.007172 0.250000 -0.042245
-1.002496 -3.007728 2.009646 0.250000 0.026585
-1.007642 -2.015285 1.019772 0.250000 -0.003016
-1.004968 -2.010063 2.018857 0.250000 0.079355
-1.015070 -1.015070 1.043360 0.250000 0.252267
-1.008147 -1.008147 2.030730 0.250000 0.182441
-1.019064 0.000068 1.058341 0.250000 0.464972
-1.009778 0.000146 2.036880 0.250000 0.247763
-1.015054 1.015229 1.043240 0.250000 0.249748
-1.008130 1.008446 2.030596 0.250000 0.178325
-1.007609 2.015513 1.019524 0.250000 -0.011838
-1.004937 2.010368 2.018603 0.250000 0.068362
-1.002893 3.009228 1.006904 0.250000 -0.062546
-1.002463 3.008002 2.009379 0.250000 0.005616
-1.001004 4.004736 1.002593 0.250000 -0.049138
-1.001135 4.005094 2.004521 0.250000 -0.022975
0.000039 -5.002091 1.001038 0.250000 -0.014163
0.000079 -5.002957 2.002302 0.250000 -0.007761
0.000035 -4.004790 1.002757 0.250000 -0.024175
0.000092 -4.005341 2.004949 0.250000 0.005480
0.000043 -3.010555 1.008561 0.250000 -0.045326
0.000111 -3.008733 2.010875 0.250000 0.030897
0.000056 -2.018974 1.025209 0.250000 0.042144
0.000131 -2.011739 2.021953 0.250000 0.102121
0.000068 -1.019064 1.058341 0.250000 0.464970
0.000146 -1.009778 2.036880 0.250000 0.247763
0.000073 0.000073 1.079260 0.250000 0.790356
0.000151 0.000151 2.044834 0.250000 0.342010
0.000067 1.019233 1.058215 0.250000 0.462258
0.000144 1.010087 2.036741 0.250000 0.243423
0.000055 2.019217 1.024951 0.250000 0.032795
0.000129 2.012056 2.021689 0.250000 0.090579
0.000046 3.010920 1.008282 0.250000 -0.066649
0.000110 3.009023 2.010595 0.250000 0.008928
0.000052 4.005382 1.002943 0.250000 -0.054626
0.000097 4.005605 2.004965 0.250000 -0.024168
1.000396 -5.001838 1.000908 0.250000 -0.013642
1.000647 -5.002690 2.002104 0.250000 -0.008995
1.001063 -4.004150 1.002347 0.250000 -0.021688
1.001318 -4.004807 2.004433 0.250000 0.002864
1.003030 -3.008855 1.007086 0.250000 -0.044144
1.002719 -3.007689 2.009552 0.250000 0.023515
1.007774 -2.015258 1.019667 0.250000 -0.005219
1.005235 -2.010032 2.018739 0.250000 0.075710
1.015229 -1.015054 1.043240 0.250000 0.249748
1.008446 -1.008130 2.030596 0.250000 0.178325
1.019233 0.000067 1.058215 0.250000 0.462259
1.010087 0.000144 2.036741 0.250000 0.243424
1.015211 1.015211 1.043123 0.250000 0.247077
1.008425 1.008425 2.030466 0.250000 0.174095
1.007737 2.015482 1.019424 0.250000 -0.014340
1.005198 2.010332 2.018493 0.250000 0.064517
1.002997 3.009189 1.006829 0.250000 -0.064833
1.002683 3.007957 2.009300 0.250000 0.002320
1.001114 4.004694 1.002551 0.250000 -0.051158
1.001324 4.005049 2.004477 0.250000 -0.025642
2.000553 -5.001260 1.000623 0.250000 -0.012617
2.000967 -5.002061 2.001653 0.250000 -0.011379
2.001434 -4.002750 1.001467 0.250000 -0.016659
2.001937 -4.003573 2.003262 0.250000 -0.002847
2.003758 -3.005418 1.004207 0.250000 -0.035334
2.003814 -3.005399 2.006668 0.250000 0.009040
2.008628 -2.008384 1.010184 0.250000 -0.051728
2.006854 -2.006532 2.012201 0.250000 0.030926
2.015513 -1.007609 1.019524 0.250000 -0.011839
2.010368 -1.004937 2.018603 0.250000 0.068363
2.019217 0.000055 1.024951 0.250000 0.032795
2.012056 0.000129 2.021689 0.250000 0.090580
2.015482 1.007737 1.019424 0.250000 -0.014340
2.010332 1.005198 2.018493 0.250000 0.064516
2.008564 2.008564 1.009978 0.250000 -0.060033
2.006789 2.006789 2.011999 0.250000 0.020878
2.003698 3.005675 1.004005 0.250000 -0.053877
2.003751 3.005616 2.006479 0.250000 -0.009747
2.001509 4.003178 1.001709 0.250000 -0.042805
2.001946 4.003764 2.003364 0.250000 -0.027885
3.000483 -5.000668 1.000390 0.250000 -0.013742
3.000960 -5.001360 2.001203 0.250000 -0.015164
3.001193 -4.001437 1.000680 0.250000 -0.015689
3.001855 -4.002271 2.002074 0.250000 -0.011150
3.002856 -3.002608 1.001921 0.250000 -0.026533
3.003437 -3.003203 2.003918 0.250000 -0.006581
3.005755 -2.003564 1.004155 0.250000 -0.046746
3.005696 -2.003545 2.006619 0.250000 -0.001377
3.009228 -1.002893 1.006904 0.250000 -0.062546
3.008002 -1.002463 2.009379 0.250000 0.005615
3.010920 0.000046 1.008282 0.250000 -0.066650
3.009023 0.000110 2.010595 0.250000 0.008927
3.009189 1.002997 1.006829 0.250000 -0.064833
3.007957 1.002683 2.009300 0.250000 0.002320
3.005675 2.003698 1.004005 0.250000 -0.053876
3.005616 2.003751 2.006479 0.250000 -0.009747
3.002780 3.002780 1.001803 0.250000 -0.041753
3.003363 3.003363 2.003817 0.250000 -0.021803
3.001278 4.001733 1.000976 0.250000 -0.036432
3.001873 4.002406 2.002249 0.250000 -0.031001
4.000347 -5.000341 1.000494 0.250000 -0.015962
4.000753 -5.000843 2.001021 0.250000 -0.018646
4.000816 -4.000700 1.000506 0.250000 -0.018668
4.001400 -4.001334 2.001395 0.250000 -0.019126
4.001807 -3.001153 1.000992 0.250000 -0.025363
4.002471 -3.001750 2.002256 0.250000 -0.019861
4.003260 -2.001389 1.001784 0.250000 -0.037151
4.003842 -2.001777 2.003432 0.250000 -0.021443
4.004736 -1.001004 1.002593 0.250000 -0.049138
4.005094 -1.001135 2.004521 0.250000 -0.022975
4.005382 0.000052 1.002943 0.250000 -0.054626
4.005605 0.000097 2.004965 0.250000 -0.024168
4.004694 1.001114 1.002551 0.250000 -0.051158
4.005049 1.001324 2.004477 0.250000 -0.025642
4.003178 2.001509 1.001709 0.250000 -0.042805
4.003764 2.001946 2.003364 0.250000 -0.027885
4.001733 3.001278 1.000976 0.250000 -0.036432
4.002406 3.001873 2.002249 0.250000 -0.031001
4.000896 4.000896 1.000821 0.250000 -0.032998
4.001437 4.001437 2.001621 0.250000 -0.033120
0.000000 0.000000 -1.000000 0.250000 0.000000
