-4.999784 -4.999784 0.000424 0.250000 0.011186
-4.999812 -3.999794 0.000191 0.250000 0.015618
-5.000037 -2.999920 0.000118 0.250000 0.020410
-5.000453 -2.000081 0.000028 0.250000 0.022808
-5.000918 -1.000135 -0.000091 0.250000 0.022703
-5.001134 -0.000035 -0.000150 0.250000 0.022497
-5.000921 1.000072 -0.000108 0.250000 0.023694
-5.000434 2.000040 -0.000020 0.250000 0.024065
-4.999985 2.999928 0.000100 0.250000 0.020939
-4.999820 3.999900 0.000430 0.250000 0.015848
-3.999794 -4.999812 0.000191 0.250000 0.015618
-3.999977 -3.999977 -0.000170 0.250000 0.021726
-4.000681 -3.000451 -0.000438 0.250000 0.023488
-4.002058 -2.000969 -0.000855 0.250000 0.013342
-4.003724 -1.000915 -0.001287 0.250000 -0.004840
-4.004530 -0.000057 -0.001468 0.250000 -0.013926
-4.003729 1.000808 -0.001314 0.250000 -0.003289
-4.002034 2.000896 -0.000939 0.250000 0.015372
-4.000615 3.000473 -0.000515 0.250000 0.024212
-3.999997 4.000178 0.000075 0.250000 0.021294
-2.999920 -5.000037 0.000118 0.250000 0.020410
-3.000451 -4.000681 -0.000438 0.250000 0.023488
-3.002235 -3.002235 -0.001126 0.250000 0.004020
-3.006108 -2.004067 -0.001848 0.250000 -0.055288
-3.011372 -1.003829 -0.001589 0.250000 -0.125855
-3.014108 -0.000065 -0.000967 0.250000 -0.153827
-3.011374 1.003710 -0.001619 0.250000 -0.123857
-3.006076 2.004003 -0.001949 0.250000 -0.052624
-3.002157 3.002334 -0.001239 0.250000 0.004867
-3.000472 4.001065 -0.000207 0.250000 0.021957
-2.000081 -5.000453 0.000028 0.250000 0.022808
-2.000969 -4.002058 -0.000855 0.250000 0.013342
-2.004067 -3.006108 -0.001848 0.250000 -0.055288
-2.011841 -2.011841 0.000326 0.250000 -0.183026
-2.023995 -1.012058 0.012715 0.250000 -0.217210
-2.030500 -0.000070 0.023586 0.250000 -0.163083
-2.023993 1.011934 0.012683 0.250000 -0.214842
-2.011806 2.011800 0.000214 0.250000 -0.179967
-2.003991 3.006314 -0.001978 0.250000 -0.054544
-2.000981 4.002674 -0.000618 0.250000 0.010569
-1.000135 -5.000918 -0.000091 0.250000 0.022703
-1.000915 -4.003724 -0.001287 0.250000 -0.004840
-1.003829 -3.011372 -0.001589 0.250000 -0.125856
-1.012058 -2.023995 0.012715 0.250000 -0.217210
-1.022767 -1.022767 0.069659 0.250000 0.229166
-1.029286 -0.000072 0.104522 0.250000 0.554454
-1.022764 1.022643 0.069622 0.250000 0.231954
-1.012034 2.023977 0.012589 0.250000 -0.213911
-1.003780 3.011672 -0.001730 0.250000 -0.125366
-1.000912 4.004539 -0.001035 0.250000 -0.008768
-0.000035 -5.001134 -0.000150 0.250000 0.022497
-0.000057 -4.004530 -0.001468 0.250000 -0.013926
-0.000065 -3.014108 -0.000967 0.250000 -0.153827
-0.000070 -2.030500 0.023586 0.250000 -0.163084
-0.000072 -1.029286 0.104522 0.250000 0.554454
-0.000072 -0.000072 0.157569 0.250000 1.086827
-0.000072 1.029163 0.104481 0.250000 0.557425
-0.000071 2.030493 0.023449 0.250000 -0.159724
-0.000065 3.014447 -0.001114 0.250000 -0.153561
-0.000039 4.005423 -0.001208 0.250000 -0.018492
1.000072 -5.000921 -0.000108 0.250000 0.023694
1.000808 -4.003729 -0.001314 0.250000 -0.003288
1.003710 -3.011374 -0.001619 0.250000 -0.123856
1.011934 -2.023993 0.012683 0.250000 -0.214841
1.022643 -1.022764 0.069622 0.250000 0.231956
1.029163 -0.000072 0.104481 0.250000 0.557427
1.022641 1.022641 0.069582 0.250000 0.234689
1.011908 2.023976 0.012553 0.250000 -0.211695
1.003663 3.011672 -0.001764 0.250000 -0.123702
1.000845 4.004537 -0.001057 0.250000 -0.007740
2.000040 -5.000434 -0.000020 0.250000 0.024066
2.000896 -4.002034 -0.000939 0.250000 0.015371
2.004003 -3.006076 -0.001949 0.250000 -0.052624
2.011800 -2.011806 0.000214 0.250000 -0.179967
2.023977 -1.012034 0.012589 0.250000 -0.213911
2.030493 -0.000071 0.023449 0.250000 -0.159723
2.023976 1.011908 0.012553 0.250000 -0.211695
2.011763 2.011763 0.000095 0.250000 -0.177294
2.003931 3.006277 -0.002080 0.250000 -0.052580
2.000950 4.002639 -0.000678 0.250000 0.011700
2.999928 -4.999985 0.000100 0.250000 0.020939
3.000473 -4.000615 -0.000515 0.250000 0.024211
3.002334 -3.002157 -0.001239 0.250000 0.004867
3.006314 -2.003991 -0.001978 0.250000 -0.054544
3.011672 -1.003780 -0.001730 0.250000 -0.125365
3.014447 -0.000065 -0.001114 0.250000 -0.153561
3.011672 1.003663 -0.001764 0.250000 -0.123702
3.006277 2.003931 -0.002080 0.250000 -0.052581
3.002257 3.002257 -0.001333 0.250000 0.004777
3.000529 4.000994 -0.000233 0.250000 0.021819
3.999900 -4.999820 0.000430 0.250000 0.015849
4.000178 -3.999997 0.000075 0.250000 0.021295
4.001065 -3.000472 -0.000207 0.250000 0.021957
4.002674 -2.000981 -0.000618 0.250000 0.010569
4.004539 -1.000912 -0.001035 0.250000 -0.008768
4.005423 -0.000039 -0.001208 0.250000 -0.018492
4.004537 1.000845 -0.001057 0.250000 -0.007740
4.002639 2.000950 -0.000678 0.250000 0.011700
4.000994 3.000529 -0.000233 0.250000 0.021818
4.000214 4.000214 0.000354 0.250000 0.020117
-4.999636 -4.999636 1.000426 0.250000 0.005304
-5.000130 -5.000130 2.000721 0.250000 0.002474
-4.999649 -3.999739 1.000353 0.250000 0.006911
-5.000441 -4.000396 2.000864 0.250000 0.003404
-4.999846 -2.999906 1.000565 0.250000 0.010197
-5.000963 -3.000608 2.001291 0.250000 0.006055
-5.000186 -2.000051 1.000864 0.250000 0.013647
-5.001601 -2.000635 2.001842 0.250000 0.009661
-5.000548 -1.000090 1.001118 0.250000 0.016337
-5.002152 -1.000399 2.002313 0.250000 0.013037
-5.000707 -0.000005 1.001215 0.250000 0.017844
-5.002366 0.000047 2.002492 0.250000 0.014920
-5.000533 1.000086 1.001094 0.250000 0.017918
-5.002118 1.000494 2.002281 0.250000 0.014546
-5.000139 2.000052 1.000798 0.250000 0.015903
-5.001531 2.000721 2.001776 0.250000 0.011879
-4.999772 2.999896 1.000497 0.250000 0.011699
-5.000879 3.000654 2.001235 0.250000 0.007777
-4.999657 3.999759 1.000515 0.250000 0.007671
-5.000416 4.000406 2.000963 0.250000 0.004176
-3.999739 -4.999649 1.000353 0.250000 0.006911
-4.000396 -5.000441 2.000864 0.250000 0.003404
-3.999897 -3.999897 1.000471 0.250000 0.011653
-4.000952 -4.000952 2.001375 0.250000 0.007512
-4.000455 -3.000327 1.001064 0.250000 0.018450
-4.001893 -3.001412 2.002424 0.250000 0.014863
-4.001481 -2.000717 1.001854 0.250000 0.022857
-4.003137 -2.001532 2.003776 0.250000 0.023206
-4.002691 -1.000664 1.002582 0.250000 0.023424
-4.004313 -1.001026 2.004990 0.250000 0.029877
-4.003269 -0.000014 1.002886 0.250000 0.023556
-4.004805 0.000057 2.005478 0.250000 0.033088
-4.002676 1.000644 1.002538 0.250000 0.025747
-4.004274 1.001146 2.004931 0.250000 0.031976
-4.001426 2.000715 1.001728 0.250000 0.026145
-4.003055 2.001651 2.003645 0.250000 0.026206
-4.000361 3.000332 1.000887 0.250000 0.020320
-4.001785 3.001491 2.002265 0.250000 0.016887
-3.999896 3.999974 1.000565 0.250000 0.011799
-4.000898 4.000984 2.001387 0.250000 0.007812
-2.999906 -4.999846 1.000565 0.250000 0.010197
-3.000608 -5.000963 2.001291 0.250000 0.006055
-3.000327 -4.000455 1.001064 0.250000 0.018449
-3.001412 -4.001893 2.002424 0.250000 0.014863
-3.001645 -3.001645 1.002363 0.250000 0.024378
-3.002889 -3.002889 2.004571 0.250000 0.027643
-3.004435 -2.002964 1.004353 0.250000 0.016653
-3.005108 -2.003373 2.007543 0.250000 0.039562
-3.008222 -1.002775 1.006774 0.250000 0.000556
-3.007490 -1.002443 2.010518 0.250000 0.047907
-3.010183 -0.000012 1.008046 0.250000 -0.005590
-3.008581 0.000075 2.011830 0.250000 0.051975
-3.008205 1.002767 1.006715 0.250000 0.003485
-3.007451 1.002603 2.010432 0.250000 0.050469
-3.004377 2.002995 1.004176 0.250000 0.020706
-3.005023 2.003548 2.007344 0.250000 0.043064
-3.001542 3.001726 1.002079 0.250000 0.026196
-3.002773 3.003036 2.004297 0.250000 0.029464
-3.000319 4.000668 1.001052 0.250000 0.017156
-3.001344 4.001991 2.002315 0.250000 0.013920
-2.000051 -5.000186 1.000864 0.250000 0.013647
-2.000635 -5.001601 2.001842 0.250000 0.009661
-2.000717 -4.001481 1.001854 0.250000 0.022857
-2.001532 -4.003137 2.003776 0.250000 0.023206
-2.002964 -3.004435 1.004353 0.250000 0.016653
-2.003373 -3.005108 2.007543 0.250000 0.039562
-2.008575 -2.008575 1.009736 0.250000 -0.017071
-2.006586 -2.006586 2.013469 0.250000 0.053019
-2.017318 -1.008734 1.019315 0.250000 -0.027403
-2.010563 -1.005241 2.020418 0.250000 0.067883
-2.022220 -0.000007 1.025369 0.250000 -0.011288
-2.012551 0.000093 2.023851 0.250000 0.078557
-2.017302 1.008744 1.019239 0.250000 -0.024046
-2.010529 1.005445 2.020307 0.250000 0.070727
-2.008521 2.008650 1.009510 0.250000 -0.012657
-2.006513 2.006824 2.013207 0.250000 0.056654
-2.002870 3.004615 1.003972 0.250000 0.017846
-2.003270 3.005336 2.007158 0.250000 0.040645
-2.000705 4.001873 1.001744 0.250000 0.019537
-2.001466 4.003322 2.003544 0.250000 0.020398
-1.000090 -5.000548 1.001118 0.250000 0.016337
-1.000399 -5.002152 2.002313 0.250000 0.013037
-1.000664 -4.002691 1.002582 0.250000 0.023423
-1.001026 -4.004313 2.004990 0.250000 0.029877
-1.002775 -3.008222 1.006774 0.250000 0.000556
-1.002443 -3.007490 2.010518 0.250000 0.047907
-1.008734 -2.017318 1.019315 0.250000 -0.027404
-1.005241 -2.010563 2.020418 0.250000 0.067883
-1.018822 -1.018822 1.046893 0.250000 0.101322
-1.009101 -1.009101 2.033786 0.250000 0.112557
-1.024377 -0.000000 1.065691 0.250000 0.245444
-1.011160 0.000107 2.040991 0.250000 0.148170
-1.018811 1.018849 1.046804 0.250000 0.104961
-1.009082 1.009340 2.033655 0.250000 0.115517
-1.008700 2.017432 1.019050 0.250000 -0.022927
-1.005197 2.010849 2.020108 0.250000 0.071401
-1.002717 3.008487 1.006319 0.250000 0.000882
-1.002381 3.007783 2.010050 0.250000 0.048079
-1.000650 4.003237 1.002401 0.250000 0.018093
-1.000983 4.004571 2.004665 0.250000 0.025217
-0.000005 -5.000707 1.001215 0.250000 0.017844
0.000047 -5.002366 2.002492 0.250000 0.014921
-0.000014 -4.003269 1.002886 0.250000 0.023556
0.000057 -4.004805 2.005478 0.250000 0.033088
-0.000012 -3.010183 1.008046 0.250000 -0.005590
0.000075 -3.008581 2.011830 0.250000 0.051974
-0.000007 -2.022220 1.025369 0.250000 -0.011289
0.000093 -2.012551 2.023851 0.250000 0.078556
-0.000000 -1.024377 1.065691 0.250000 0.245443
0.000107 -1.011160 2.040991 0.250000 0.148170
0.000004 0.000004 1.092647 0.250000 0.480971
0.000113 0.000113 2.050528 0.250000 0.204008
0.000000 1.024414 1.065595 0.250000 0.249163
0.000107 1.011412 2.040852 0.250000 0.151115
-0.000007 2.022349 1.025087 0.250000 -0.006900
0.000093 2.012855 2.023523 0.250000 0.081897
-0.000011 3.010481 1.007561 0.250000 -0.005799
0.000076 3.008898 2.011331 0.250000 0.051593
0.000001 4.003874 1.002680 0.250000 0.017173
0.000065 4.005091 2.005121 0.250000 0.027458
1.000086 -5.000533 1.001094 0.250000 0.017918
1.000494 -5.002118 2.002281 0.250000 0.014546
1.000644 -4.002676 1.002538 0.250000 0.025748
1.001146 -4.004274 2.004931 0.250000 0.031976
1.002767 -3.008205 1.006715 0.250000 0.003485
1.002603 -3.007451 2.010432 0.250000 0.050469
1.008744 -2.017302 1.019239 0.250000 -0.024046
1.005445 -2.010529 2.020307 0.250000 0.070727
1.018849 -1.018811 1.046804 0.250000 0.104963
1.009340 -1.009082 2.033655 0.250000 0.115516
1.024414 0.000000 1.065595 0.250000 0.249163
1.011412 0.000107 2.040852 0.250000 0.151114
1.018838 1.018838 1.046713 0.250000 0.108483
1.009320 1.009320 2.033524 0.250000 0.118320
1.008708 2.017415 1.018972 0.250000 -0.019841
1.005401 2.010814 2.019998 0.250000 0.073919
1.002709 3.008467 1.006259 0.250000 0.003337
1.002543 3.007741 2.009968 0.250000 0.050146
1.000660 4.003214 1.002365 0.250000 0.019754
1.001117 4.004528 2.004616 0.250000 0.026695
2.000052 -5.000139 1.000798 0.250000 0.015904
2.000721 -5.001531 2.001776 0.250000 0.011879
2.000715 -4.001426 1.001728 0.250000 0.026145
2.001651 -4.003055 2.003645 0.250000 0.026206
2.002995 -3.004377 1.004176 0.250000 0.020706
2.003548 -3.005023 2.007344 0.250000 0.043063
2.008650 -2.008521 1.009510 0.250000 -0.012657
2.006824 -2.006513 2.013207 0.250000 0.056654
2.017432 -1.008700 1.019050 0.250000 -0.022928
2.010849 -1.005197 2.020108 0.250000 0.071400
2.022349 -0.000007 1.025087 0.250000 -0.006901
2.012855 0.000093 2.023523 0.250000 0.081897
2.017415 1.008708 1.018972 0.250000 -0.019841
2.010814 1.005401 2.019998 0.250000 0.073920
2.008593 2.008593 1.009282 0.250000 -0.008842
2.006747 2.006747 2.012950 0.250000 0.059632
2.002900 3.004548 1.003801 0.250000 0.020940
2.003444 3.005244 2.006973 0.250000 0.043191
2.000732 4.001806 1.001647 0.250000 0.021639
2.001597 4.003234 2.003441 0.250000 0.022275
2.999896 -4.999772 1.000497 0.250000 0.011699
3.000654 -5.000879 2.001235 0.250000 0.007776
3.000332 -4.000361 1.000887 0.250000 0.020320
3.001491 -4.001785 2.002265 0.250000 0.016886
3.001726 -3.001542 1.002079 0.250000 0.026196
3.003036 -3.002773 2.004297 0.250000 0.029464
3.004615 -2.002870 1.003972 0.250000 0.017845
3.005336 -2.003270 2.007158 0.250000 0.040646
3.008487 -1.002717 1.006319 0.250000 0.000883
3.007783 -1.002381 2.010050 0.250000 0.048079
3.010481 -0.000011 1.007561 0.250000 -0.005799
3.008898 0.000076 2.011331 0.250000 0.051593
3.008467 1.002709 1.006259 0.250000 0.003338
3.007741 1.002543 2.009968 0.250000 0.050146
3.004548 2.002900 1.003801 0.250000 0.020940
3.005244 2.003444 2.006973 0.250000 0.043191
3.001617 3.001617 1.001823 0.250000 0.026710
3.002916 3.002916 2.004054 0.250000 0.030003
3.000353 4.000570 1.000938 0.250000 0.017723
3.001435 4.001884 2.002207 0.250000 0.014586
3.999759 -4.999657 1.000515 0.250000 0.007671
4.000406 -5.000416 2.000963 0.250000 0.004176
3.999974 -3.999896 1.000565 0.250000 0.011799
4.000984 -4.000898 2.001387 0.250000 0.007812
4.000668 -3.000319 1.001052 0.250000 0.017156
4.001991 -3.001344 2.002315 0.250000 0.013920
4.001873 -2.000705 1.001744 0.250000 0.019536
4.003322 -2.001466 2.003544 0.250000 0.020398
4.003237 -1.000650 1.002401 0.250000 0.018093
4.004571 -1.000983 2.004665 0.250000 0.025217
4.003874 0.000001 1.002680 0.250000 0.017174
4.005091 0.000065 2.005121 0.250000 0.027458
4.003214 1.000660 1.002365 0.250000 0.019754
4.004528 1.001117 2.004616 0.250000 0.026695
4.001806 2.000732 1.001647 0.250000 0.021639
4.003234 2.001597 2.003441 0.250000 0.022276
4.000570 3.000353 1.000938 0.250000 0.017723
4.001884 3.001435 2.002207 0.250000 0.014587
3.999998 3.999998 1.000720 0.250000 0.010741
4.000953 4.000953 2.001456 0.250000 0.006793
0.000000 0.000000 -1.000000 0.250000 0.000000
