-4.999622 -4.999622 0.000587 0.250000 -0.000790
-4.999394 -3.999525 0.000463 0.250000 0.001063
-4.999194 -2.999549 0.000593 0.250000 0.007116
-4.999157 -1.999707 0.000705 0.250000 0.014890
-4.999302 -0.999903 0.000714 0.250000 0.021113
-4.999417 -0.000047 0.000702 0.250000 0.023498
-4.999346 0.999801 0.000725 0.250000 0.021547
-4.999214 1.999591 0.000700 0.250000 0.015624
-4.999201 2.999426 0.000625 0.250000 0.008278
-4.999355 3.999424 0.000797 0.250000 0.004453
-3.999525 -4.999394 0.000463 0.250000 0.001063
-3.999369 -3.999369 0.000331 0.250000 0.007664
-3.999571 -2.999719 0.000346 0.250000 0.020278
-4.000552 -2.000338 -0.000045 0.250000 0.028995
-4.002110 -1.000579 -0.000773 0.250000 0.027427
-4.002949 -0.000054 -0.001149 0.250000 0.024143
-4.002158 1.000456 -0.000761 0.250000 0.027980
-4.000608 2.000183 -0.000066 0.250000 0.029974
-3.999560 2.999556 0.000334 0.250000 0.021769
-3.999315 3.999269 0.000689 0.250000 0.012123
-2.999549 -4.999194 0.000593 0.250000 0.007116
-2.999719 -3.999571 0.000346 0.250000 0.020278
-3.001202 -3.001202 -0.000460 0.250000 0.029077
-3.005493 -2.003711 -0.002609 0.250000 0.000407
-3.012045 -1.004103 -0.004496 0.250000 -0.057726
-3.015600 -0.000063 -0.004817 0.250000 -0.085739
-3.012088 1.003956 -0.004477 0.250000 -0.057038
-3.005535 2.003524 -0.002627 0.250000 0.001765
-3.001165 3.001036 -0.000488 0.250000 0.031291
-2.999654 3.999558 0.000701 0.250000 0.025999
-1.999707 -4.999157 0.000705 0.250000 0.014890
-2.000338 -4.000552 -0.000045 0.250000 0.028995
-2.003711 -3.005493 -0.002609 0.250000 0.000407
-2.013761 -2.013761 -0.004563 0.250000 -0.117316
-2.030474 -1.015342 0.005792 0.250000 -0.195882
-2.039588 -0.000078 0.017763 0.250000 -0.177372
-2.030507 1.015160 0.005819 0.250000 -0.195034
-2.013785 2.013542 -0.004579 0.250000 -0.115618
-2.003662 3.005356 -0.002640 0.250000 0.003331
-2.000279 4.000700 0.000318 0.250000 0.035944
-0.999903 -4.999302 0.000714 0.250000 0.021114
-1.000579 -4.002110 -0.000773 0.250000 0.027427
-1.004103 -3.012045 -0.004496 0.250000 -0.057726
-1.015342 -2.030474 0.005792 0.250000 -0.195881
-1.030330 -1.030330 0.074420 0.250000 0.089643
-1.039490 -0.000093 0.118216 0.250000 0.318045
-1.030347 1.030117 0.074457 0.250000 0.090885
-1.015351 2.030232 0.005775 0.250000 -0.193805
-1.004071 3.011949 -0.004532 0.250000 -0.054315
-1.000548 4.002424 -0.000400 0.250000 0.035137
-0.000047 -4.999417 0.000702 0.250000 0.023497
-0.000054 -4.002949 -0.001149 0.250000 0.024143
-0.000063 -3.015600 -0.004817 0.250000 -0.085739
-0.000078 -2.039588 0.017763 0.250000 -0.177372
-0.000093 -1.039490 0.118216 0.250000 0.318047
-0.000098 -0.000098 0.186187 0.250000 0.707174
-0.000091 1.039267 0.118257 0.250000 0.319554
-0.000079 2.039341 0.017744 0.250000 -0.175007
-0.000072 3.015527 -0.004857 0.250000 -0.082107
-0.000064 4.003336 -0.000773 0.250000 0.032126
0.999801 -4.999346 0.000725 0.250000 0.021547
1.000456 -4.002158 -0.000761 0.250000 0.027979
1.003956 -3.012088 -0.004477 0.250000 -0.057039
1.015160 -2.030507 0.005819 0.250000 -0.195034
1.030117 -1.030347 0.074457 0.250000 0.090885
1.039267 -0.000091 0.118257 0.250000 0.319554
1.030138 1.030138 0.074492 0.250000 0.092193
1.015168 2.030270 0.005799 0.250000 -0.192850
1.003908 3.011998 -0.004518 0.250000 -0.053532
1.000412 4.002473 -0.000388 0.250000 0.035778
1.999591 -4.999214 0.000700 0.250000 0.015624
2.000183 -4.000608 -0.000066 0.250000 0.029974
2.003524 -3.005535 -0.002627 0.250000 0.001765
2.013542 -2.013785 -0.004579 0.250000 -0.115619
2.030232 -1.015351 0.005775 0.250000 -0.193804
2.039341 -0.000079 0.017744 0.250000 -0.175006
2.030270 1.015168 0.005799 0.250000 -0.192850
2.013568 2.013568 -0.004602 0.250000 -0.113784
2.003468 3.005402 -0.002667 0.250000 0.004800
2.000128 4.000754 0.000311 0.250000 0.037120
2.999426 -4.999201 0.000625 0.250000 0.008279
2.999556 -3.999560 0.000334 0.250000 0.021769
3.001036 -3.001165 -0.000488 0.250000 0.031291
3.005356 -2.003662 -0.002640 0.250000 0.003332
3.011949 -1.004071 -0.004532 0.250000 -0.054315
3.015527 -0.000072 -0.004857 0.250000 -0.082108
3.011998 1.003908 -0.004518 0.250000 -0.053532
3.005402 2.003468 -0.002667 0.250000 0.004800
3.001001 3.001001 -0.000508 0.250000 0.033697
2.999511 3.999548 0.000734 0.250000 0.027996
3.999424 -4.999355 0.000797 0.250000 0.004453
3.999269 -3.999315 0.000689 0.250000 0.012123
3.999558 -2.999654 0.000701 0.250000 0.026000
4.000700 -2.000279 0.000318 0.250000 0.035944
4.002424 -1.000548 -0.000400 0.250000 0.035137
4.003336 -0.000064 -0.000773 0.250000 0.032126
4.002473 1.000412 -0.000388 0.250000 0.035778
4.000754 2.000128 0.000311 0.250000 0.037120
3.999548 2.999511 0.000734 0.250000 0.027996
3.999239 3.999239 0.001073 0.250000 0.017135
-4.999267 -4.999267 1.000427 0.250000 -0.005023
-4.999791 -4.999791 2.000645 0.250000 -0.007167
-4.999001 -3.999291 1.000331 0.250000 -0.007886
-4.999967 -4.000074 2.000748 0.250000 -0.010411
-4.998772 -2.999401 1.000634 0.250000 -0.006538
-5.000332 -3.000336 2.001231 0.250000 -0.010134
-4.998644 -1.999585 1.001098 0.250000 -0.001485
-5.000823 -2.000449 2.001919 0.250000 -0.006300
-4.998638 -0.999818 1.001515 0.250000 0.004433
-5.001273 -1.000336 2.002542 0.250000 -0.001324
-4.998671 -0.000049 1.001695 0.250000 0.007358
-5.001462 -0.000038 2.002807 0.250000 0.001432
-4.998667 0.999718 1.001544 0.250000 0.005648
-5.001278 1.000261 2.002574 0.250000 0.000452
-4.998673 1.999470 1.001125 0.250000 0.000950
-5.000817 2.000366 2.001969 0.250000 -0.002751
-4.998764 2.999234 1.000679 0.250000 -0.002913
-5.000308 3.000210 2.001320 0.250000 -0.004965
-4.998991 3.999102 1.000640 0.250000 -0.002176
-4.999962 3.999902 2.001006 0.250000 -0.003844
-3.999291 -4.999001 1.000331 0.250000 -0.007886
-4.000074 -4.999967 2.000748 0.250000 -0.010411
-3.999078 -3.999078 1.000534 0.250000 -0.007927
-4.000506 -4.000506 2.001312 0.250000 -0.011393
-3.999038 -2.999365 1.001429 0.250000 0.001788
-4.001282 -3.001027 2.002614 0.250000 -0.004327
-3.999384 -1.999806 1.002581 0.250000 0.017057
-4.002343 -2.001246 2.004343 0.250000 0.008976
-4.000078 -1.000116 1.003544 0.250000 0.029189
-4.003372 -1.000903 2.005895 0.250000 0.021777
-4.000486 -0.000054 1.003936 0.250000 0.033753
-4.003819 -0.000038 2.006542 0.250000 0.027636
-4.000109 1.000002 1.003576 0.250000 0.030963
-4.003373 1.000831 2.005924 0.250000 0.024311
-3.999410 1.999671 1.002590 0.250000 0.020660
-4.002325 2.001171 2.004372 0.250000 0.014054
-3.999005 2.999167 1.001408 0.250000 0.007100
-4.001229 3.000901 2.002650 0.250000 0.003050
-3.999035 3.998871 1.000817 0.250000 0.000160
-4.000456 4.000316 2.001532 0.250000 -0.002146
-2.999401 -4.998772 1.000634 0.250000 -0.006538
-3.000336 -5.000332 2.001231 0.250000 -0.010134
-2.999365 -3.999038 1.001429 0.250000 0.001788
-3.001027 -4.001282 2.002614 0.250000 -0.004327
-2.999972 -2.999972 1.003221 0.250000 0.023368
-3.002317 -3.002317 2.005304 0.250000 0.014698
-3.002134 -2.001517 1.005366 0.250000 0.038957
-3.004306 -2.002906 2.008886 0.250000 0.038980
-3.005806 -1.002079 1.007478 0.250000 0.036784
-3.006531 -1.002222 2.012291 0.250000 0.056773
-3.007893 -0.000060 1.008581 0.250000 0.033250
-3.007591 -0.000036 2.013785 0.250000 0.063785
-3.005833 1.001955 1.007517 0.250000 0.039183
-3.006527 1.002160 2.012317 0.250000 0.060116
-3.002147 2.001376 1.005363 0.250000 0.043891
-3.004276 2.002854 2.008887 0.250000 0.045680
-2.999913 2.999787 1.003134 0.250000 0.030648
-3.002240 3.002223 2.005269 0.250000 0.024366
-2.999300 3.998899 1.001631 0.250000 0.012293
-3.000946 4.001122 2.002744 0.250000 0.007534
-1.999585 -4.998644 1.001098 0.250000 -0.001485
-2.000449 -5.000823 2.001919 0.250000 -0.006300
-1.999806 -3.999384 1.002581 0.250000 0.017057
-2.001246 -4.002343 2.004343 0.250000 0.008976
-2.001517 -3.002134 1.005366 0.250000 0.038956
-2.002906 -3.004306 2.008886 0.250000 0.038980
-2.007416 -2.007416 1.009858 0.250000 0.021472
-2.005981 -2.005981 2.015446 0.250000 0.065372
-2.017969 -1.009185 1.018687 0.250000 -0.006941
-2.010094 -1.005078 2.022811 0.250000 0.079033
-2.024204 -0.000068 1.024923 0.250000 -0.008448
-2.012260 -0.000032 2.026496 0.250000 0.085234
-2.017988 1.009047 1.018729 0.250000 -0.003974
-2.010086 1.005030 2.022830 0.250000 0.083081
-2.007416 2.007274 1.009836 0.250000 0.027541
-2.005945 2.005961 2.015413 0.250000 0.073447
-2.001448 3.001992 1.005203 0.250000 0.047824
-2.002825 3.004265 2.008764 0.250000 0.050480
-1.999742 3.999377 1.002688 0.250000 0.029461
-2.001160 4.002247 2.004359 0.250000 0.022809
-0.999818 -4.998638 1.001515 0.250000 0.004433
-1.000336 -5.001273 2.002542 0.250000 -0.001323
-1.000116 -4.000078 1.003544 0.250000 0.029189
-1.000903 -4.003372 2.005895 0.250000 0.021778
-1.002079 -3.005806 1.007478 0.250000 0.036784
-1.002222 -3.006531 2.012291 0.250000 0.056773
-1.009185 -2.017969 1.018687 0.250000 -0.006941
-1.005078 -2.010094 2.022811 0.250000 0.079032
-1.022399 -1.022399 1.048894 0.250000 0.039041
-1.009414 -1.009414 2.037082 0.250000 0.096703
-1.029880 -0.000074 1.071423 0.250000 0.128983
-1.011861 -0.000028 2.045085 0.250000 0.113115
-1.022406 1.022252 1.048937 0.250000 0.042502
-1.009407 1.009380 2.037093 0.250000 0.101244
-1.009180 2.017833 1.018643 0.250000 -0.000068
-1.005053 2.010103 2.022746 0.250000 0.088005
-1.002033 3.005716 1.007246 0.250000 0.046580
-1.002168 3.006541 2.012092 0.250000 0.069367
-1.000078 4.000207 1.003566 0.250000 0.042591
-1.000846 4.003339 2.005807 0.250000 0.036671
-0.000049 -4.998671 1.001695 0.250000 0.007358
-0.000038 -5.001462 2.002807 0.250000 0.001432
-0.000054 -4.000486 1.003936 0.250000 0.033752
-0.000038 -4.003819 2.006542 0.250000 0.027636
-0.000060 -3.007893 1.008581 0.250000 0.033250
-0.000036 -3.007591 2.013785 0.250000 0.063785
-0.000068 -2.024204 1.024923 0.250000 -0.008448
-0.000032 -2.012260 2.026496 0.250000 0.085234
-0.000074 -1.029880 1.071423 0.250000 0.128983
-0.000028 -1.011861 2.045085 0.250000 0.113115
-0.000075 -0.000075 1.104738 0.250000 0.289010
-0.000025 -0.000025 2.055946 0.250000 0.142094
-0.000072 1.029733 1.071464 0.250000 0.132688
-0.000026 1.011834 2.045093 0.250000 0.117838
-0.000067 2.024074 1.024867 0.250000 -0.001248
-0.000030 2.012283 2.026417 0.250000 0.094508
-0.000065 3.007827 1.008318 0.250000 0.043341
-0.000034 3.007623 2.013553 0.250000 0.076699
-0.000059 4.000673 1.003921 0.250000 0.047425
-0.000036 4.003814 2.006411 0.250000 0.042796
0.999718 -4.998667 1.001544 0.250000 0.005648
1.000261 -5.001278 2.002574 0.250000 0.000453
1.000002 -4.000109 1.003576 0.250000 0.030963
1.000831 -4.003373 2.005924 0.250000 0.024311
1.001955 -3.005833 1.007517 0.250000 0.039184
1.002160 -3.006527 2.012317 0.250000 0.060115
1.009047 -2.017988 1.018729 0.250000 -0.003974
1.005030 -2.010086 2.022830 0.250000 0.083081
1.022252 -1.022406 1.048937 0.250000 0.042503
1.009380 -1.009407 2.037093 0.250000 0.101245
1.029733 -0.000072 1.071464 0.250000 0.132687
1.011834 -0.000026 2.045093 0.250000 0.117837
1.022264 1.022264 1.048977 0.250000 0.045990
1.009377 1.009377 2.037102 0.250000 0.105769
1.009044 2.017855 1.018679 0.250000 0.002917
1.005009 2.010098 2.022760 0.250000 0.091989
1.001901 3.005745 1.007277 0.250000 0.048941
1.002109 3.006538 2.012112 0.250000 0.072582
0.999959 4.000236 1.003596 0.250000 0.044309
1.000779 4.003339 2.005834 0.250000 0.039047
1.999470 -4.998673 1.001125 0.250000 0.000949
2.000366 -5.000817 2.001969 0.250000 -0.002751
1.999671 -3.999410 1.002590 0.250000 0.020660
2.001171 -4.002325 2.004372 0.250000 0.014054
2.001376 -3.002147 1.005363 0.250000 0.043892
2.002854 -3.004276 2.008887 0.250000 0.045680
2.007274 -2.007416 1.009836 0.250000 0.027541
2.005961 -2.005945 2.015413 0.250000 0.073445
2.017833 -1.009180 1.018643 0.250000 -0.000067
2.010103 -1.005053 2.022746 0.250000 0.088004
2.024074 -0.000067 1.024867 0.250000 -0.001248
2.012283 -0.000030 2.026417 0.250000 0.094509
2.017855 1.009044 1.018679 0.250000 0.002917
2.010098 1.005009 2.022760 0.250000 0.091989
2.007277 2.007277 1.009803 0.250000 0.033568
2.005928 2.005928 2.015371 0.250000 0.081344
2.001302 3.002005 1.005189 0.250000 0.052584
2.002774 3.004235 2.008758 0.250000 0.056865
1.999611 3.999397 1.002704 0.250000 0.032896
2.001091 4.002226 2.004389 0.250000 0.027517
2.999234 -4.998764 1.000679 0.250000 -0.002913
3.000210 -5.000308 2.001320 0.250000 -0.004964
2.999167 -3.999005 1.001408 0.250000 0.007100
3.000901 -4.001229 2.002650 0.250000 0.003050
2.999787 -2.999913 1.003134 0.250000 0.030648
3.002223 -3.002240 2.005269 0.250000 0.024365
3.001992 -2.001448 1.005203 0.250000 0.047823
3.004265 -2.002825 2.008764 0.250000 0.050479
3.005716 -1.002033 1.007246 0.250000 0.046580
3.006541 -1.002168 2.012092 0.250000 0.069367
3.007827 -0.000065 1.008318 0.250000 0.043341
3.007623 -0.000034 2.013553 0.250000 0.076699
3.005745 1.001901 1.007277 0.250000 0.048941
3.006538 1.002109 2.012112 0.250000 0.072581
3.002005 2.001302 1.005189 0.250000 0.052584
3.004235 2.002774 2.008758 0.250000 0.056864
2.999725 2.999725 1.003048 0.250000 0.037607
3.002147 3.002147 2.005233 0.250000 0.033502
2.999123 3.998865 1.001646 0.250000 0.017384
3.000834 4.001072 2.002796 0.250000 0.014292
3.999102 -4.998991 1.000640 0.250000 -0.002176
3.999902 -4.999962 2.001006 0.250000 -0.003843
3.998871 -3.999035 1.000817 0.250000 0.000160
4.000316 -4.000456 2.001532 0.250000 -0.002146
3.998899 -2.999300 1.001631 0.250000 0.012293
4.001122 -3.000946 2.002744 0.250000 0.007534
3.999377 -1.999742 1.002688 0.250000 0.029460
4.002247 -2.001160 2.004359 0.250000 0.022809
4.000207 -1.000078 1.003566 0.250000 0.042591
4.003339 -1.000846 2.005807 0.250000 0.036671
4.000673 -0.000059 1.003921 0.250000 0.047425
4.003814 -0.000036 2.006411 0.250000 0.042795
4.000236 0.999959 1.003596 0.250000 0.044309
4.003339 1.000779 2.005834 0.250000 0.039048
3.999397 1.999611 1.002704 0.250000 0.032896
4.002226 2.001091 2.004389 0.250000 0.027517
3.998865 2.999123 1.001646 0.250000 0.017384
4.001072 3.000834 2.002796 0.250000 0.014291
3.998862 3.998862 1.001127 0.250000 0.007856
4.000293 4.000293 2.001765 0.250000 0.006238
0.000000 0.000000 -1.000000 0.250000 0.000000
