-5.000123 -5.000123 0.000213 0.250000 0.003967
-5.000320 -4.000179 -0.000096 0.250000 0.005846
-5.000757 -3.000303 -0.000210 0.250000 0.003744
-5.001358 -2.000383 -0.000265 0.250000 -0.003448
-5.001927 -1.000283 -0.000306 0.250000 -0.012014
-5.002163 0.000009 -0.000328 0.250000 -0.016062
-5.001904 1.000311 -0.000330 0.250000 -0.012984
-5.001304 2.000443 -0.000306 0.250000 -0.006561
-5.000696 3.000425 -0.000182 0.250000 -0.002888
-5.000362 4.000406 0.000220 0.250000 -0.003395
-4.000179 -5.000320 -0.000096 0.250000 0.005845
-4.000546 -4.000546 -0.000529 0.250000 0.005040
-4.001428 -3.000969 -0.000705 0.250000 -0.007541
-4.002842 -2.001296 -0.000762 0.250000 -0.034230
-4.004371 -1.001018 -0.000717 0.250000 -0.063749
-4.005067 -0.000010 -0.000676 0.250000 -0.076941
-4.004347 1.001013 -0.000759 0.250000 -0.064594
-4.002782 2.001346 -0.000847 0.250000 -0.037761
-4.001361 3.001135 -0.000723 0.250000 -0.016251
-4.000610 4.000892 -0.000166 0.250000 -0.008050
-3.000303 -5.000757 -0.000210 0.250000 0.003743
-3.000969 -4.001428 -0.000705 0.250000 -0.007541
-3.002694 -3.002694 -0.000798 0.250000 -0.048133
-3.005955 -2.003922 -0.000195 0.250000 -0.119019
-3.010087 -1.003339 0.001450 0.250000 -0.182829
-3.012170 -0.000012 0.002583 0.250000 -0.204140
-3.010063 1.003339 0.001397 0.250000 -0.183576
-3.005894 2.004006 -0.000303 0.250000 -0.122873
-3.002624 3.002957 -0.000839 0.250000 -0.058497
-3.001036 4.001952 -0.000311 0.250000 -0.024033
-2.000383 -5.001358 -0.000265 0.250000 -0.003449
-2.001296 -4.002842 -0.000762 0.250000 -0.034229
-2.003922 -3.005955 -0.000195 0.250000 -0.119019
-2.009875 -2.009875 0.004355 0.250000 -0.219157
-2.018791 -1.009404 0.016832 0.250000 -0.180401
-2.023490 -0.000006 0.026251 0.250000 -0.083048
-2.018770 1.009423 0.016771 0.250000 -0.181128
-2.009822 2.010008 0.004233 0.250000 -0.223392
-2.003859 3.006336 -0.000240 0.250000 -0.130723
-2.001345 4.003568 -0.000323 0.250000 -0.053274
-1.000283 -5.001927 -0.000306 0.250000 -0.012013
-1.001018 -4.004371 -0.000717 0.250000 -0.063749
-1.003339 -3.010087 0.001450 0.250000 -0.182828
-1.009404 -2.018791 0.016832 0.250000 -0.180401
-1.017133 -1.017133 0.063281 0.250000 0.448287
-1.021820 0.000001 0.090780 0.250000 0.871682
-1.017121 1.017171 0.063211 0.250000 0.447528
-1.009372 2.018964 0.016697 0.250000 -0.185076
-1.003298 3.010563 0.001405 0.250000 -0.195572
-1.001032 4.005261 -0.000233 0.250000 -0.084521
0.000009 -5.002163 -0.000328 0.250000 -0.016062
-0.000010 -4.005067 -0.000676 0.250000 -0.076941
-0.000012 -3.012170 0.002583 0.250000 -0.204141
-0.000006 -2.023490 0.026251 0.250000 -0.083047
0.000001 -1.021820 0.090780 0.250000 0.871684
0.000004 0.000004 0.131955 0.250000 1.542772
0.000000 1.021865 0.090704 0.250000 0.870838
-0.000006 2.023680 0.026109 0.250000 -0.088054
-0.000005 3.012682 0.002541 0.250000 -0.217446
0.000017 4.006019 -0.000169 0.250000 -0.098515
1.000311 -5.001904 -0.000330 0.250000 -0.012984
1.001013 -4.004347 -0.000759 0.250000 -0.064594
1.003339 -3.010063 0.001397 0.250000 -0.183577
1.009423 -2.018770 0.016771 0.250000 -0.181128
1.017171 -1.017121 0.063211 0.250000 0.447529
1.021865 0.000000 0.090704 0.250000 0.870839
1.017157 1.017157 0.063141 0.250000 0.446614
1.009390 2.018942 0.016638 0.250000 -0.186122
1.003311 3.010536 0.001359 0.250000 -0.196795
1.001081 4.005232 -0.000258 0.250000 -0.085866
2.000443 -5.001304 -0.000306 0.250000 -0.006561
2.001346 -4.002782 -0.000847 0.250000 -0.037761
2.004006 -3.005894 -0.000303 0.250000 -0.122873
2.010008 -2.009822 0.004233 0.250000 -0.223392
2.018964 -1.009372 0.016697 0.250000 -0.185076
2.023680 -0.000006 0.026109 0.250000 -0.088053
2.018942 1.009390 0.016638 0.250000 -0.186121
2.009953 2.009953 0.004116 0.250000 -0.228241
2.003952 3.006269 -0.000332 0.250000 -0.135354
2.001442 4.003500 -0.000367 0.250000 -0.057371
3.000425 -5.000696 -0.000182 0.250000 -0.002888
3.001135 -4.001361 -0.000723 0.250000 -0.016251
3.002957 -3.002624 -0.000839 0.250000 -0.058497
3.006336 -2.003859 -0.000240 0.250000 -0.130724
3.010563 -1.003298 0.001405 0.250000 -0.195571
3.012682 -0.000005 0.002541 0.250000 -0.217446
3.010536 1.003311 0.001359 0.250000 -0.196795
3.006269 2.003952 -0.000332 0.250000 -0.135354
3.002889 3.002889 -0.000842 0.250000 -0.069453
3.001230 4.001878 -0.000265 0.250000 -0.032516
4.000406 -5.000362 0.000220 0.250000 -0.003395
4.000892 -4.000610 -0.000166 0.250000 -0.008050
4.001952 -3.001036 -0.000311 0.250000 -0.024033
4.003568 -2.001345 -0.000323 0.250000 -0.053275
4.005261 -1.001032 -0.000233 0.250000 -0.084521
4.006019 0.000017 -0.000169 0.250000 -0.098515
4.005232 1.001081 -0.000258 0.250000 -0.085868
4.003500 2.001442 -0.000367 0.250000 -0.057370
4.001878 3.001230 -0.000265 0.250000 -0.032516
4.000957 4.000957 0.000234 0.250000 -0.019772
-5.000027 -5.000027 1.000343 0.250000 -0.002626
-5.000396 -5.000396 2.000701 0.250000 -0.005870
-5.000218 -4.000181 1.000228 0.250000 -0.001062
-5.000774 -4.000660 2.000813 0.250000 -0.004317
-5.000648 -3.000360 1.000396 0.250000 -0.000934
-5.001374 -3.000849 2.001193 0.250000 -0.002905
-5.001229 -2.000431 1.000676 0.250000 -0.003294
-5.002084 -2.000817 2.001698 0.250000 -0.002389
-5.001764 -1.000294 1.000927 0.250000 -0.006421
-5.002684 -1.000485 2.002132 0.250000 -0.002501
-5.001978 0.000036 1.001019 0.250000 -0.008019
-5.002912 0.000078 2.002293 0.250000 -0.002962
-5.001729 1.000369 1.000890 0.250000 -0.007442
-5.002644 1.000636 2.002093 0.250000 -0.004029
-5.001160 2.000508 1.000607 0.250000 -0.006658
-5.002015 2.000947 2.001638 0.250000 -0.006390
-5.000583 3.000428 1.000371 0.250000 -0.008236
-5.001314 3.000935 2.001180 0.250000 -0.010314
-5.000272 4.000292 1.000470 0.250000 -0.011086
-5.000800 4.000722 2.000990 0.250000 -0.014136
-4.000181 -5.000218 1.000228 0.250000 -0.001062
-4.000660 -5.000774 2.000813 0.250000 -0.004317
-4.000565 -4.000565 1.000255 0.250000 0.002086
-4.001283 -4.001283 2.001229 0.250000 0.000228
-4.001417 -3.001023 1.000775 0.250000 0.001465
-4.002302 -3.001713 2.002154 0.250000 0.004788
-4.002718 -2.001291 1.001579 0.250000 -0.004941
-4.003611 -2.001755 2.003389 0.250000 0.008054
-4.004080 -1.000962 1.002382 0.250000 -0.013092
-4.004818 -1.001128 2.004516 0.250000 0.010077
-4.004686 0.000030 1.002720 0.250000 -0.016893
-4.005313 0.000091 2.004967 0.250000 0.010446
-4.004044 1.001030 1.002315 0.250000 -0.014147
-4.004775 1.001309 2.004447 0.250000 0.008188
-4.002644 2.001375 1.001445 0.250000 -0.009147
-4.003534 2.001919 2.003265 0.250000 0.002773
-4.001341 3.001119 1.000659 0.250000 -0.008715
-4.002227 3.001828 2.002060 0.250000 -0.005541
-4.000623 4.000742 1.000477 0.250000 -0.012676
-4.001291 4.001366 2.001364 0.250000 -0.013918
-3.000360 -5.000648 1.000396 0.250000 -0.000934
-3.000849 -5.001374 2.001193 0.250000 -0.002905
-3.001023 -4.001417 1.000775 0.250000 0.001464
-3.001713 -4.002302 2.002154 0.250000 0.004788
-3.002600 -3.002600 1.002078 0.250000 -0.005175
-3.003245 -3.003245 2.004093 0.250000 0.013018
-3.005429 -2.003587 1.004336 0.250000 -0.022484
-3.005458 -2.003593 2.006879 0.250000 0.021087
-3.008890 -1.002935 1.007095 0.250000 -0.037335
-3.007743 -1.002500 2.009704 0.250000 0.029658
-3.010593 0.000038 1.008477 0.250000 -0.041121
-3.008762 0.000111 2.010941 0.250000 0.033686
-3.008856 1.003026 1.007006 0.250000 -0.038506
-3.007703 1.002725 2.009605 0.250000 0.027329
-3.005358 2.003715 1.004148 0.250000 -0.027617
-3.005384 2.003809 2.006694 0.250000 0.014382
-3.002523 3.002774 1.001881 0.250000 -0.018229
-3.003169 3.003416 2.003914 0.250000 -0.000441
-3.001078 4.001716 1.000952 0.250000 -0.018113
-3.001711 4.002438 2.002225 0.250000 -0.013969
-2.000431 -5.001229 1.000676 0.250000 -0.003294
-2.000817 -5.002084 2.001698 0.250000 -0.002389
-2.001291 -4.002718 1.001579 0.250000 -0.004941
-2.001755 -4.003611 2.003389 0.250000 0.008054
-2.003587 -3.005429 1.004336 0.250000 -0.022484
-2.003593 -3.005458 2.006879 0.250000 0.021088
-2.008507 -2.008507 1.010318 0.250000 -0.041742
-2.006620 -2.006620 2.012505 0.250000 0.042098
-2.015556 -1.007783 1.019758 0.250000 -0.008134
-2.010162 -1.005017 2.019012 0.250000 0.076953
-2.019370 0.000051 1.025280 0.250000 0.033284
-2.011876 0.000132 2.022151 0.250000 0.097968
-2.015529 1.007906 1.019650 0.250000 -0.009514
-2.010130 1.005287 2.018888 0.250000 0.074147
-2.008448 2.008688 1.010086 0.250000 -0.047901
-2.006560 2.006891 2.012268 0.250000 0.033958
-2.003522 3.005696 1.004074 0.250000 -0.038300
-2.003530 3.005693 2.006625 0.250000 0.004621
-2.001332 4.003161 1.001722 0.250000 -0.028799
-2.001749 4.003813 2.003398 0.250000 -0.015004
-1.000294 -5.001764 1.000927 0.250000 -0.006421
-1.000485 -5.002684 2.002132 0.250000 -0.002501
-1.000962 -4.004080 1.002382 0.250000 -0.013092
-1.001128 -4.004818 2.004516 0.250000 0.010077
-1.002935 -3.008890 1.007095 0.250000 -0.037336
-1.002500 -3.007743 2.009704 0.250000 0.029658
-1.007783 -2.015556 1.019758 0.250000 -0.008135
-1.005017 -2.010162 2.019012 0.250000 0.076953
-1.015479 -1.015479 1.043833 0.250000 0.231294
-1.008276 -1.008276 2.031079 0.250000 0.172116
-1.019627 0.000063 1.059227 0.250000 0.435885
-1.009954 0.000147 2.037354 0.250000 0.233672
-1.015463 1.015629 1.043710 0.250000 0.229666
-1.008258 1.008579 2.030938 0.250000 0.168900
-1.007749 2.015780 1.019495 0.250000 -0.015225
-1.004984 2.010475 2.018738 0.250000 0.067662
-1.002895 3.009231 1.006789 0.250000 -0.055359
-1.002464 3.008028 2.009399 0.250000 0.010870
-1.000977 4.004641 1.002508 0.250000 -0.040152
-1.001121 4.005073 2.004485 0.250000 -0.016219
0.000036 -5.001978 1.001019 0.250000 -0.008019
0.000078 -5.002912 2.002293 0.250000 -0.002962
0.000030 -4.004686 1.002720 0.250000 -0.016893
0.000091 -4.005313 2.004967 0.250000 0.010447
0.000038 -3.010593 1.008477 0.250000 -0.041121
0.000111 -3.008762 2.010941 0.250000 0.033687
0.000051 -2.019370 1.025280 0.250000 0.033283
0.000132 -2.011876 2.022151 0.250000 0.097968
0.000063 -1.019627 1.059227 0.250000 0.435884
0.000147 -1.009954 2.037354 0.250000 0.233672
0.000068 0.000068 1.080781 0.250000 0.750867
0.000152 0.000152 2.045490 0.250000 0.323175
0.000062 1.019787 1.059097 0.250000 0.434086
0.000145 1.010268 2.037208 0.250000 0.230246
0.000050 2.019609 1.025006 0.250000 0.025694
0.000129 2.012202 2.021866 0.250000 0.088148
0.000041 3.010961 1.008158 0.250000 -0.060154
0.000110 3.009064 2.010621 0.250000 0.013908
0.000048 4.005291 1.002847 0.250000 -0.045335
0.000097 4.005587 2.004927 0.250000 -0.017180
1.000369 -5.001729 1.000890 0.250000 -0.007442
1.000636 -5.002644 2.002093 0.250000 -0.004029
1.001030 -4.004044 1.002315 0.250000 -0.014147
1.001309 -4.004775 2.004447 0.250000 0.008188
1.003026 -3.008856 1.007006 0.250000 -0.038506
1.002725 -3.007703 2.009605 0.250000 0.027329
1.007906 -2.015529 1.019650 0.250000 -0.009515
1.005287 -2.010130 2.018888 0.250000 0.074147
1.015629 -1.015463 1.043710 0.250000 0.229665
1.008579 -1.008258 2.030938 0.250000 0.168900
1.019787 0.000062 1.059097 0.250000 0.434086
1.010268 0.000145 2.037208 0.250000 0.230247
1.015611 1.015611 1.043588 0.250000 0.227872
1.008557 1.008557 2.030801 0.250000 0.165548
1.007868 2.015748 1.019392 0.250000 -0.016936
1.005248 2.010437 2.018622 0.250000 0.064609
1.002990 3.009192 1.006711 0.250000 -0.056983
1.002685 3.007982 2.009313 0.250000 0.008240
1.001080 4.004599 1.002463 0.250000 -0.041677
1.001312 4.005026 2.004437 0.250000 -0.018384
2.000508 -5.001160 1.000607 0.250000 -0.006659
2.000947 -5.002015 2.001638 0.250000 -0.006390
2.001375 -4.002644 1.001445 0.250000 -0.009147
2.001919 -4.003534 2.003265 0.250000 0.002773
2.003715 -3.005358 1.004148 0.250000 -0.027617
2.003809 -3.005384 2.006694 0.250000 0.014382
2.008688 -2.008448 1.010086 0.250000 -0.047901
2.006891 -2.006560 2.012268 0.250000 0.033959
2.015780 -1.007749 1.019495 0.250000 -0.015226
2.010475 -1.004984 2.018738 0.250000 0.067663
2.019609 0.000050 1.025006 0.250000 0.025694
2.012202 0.000129 2.021866 0.250000 0.088148
2.015748 1.007868 1.019392 0.250000 -0.016936
2.010437 1.005248 2.018622 0.250000 0.064609
2.008623 2.008623 1.009866 0.250000 -0.054663
2.006823 2.006823 2.012048 0.250000 0.025408
2.003649 3.005615 1.003912 0.250000 -0.044136
2.003741 3.005610 2.006471 0.250000 -0.002500
2.001446 4.003077 1.001637 0.250000 -0.033498
2.001921 4.003731 2.003320 0.250000 -0.020511
3.000428 -5.000583 1.000371 0.250000 -0.008236
3.000935 -5.001314 2.001180 0.250000 -0.010314
3.001119 -4.001341 1.000659 0.250000 -0.008715
3.001828 -4.002227 2.002060 0.250000 -0.005541
3.002774 -3.002523 1.001881 0.250000 -0.018229
3.003416 -3.003169 2.003914 0.250000 -0.000442
3.005696 -2.003522 1.004074 0.250000 -0.038300
3.005693 -2.003530 2.006625 0.250000 0.004621
3.009231 -1.002895 1.006789 0.250000 -0.055359
3.008028 -1.002464 2.009399 0.250000 0.010870
3.010961 0.000041 1.008158 0.250000 -0.060154
3.009064 0.000110 2.010621 0.250000 0.013908
3.009192 1.002990 1.006711 0.250000 -0.056982
3.007982 1.002685 2.009313 0.250000 0.008239
3.005615 2.003649 1.003912 0.250000 -0.044136
3.005610 2.003741 2.006471 0.250000 -0.002499
3.002692 3.002692 1.001735 0.250000 -0.031755
3.003335 3.003335 2.003785 0.250000 -0.014078
3.001198 4.001636 1.000916 0.250000 -0.027950
3.001837 4.002365 2.002197 0.250000 -0.023934
4.000292 -5.000272 1.000470 0.250000 -0.011086
4.000722 -5.000800 2.000990 0.250000 -0.014135
4.000742 -4.000623 1.000477 0.250000 -0.012676
4.001366 -4.001291 2.001364 0.250000 -0.013919
4.001716 -3.001078 1.000952 0.250000 -0.018113
4.002438 -3.001711 2.002225 0.250000 -0.013969
4.003161 -2.001332 1.001722 0.250000 -0.028799
4.003813 -2.001749 2.003398 0.250000 -0.015005
4.004641 -1.000977 1.002508 0.250000 -0.040152
4.005073 -1.001121 2.004485 0.250000 -0.016219
4.005291 0.000048 1.002847 0.250000 -0.045335
4.005587 0.000097 2.004927 0.250000 -0.017180
4.004599 1.001080 1.002463 0.250000 -0.041676
4.005026 1.001312 2.004437 0.250000 -0.018384
4.003077 2.001446 1.001637 0.250000 -0.033498
4.003731 2.001921 2.003320 0.250000 -0.020511
4.001636 3.001198 1.000916 0.250000 -0.027950
4.002365 3.001837 2.002197 0.250000 -0.023934
4.000816 4.000816 1.000766 0.250000 -0.025910
4.001395 4.001395 2.001564 0.250000 -0.026844
0.000000 0.000000 -1.000000 0.250000 0.000000
