-5.000362 -5.000362 0.000294 0.250000 -0.026898
-5.000630 -4.000431 -0.000009 0.250000 -0.031596
-5.001120 -3.000525 -0.000067 0.250000 -0.040680
-5.001743 -2.000535 -0.000010 0.250000 -0.054430
-5.002302 -1.000342 0.000069 0.250000 -0.067836
-5.002526 0.000042 0.000104 0.250000 -0.074294
-5.002275 1.000435 0.000067 0.250000 -0.071078
-5.001690 2.000655 0.000004 0.250000 -0.061812
-5.001072 3.000699 0.000062 0.250000 -0.052502
-5.000682 4.000690 0.000434 0.250000 -0.044909
-4.000431 -5.000630 -0.000009 0.250000 -0.031596
-4.000860 -4.000860 -0.000390 0.250000 -0.042180
-4.001741 -3.001203 -0.000380 0.250000 -0.064244
-4.003046 -2.001387 -0.000107 0.250000 -0.097316
-4.004388 -1.000997 0.000279 0.250000 -0.128779
-4.004981 0.000030 0.000471 0.250000 -0.142704
-4.004359 1.001074 0.000260 0.250000 -0.132732
-4.002988 2.001514 -0.000124 0.250000 -0.106742
-4.001691 3.001429 -0.000264 0.250000 -0.080127
-4.000934 4.001229 0.000151 0.250000 -0.060665
-3.000525 -5.001120 -0.000067 0.250000 -0.040680
-3.001203 -4.001741 -0.000380 0.250000 -0.064244
-3.002757 -3.002757 0.000014 0.250000 -0.111749
-3.005500 -2.003603 0.001376 0.250000 -0.175231
-3.008843 -1.002891 0.003640 0.250000 -0.219480
-3.010499 0.000034 0.004965 0.250000 -0.230668
-3.008816 1.002983 0.003614 0.250000 -0.223937
-3.005443 2.003771 0.001345 0.250000 -0.186115
-3.002708 3.003075 0.000132 0.250000 -0.130561
-3.001280 4.002259 0.000232 0.250000 -0.086691
-2.000535 -5.001743 -0.000010 0.250000 -0.054430
-2.001387 -4.003046 -0.000107 0.250000 -0.097316
-2.003603 -3.005500 0.001376 0.250000 -0.175230
-2.008354 -2.008354 0.006822 0.250000 -0.228038
-2.015284 -1.007620 0.018528 0.250000 -0.113923
-2.018901 0.000044 0.026696 0.250000 0.022404
-2.015262 1.007738 0.018496 0.250000 -0.118803
-2.008306 2.008574 0.006785 0.250000 -0.240027
-2.003560 3.005919 0.001507 0.250000 -0.195994
-2.001444 4.003722 0.000579 0.250000 -0.122085
-1.000342 -5.002302 0.000069 0.250000 -0.067836
-1.000997 -4.004388 0.000279 0.250000 -0.128780
-1.002891 -3.008843 0.003640 0.250000 -0.219479
-1.007620 -2.015284 0.018528 0.250000 -0.113922
-1.013557 -1.013557 0.057327 0.250000 0.671906
-1.017149 0.000054 0.079797 0.250000 1.173958
-1.013544 1.013699 0.057287 0.250000 0.666600
-1.007591 2.015546 0.018486 0.250000 -0.126801
-1.002862 3.009343 0.003786 0.250000 -0.241453
-1.001018 4.005188 0.001026 0.250000 -0.154668
0.000042 -5.002526 0.000104 0.250000 -0.074294
0.000030 -4.004981 0.000471 0.250000 -0.142704
0.000034 -3.010499 0.004965 0.250000 -0.230668
0.000044 -2.018901 0.026696 0.250000 0.022403
0.000054 -1.017149 0.079797 0.250000 1.173960
0.000058 0.000058 0.113079 0.250000 1.952894
0.000053 1.017299 0.079753 0.250000 1.168425
0.000045 2.019177 0.026650 0.250000 0.009069
0.000042 3.011029 0.005118 0.250000 -0.253099
0.000055 4.005829 0.001249 0.250000 -0.168882
1.000435 -5.002275 0.000067 0.250000 -0.071078
1.001074 -4.004359 0.000260 0.250000 -0.132732
1.002983 -3.008816 0.003614 0.250000 -0.223937
1.007738 -2.015262 0.018496 0.250000 -0.118803
1.013699 -1.013544 0.057287 0.250000 0.666600
1.017299 0.000053 0.079753 0.250000 1.168424
1.013685 1.013685 0.057249 0.250000 0.661241
1.007710 2.015521 0.018457 0.250000 -0.131767
1.002966 3.009312 0.003768 0.250000 -0.245928
1.001140 4.005156 0.001028 0.250000 -0.158358
2.000655 -5.001690 0.000004 0.250000 -0.061813
2.001514 -4.002988 -0.000124 0.250000 -0.106742
2.003771 -3.005443 0.001345 0.250000 -0.186115
2.008574 -2.008306 0.006785 0.250000 -0.240027
2.015546 -1.007591 0.018486 0.250000 -0.126801
2.019177 0.000045 0.026650 0.250000 0.009070
2.015521 1.007710 0.018457 0.250000 -0.131767
2.008524 2.008524 0.006757 0.250000 -0.252088
2.003736 3.005858 0.001496 0.250000 -0.206646
2.001608 4.003658 0.000603 0.250000 -0.130474
3.000699 -5.001072 0.000062 0.250000 -0.052502
3.001429 -4.001691 -0.000264 0.250000 -0.080126
3.003075 -3.002708 0.000132 0.250000 -0.130561
3.005919 -2.003560 0.001507 0.250000 -0.195994
3.009343 -1.002862 0.003786 0.250000 -0.241453
3.011029 0.000042 0.005118 0.250000 -0.253098
3.009312 1.002966 0.003768 0.250000 -0.245927
3.005858 2.003736 0.001496 0.250000 -0.206645
3.003025 3.003025 0.000286 0.250000 -0.148250
3.001523 4.002202 0.000399 0.250000 -0.099927
4.000690 -5.000682 0.000434 0.250000 -0.044909
4.001229 -4.000934 0.000151 0.250000 -0.060665
4.002259 -3.001280 0.000232 0.250000 -0.086691
4.003722 -2.001444 0.000579 0.250000 -0.122084
4.005188 -1.001018 0.001026 0.250000 -0.154668
4.005829 0.000055 0.001249 0.250000 -0.168881
4.005156 1.001140 0.001028 0.250000 -0.158358
4.003658 2.001608 0.000603 0.250000 -0.130474
4.002202 3.001523 0.000399 0.250000 -0.099927
4.001297 4.001297 0.000699 0.250000 -0.074948
-5.000290 -5.000290 1.000492 0.250000 -0.032162
-5.000565 -5.000565 2.000879 0.250000 -0.033631
-5.000561 -4.000465 1.000377 0.250000 -0.035026
-5.000963 -4.000823 2.000985 0.250000 -0.034956
-5.001072 -3.000633 1.000563 0.250000 -0.039241
-5.001574 -3.000994 2.001360 0.250000 -0.035989
-5.001723 -2.000645 1.000890 0.250000 -0.045798
-5.002288 -2.000926 2.001870 0.250000 -0.037634
-5.002299 -1.000404 1.001193 0.250000 -0.052285
-5.002885 -1.000545 2.002315 0.250000 -0.039550
-5.002526 0.000051 1.001314 0.250000 -0.055928
-5.003113 0.000071 2.002490 0.250000 -0.041477
-5.002268 1.000507 1.001180 0.250000 -0.055938
-5.002858 1.000680 2.002307 0.250000 -0.043630
-5.001670 2.000743 1.000883 0.250000 -0.054047
-5.002248 2.001036 2.001878 0.250000 -0.046246
-5.001041 3.000719 1.000649 0.250000 -0.052461
-5.001561 3.001062 2.001458 0.250000 -0.048866
-5.000651 4.000592 1.000757 0.250000 -0.049694
-5.001040 4.000883 2.001297 0.250000 -0.049253
-4.000465 -5.000561 1.000377 0.250000 -0.035026
-4.000823 -5.000963 2.000985 0.250000 -0.034956
-4.000942 -4.000942 1.000393 0.250000 -0.037914
-4.001459 -4.001459 2.001363 0.250000 -0.033615
-4.001874 -3.001377 1.000948 0.250000 -0.044086
-4.002469 -3.001857 2.002249 0.250000 -0.031259
-4.003203 -2.001542 1.001846 0.250000 -0.054411
-4.003742 -2.001846 2.003455 0.250000 -0.028929
-4.004530 -1.001071 1.002750 0.250000 -0.064102
-4.004896 -1.001168 2.004564 0.250000 -0.026917
-4.005105 0.000049 1.003138 0.250000 -0.069050
-4.005367 0.000082 2.005016 0.250000 -0.027353
-4.004497 1.001173 1.002713 0.250000 -0.068767
-4.004866 1.001326 2.004533 0.250000 -0.032247
-4.003145 2.001651 1.001792 0.250000 -0.065380
-4.003695 2.001979 2.003422 0.250000 -0.040466
-4.001835 3.001488 1.000988 0.250000 -0.062530
-4.002444 3.001941 2.002309 0.250000 -0.049057
-4.001036 4.001125 1.000817 0.250000 -0.059084
-4.001521 4.001530 2.001691 0.250000 -0.053878
-3.000633 -5.001072 1.000563 0.250000 -0.039241
-3.000994 -5.001574 2.001360 0.250000 -0.035989
-3.001377 -4.001874 1.000948 0.250000 -0.044086
-3.001857 -4.002469 2.002249 0.250000 -0.031259
-3.002957 -3.002957 1.002346 0.250000 -0.054286
-3.003336 -3.003336 2.004100 0.250000 -0.022707
-3.005588 -2.003689 1.004780 0.250000 -0.066273
-3.005411 -2.003575 2.006778 0.250000 -0.009166
-3.008645 -1.002836 1.007651 0.250000 -0.068249
-3.007499 -1.002433 2.009475 0.250000 0.007806
-3.010111 0.000059 1.009050 0.250000 -0.065943
-3.008419 0.000099 2.010656 0.250000 0.014940
-3.008615 1.002963 1.007596 0.250000 -0.073792
-3.007471 1.002626 2.009423 0.250000 0.001300
-3.005534 2.003837 1.004689 0.250000 -0.079594
-3.005365 2.003745 2.006705 0.250000 -0.023455
-3.002918 3.003130 1.002346 0.250000 -0.077270
-3.003307 3.003457 2.004117 0.250000 -0.045163
-3.001463 4.002149 1.001386 0.250000 -0.071107
-3.001905 4.002575 2.002570 0.250000 -0.057247
-2.000645 -5.001723 1.000890 0.250000 -0.045798
-2.000926 -5.002288 2.001870 0.250000 -0.037634
-2.001542 -4.003203 1.001846 0.250000 -0.054411
-2.001846 -4.003742 2.003455 0.250000 -0.028929
-2.003689 -3.005588 1.004780 0.250000 -0.066273
-2.003575 -3.005411 2.006778 0.250000 -0.009166
-2.007944 -2.007944 1.010835 0.250000 -0.052743
-2.006312 -2.006312 2.012086 0.250000 0.032528
-2.013760 -1.006860 1.019675 0.250000 0.032003
-2.009408 -1.004648 2.018085 0.250000 0.095567
-2.016842 0.000073 1.024627 0.250000 0.098603
-2.010880 0.000116 2.020937 0.250000 0.129185
-2.013736 1.007018 1.019607 0.250000 0.025695
-2.009386 1.004877 2.018016 0.250000 0.088058
-2.007900 2.008138 1.010717 0.250000 -0.068042
-2.006275 2.006522 2.011982 0.250000 0.015907
-2.003656 3.005834 1.004750 0.250000 -0.092941
-2.003550 3.005576 2.006759 0.250000 -0.035541
-2.001608 4.003585 1.002299 0.250000 -0.085873
-2.001880 4.003892 2.003766 0.250000 -0.059640
-1.000404 -5.002299 1.001193 0.250000 -0.052285
-1.000545 -5.002885 2.002315 0.250000 -0.039550
-1.001071 -4.004530 1.002750 0.250000 -0.064102
-1.001168 -4.004896 2.004564 0.250000 -0.026916
-1.002836 -3.008645 1.007651 0.250000 -0.068249
-1.002433 -3.007499 2.009475 0.250000 0.007806
-1.006860 -2.013760 1.019675 0.250000 0.032003
-1.004648 -2.009408 2.018085 0.250000 0.095568
-1.013003 -1.013003 1.040636 0.250000 0.375269
-1.007409 -1.007409 2.028860 0.250000 0.244678
-1.016268 0.000084 1.053537 0.250000 0.631721
-1.008803 0.000128 2.034343 0.250000 0.331340
-1.012990 1.013187 1.040557 0.250000 0.368352
-1.007397 1.007663 2.028780 0.250000 0.236459
-1.006835 2.013990 1.019539 0.250000 0.015252
-1.004629 2.009649 2.017960 0.250000 0.077331
-1.002815 3.008948 1.007604 0.250000 -0.097456
-1.002419 3.007698 2.009433 0.250000 -0.021242
-1.001100 4.004997 1.003221 0.250000 -0.098391
-1.001184 4.005083 2.004870 0.250000 -0.060768
0.000051 -5.002526 1.001314 0.250000 -0.055927
0.000071 -5.003113 2.002490 0.250000 -0.041478
0.000049 -4.005105 1.003138 0.250000 -0.069051
0.000082 -4.005367 2.005016 0.250000 -0.027353
0.000059 -3.010111 1.009050 0.250000 -0.065943
0.000099 -3.008419 2.010656 0.250000 0.014939
0.000073 -2.016842 1.024627 0.250000 0.098602
0.000116 -2.010880 2.020937 0.250000 0.129185
0.000084 -1.016268 1.053537 0.250000 0.631719
0.000128 -1.008803 2.034343 0.250000 0.331341
0.000088 0.000088 1.071318 0.250000 1.012312
0.000132 0.000132 2.041350 0.250000 0.451984
0.000083 1.016461 1.053454 0.250000 0.624531
0.000126 1.009065 2.034260 0.250000 0.322865
0.000071 2.017085 1.024486 0.250000 0.081275
0.000113 2.011130 2.020807 0.250000 0.110387
0.000062 3.010434 1.009000 0.250000 -0.096067
0.000098 3.008629 2.010610 0.250000 -0.015002
0.000065 4.005603 1.003623 0.250000 -0.104255
0.000086 4.005567 2.005327 0.250000 -0.062195
1.000507 -5.002268 1.001180 0.250000 -0.055938
1.000680 -5.002858 2.002307 0.250000 -0.043630
1.001173 -4.004497 1.002713 0.250000 -0.068766
1.001326 -4.004866 2.004533 0.250000 -0.032246
1.002963 -3.008615 1.007596 0.250000 -0.073793
1.002626 -3.007471 2.009423 0.250000 0.001300
1.007018 -2.013736 1.019607 0.250000 0.025695
1.004877 -2.009386 2.018016 0.250000 0.088058
1.013187 -1.012990 1.040557 0.250000 0.368351
1.007663 -1.007397 2.028780 0.250000 0.236459
1.016461 0.000083 1.053454 0.250000 0.624529
1.009065 0.000126 2.034260 0.250000 0.322865
1.013171 1.013171 1.040481 0.250000 0.361413
1.007648 1.007648 2.028704 0.250000 0.228282
1.006990 2.013962 1.019477 0.250000 0.008940
1.004851 2.009622 2.017900 0.250000 0.069953
1.002946 3.008913 1.007562 0.250000 -0.102889
1.002609 3.007666 2.009395 0.250000 -0.027447
1.001232 4.004960 1.003207 0.250000 -0.102672
1.001349 4.005050 2.004859 0.250000 -0.065566
2.000743 -5.001670 1.000883 0.250000 -0.054048
2.001036 -5.002248 2.001878 0.250000 -0.046246
2.001651 -4.003145 1.001792 0.250000 -0.065380
2.001979 -4.003695 2.003422 0.250000 -0.040466
2.003837 -3.005534 1.004689 0.250000 -0.079594
2.003745 -3.005365 2.006705 0.250000 -0.023455
2.008138 -2.007900 1.010717 0.250000 -0.068043
2.006522 -2.006275 2.011982 0.250000 0.015908
2.013990 -1.006835 1.019539 0.250000 0.015252
2.009649 -1.004629 2.017960 0.250000 0.077332
2.017085 0.000071 1.024486 0.250000 0.081277
2.011130 0.000113 2.020807 0.250000 0.110388
2.013962 1.006990 1.019477 0.250000 0.008939
2.009622 1.004851 2.017900 0.250000 0.069953
2.008089 2.008089 1.010614 0.250000 -0.083233
2.006479 2.006479 2.011896 0.250000 -0.000335
2.003804 3.005772 1.004688 0.250000 -0.105754
2.003717 3.005524 2.006716 0.250000 -0.049003
2.001741 4.003522 1.002292 0.250000 -0.095559
2.002020 4.003844 2.003772 0.250000 -0.069771
3.000719 -5.001041 1.000649 0.250000 -0.052461
3.001062 -5.001561 2.001458 0.250000 -0.048866
3.001488 -4.001835 1.000988 0.250000 -0.062530
3.001941 -4.002444 2.002309 0.250000 -0.049057
3.003130 -3.002918 1.002346 0.250000 -0.077270
3.003457 -3.003307 2.004117 0.250000 -0.045163
3.005834 -2.003656 1.004750 0.250000 -0.092941
3.005576 -2.003550 2.006759 0.250000 -0.035541
3.008948 -1.002815 1.007604 0.250000 -0.097456
3.007698 -1.002419 2.009433 0.250000 -0.021242
3.010434 0.000062 1.009000 0.250000 -0.096067
3.008629 0.000098 2.010610 0.250000 -0.015002
3.008913 1.002946 1.007562 0.250000 -0.102889
3.007666 1.002609 2.009395 0.250000 -0.027447
3.005772 2.003804 1.004688 0.250000 -0.105754
3.005524 2.003717 2.006716 0.250000 -0.049004
3.003088 3.003088 1.002392 0.250000 -0.098757
3.003427 3.003427 2.004179 0.250000 -0.065911
3.001594 4.002110 1.001490 0.250000 -0.086533
3.002002 4.002555 2.002681 0.250000 -0.072311
4.000592 -5.000651 1.000757 0.250000 -0.049694
4.000883 -5.001040 2.001297 0.250000 -0.049253
4.001125 -4.001036 1.000817 0.250000 -0.059084
4.001530 -4.001521 2.001691 0.250000 -0.053878
4.002149 -3.001463 1.001386 0.250000 -0.071107
4.002575 -3.001905 2.002570 0.250000 -0.057247
4.003585 -2.001608 1.002299 0.250000 -0.085872
4.003892 -2.001880 2.003766 0.250000 -0.059640
4.004997 -1.001100 1.003221 0.250000 -0.098391
4.005083 -1.001184 2.004870 0.250000 -0.060768
4.005603 0.000065 1.003623 0.250000 -0.104255
4.005567 0.000086 2.005327 0.250000 -0.062195
4.004960 1.001232 1.003207 0.250000 -0.102672
4.005050 1.001349 2.004859 0.250000 -0.065566
4.003522 2.001741 1.002292 0.250000 -0.095559
4.003844 2.002020 2.003772 0.250000 -0.069771
4.002110 3.001594 1.001490 0.250000 -0.086533
4.002555 3.002002 2.002681 0.250000 -0.072311
4.001231 4.001231 1.001275 0.250000 -0.075595
4.001612 4.001612 2.002056 0.250000 -0.070175
0.000000 0.000000 -1.000000 0.250000 0.000000
