-4.999702 -4.999702 0.000502 0.250000 0.008472
-4.999661 -3.999688 0.000303 0.250000 0.012573
-4.999783 -2.999798 0.000275 0.250000 0.018535
-5.000096 -1.999973 0.000215 0.250000 0.023327
-5.000494 -1.000075 0.000107 0.250000 0.025612
-5.000692 -0.000044 0.000050 0.250000 0.026398
-5.000509 0.999990 0.000098 0.250000 0.026666
-5.000097 1.999902 0.000179 0.250000 0.024934
-4.999743 2.999766 0.000266 0.250000 0.020081
-4.999656 3.999740 0.000554 0.250000 0.014815
-3.999688 -4.999661 0.000303 0.250000 0.012573
-3.999788 -3.999788 -0.000005 0.250000 0.019537
-4.000383 -3.000252 -0.000240 0.250000 0.025339
-4.001691 -2.000817 -0.000711 0.250000 0.021087
-4.003359 -1.000845 -0.001267 0.250000 0.007620
-4.004187 -0.000064 -0.001513 0.250000 0.000155
-4.003377 1.000720 -0.001281 0.250000 0.009161
-4.001687 2.000710 -0.000776 0.250000 0.023452
-4.000327 3.000220 -0.000305 0.250000 0.027364
-3.999788 3.999916 0.000250 0.250000 0.021909
-2.999798 -4.999783 0.000275 0.250000 0.018536
-3.000252 -4.000383 -0.000240 0.250000 0.025339
-3.001998 -3.001998 -0.001046 0.250000 0.014132
-3.006026 -2.004030 -0.002209 0.250000 -0.037616
-3.011658 -1.003943 -0.002507 0.250000 -0.106370
-3.014619 -0.000073 -0.002113 0.250000 -0.135084
-3.011672 1.003800 -0.002521 0.250000 -0.104424
-3.006012 2.003921 -0.002286 0.250000 -0.034575
-3.001925 3.002026 -0.001143 0.250000 0.016615
-3.000251 4.000680 -0.000003 0.250000 0.027393
-1.999973 -5.000096 0.000215 0.250000 0.023327
-2.000817 -4.001691 -0.000711 0.250000 0.021087
-2.004030 -3.006026 -0.002209 0.250000 -0.037616
-2.012426 -2.012426 -0.001062 0.250000 -0.166213
-2.025764 -1.012958 0.010976 0.250000 -0.216770
-2.032941 -0.000081 0.022226 0.250000 -0.174166
-2.025772 1.012802 0.010963 0.250000 -0.214464
-2.012405 2.012328 -0.001147 0.250000 -0.162694
-2.003956 3.006147 -0.002323 0.250000 -0.034909
-2.000811 4.002214 -0.000475 0.250000 0.022562
-1.000075 -5.000494 0.000107 0.250000 0.025612
-1.000845 -4.003359 -0.001267 0.250000 0.007620
-1.003943 -3.011658 -0.002507 0.250000 -0.106371
-1.012958 -2.025764 0.010976 0.250000 -0.216772
-1.024771 -1.024771 0.071258 0.250000 0.179299
-1.031971 -0.000087 0.108590 0.250000 0.475543
-1.024774 1.024606 0.071243 0.250000 0.182088
-1.012941 2.025678 0.010880 0.250000 -0.212884
-1.003896 3.011865 -0.002633 0.250000 -0.103649
-1.000835 4.004083 -0.001024 0.250000 0.008402
-0.000044 -5.000692 0.000050 0.250000 0.026398
-0.000064 -4.004187 -0.001513 0.250000 0.000155
-0.000073 -3.014619 -0.002113 0.250000 -0.135084
-0.000081 -2.032941 0.022226 0.250000 -0.174167
-0.000087 -1.031971 0.108590 0.250000 0.475542
-0.000089 -0.000089 0.165702 0.250000 0.965763
-0.000087 1.031804 0.108573 0.250000 0.478579
-0.000083 2.032862 0.022120 0.250000 -0.170103
-0.000076 3.014862 -0.002246 0.250000 -0.132427
-0.000052 4.004991 -0.001267 0.250000 0.000527
0.999990 -5.000509 0.000098 0.250000 0.026666
1.000720 -4.003377 -0.001281 0.250000 0.009161
1.003800 -3.011672 -0.002521 0.250000 -0.104424
1.012802 -2.025772 0.010963 0.250000 -0.214464
1.024606 -1.024774 0.071243 0.250000 0.182088
1.031804 -0.000087 0.108573 0.250000 0.478580
1.024610 1.024610 0.071226 0.250000 0.184880
1.012782 2.025688 0.010862 0.250000 -0.210618
1.003749 3.011879 -0.002653 0.250000 -0.101881
1.000737 4.004095 -0.001036 0.250000 0.009606
1.999902 -5.000097 0.000179 0.250000 0.024934
2.000710 -4.001687 -0.000776 0.250000 0.023452
2.003921 -3.006012 -0.002286 0.250000 -0.034576
2.012328 -2.012405 -0.001147 0.250000 -0.162692
2.025678 -1.012941 0.010880 0.250000 -0.212884
2.032862 -0.000083 0.022120 0.250000 -0.170105
2.025688 1.012782 0.010862 0.250000 -0.210618
2.012304 2.012304 -0.001241 0.250000 -0.159356
2.003848 3.006129 -0.002406 0.250000 -0.032296
2.000739 4.002200 -0.000524 0.250000 0.024328
2.999766 -4.999743 0.000266 0.250000 0.020081
3.000220 -4.000327 -0.000305 0.250000 0.027364
3.002026 -3.001925 -0.001143 0.250000 0.016616
3.006147 -2.003956 -0.002323 0.250000 -0.034910
3.011865 -1.003896 -0.002633 0.250000 -0.103649
3.014862 -0.000076 -0.002246 0.250000 -0.132426
3.011879 1.003749 -0.002653 0.250000 -0.101881
3.006129 2.003848 -0.002406 0.250000 -0.032295
3.001954 3.001954 -0.001229 0.250000 0.018479
3.000252 4.000619 -0.000023 0.250000 0.028832
3.999740 -4.999656 0.000554 0.250000 0.014815
3.999916 -3.999788 0.000250 0.250000 0.021909
4.000680 -3.000251 -0.000003 0.250000 0.027393
4.002214 -2.000811 -0.000475 0.250000 0.022562
4.004083 -1.000835 -0.001024 0.250000 0.008403
4.004991 -0.000052 -0.001267 0.250000 0.000526
4.004095 1.000737 -0.001036 0.250000 0.009606
4.002200 2.000739 -0.000524 0.250000 0.024328
4.000619 3.000252 -0.000023 0.250000 0.028832
3.999935 3.999935 0.000533 0.250000 0.023629
-4.999518 -4.999518 1.000460 0.250000 0.003096
-5.000038 -5.000038 2.000733 0.250000 0.000616
-4.999459 -3.999600 1.000395 0.250000 0.003713
-5.000317 -4.000307 2.000879 0.250000 0.000580
-4.999550 -2.999757 1.000634 0.250000 0.007096
-5.000801 -3.000530 2.001326 0.250000 0.002989
-4.999778 -1.999919 1.000967 0.250000 0.011758
-5.001402 -2.000578 2.001909 0.250000 0.007163
-5.000053 -1.000017 1.001249 0.250000 0.015939
-5.001928 -1.000377 2.002411 0.250000 0.011402
-5.000185 -0.000019 1.001361 0.250000 0.018142
-5.002135 0.000027 2.002608 0.250000 0.013787
-5.000050 0.999982 1.001238 0.250000 0.017732
-5.001901 1.000433 2.002394 0.250000 0.013335
-4.999748 1.999888 1.000922 0.250000 0.014715
-5.001344 2.000628 2.001867 0.250000 0.010436
-4.999487 2.999707 1.000586 0.250000 0.010166
-5.000724 3.000540 2.001294 0.250000 0.006619
-4.999456 3.999572 1.000575 0.250000 0.007014
-5.000288 4.000280 2.000998 0.250000 0.004015
-3.999600 -4.999459 1.000395 0.250000 0.003713
-4.000307 -5.000317 2.000879 0.250000 0.000580
-3.999664 -3.999664 1.000547 0.250000 0.007673
-4.000832 -4.000832 2.001418 0.250000 0.003631
-4.000081 -3.000068 1.001203 0.250000 0.016160
-4.001731 -3.001304 2.002529 0.250000 0.011438
-4.000954 -2.000485 1.002046 0.250000 0.024262
-4.002930 -2.001450 2.003956 0.250000 0.021589
-4.002059 -1.000532 1.002793 0.250000 0.028295
-4.004073 -1.000990 2.005232 0.250000 0.030175
-4.002606 -0.000029 1.003104 0.250000 0.029793
-4.004557 0.000035 2.005750 0.250000 0.034296
-4.002056 1.000481 1.002769 0.250000 0.030867
-4.004043 1.001066 2.005192 0.250000 0.032840
-4.000918 2.000445 1.001951 0.250000 0.028477
-4.002859 2.001529 2.003856 0.250000 0.026038
-3.999994 3.000024 1.001052 0.250000 0.020254
-4.001627 3.001343 2.002399 0.250000 0.016155
-3.999647 3.999680 1.000660 0.250000 0.011514
-4.000768 4.000821 2.001451 0.250000 0.007738
-2.999757 -4.999550 1.000634 0.250000 0.007096
-3.000530 -5.000801 2.001326 0.250000 0.002989
-3.000068 -4.000081 1.001203 0.250000 0.016159
-3.001304 -4.001731 2.002529 0.250000 0.011438
-3.001233 -3.001233 1.002571 0.250000 0.026930
-3.002737 -3.002737 2.004787 0.250000 0.026228
-3.003915 -2.002639 1.004527 0.250000 0.025129
-3.004913 -2.003257 2.007868 0.250000 0.041251
-3.007731 -1.002640 1.006831 0.250000 0.011752
-3.007279 -1.002394 2.010919 0.250000 0.051558
-3.009751 -0.000029 1.008053 0.250000 0.005880
-3.008375 0.000049 2.012266 0.250000 0.056255
-3.007726 1.002595 1.006796 0.250000 0.015010
-3.007247 1.002506 2.010857 0.250000 0.054863
-3.003872 2.002624 1.004388 0.250000 0.030416
-3.004835 2.003387 2.007707 0.250000 0.046659
-3.001132 3.001254 1.002316 0.250000 0.031720
-3.002620 3.002841 2.004544 0.250000 0.031601
-3.000040 4.000225 1.001204 0.250000 0.019761
-3.001221 4.001784 2.002436 0.250000 0.015495
-1.999919 -4.999778 1.000967 0.250000 0.011758
-2.000578 -5.001402 2.001909 0.250000 0.007163
-2.000485 -4.000954 1.002046 0.250000 0.024262
-2.001450 -4.002930 2.003956 0.250000 0.021589
-2.002639 -3.003915 1.004527 0.250000 0.025129
-2.003257 -3.004913 2.007868 0.250000 0.041251
-2.008396 -2.008396 1.009646 0.250000 -0.006830
-2.006471 -2.006470 2.013909 0.250000 0.056562
-2.017670 -1.008941 1.019102 0.250000 -0.025363
-2.010529 -1.005240 2.020965 0.250000 0.069066
-2.022939 -0.000027 1.025257 0.250000 -0.015378
-2.012585 0.000065 2.024475 0.250000 0.077773
-2.017662 1.008905 1.019056 0.250000 -0.021571
-2.010500 1.005391 2.020881 0.250000 0.072830
-2.008352 2.008417 1.009463 0.250000 -0.000856
-2.006401 2.006660 2.013688 0.250000 0.062544
-2.002544 3.004029 1.004173 0.250000 0.029996
-2.003151 3.005097 2.007513 0.250000 0.046674
-2.000455 4.001277 1.001937 0.250000 0.026881
-2.001370 4.003071 2.003730 0.250000 0.024830
-1.000017 -5.000053 1.001249 0.250000 0.015939
-1.000377 -5.001928 2.002411 0.250000 0.011402
-1.000532 -4.002059 1.002793 0.250000 0.028296
-1.000990 -4.004073 2.005232 0.250000 0.030175
-1.002640 -3.007731 1.006830 0.250000 0.011751
-1.002394 -3.007279 2.010919 0.250000 0.051559
-1.008941 -2.017670 1.019102 0.250000 -0.025363
-1.005240 -2.010529 2.020965 0.250000 0.069067
-1.019865 -1.019865 1.047581 0.250000 0.075526
-1.009263 -1.009263 2.034640 0.250000 0.103049
-1.025927 -0.000024 1.067454 0.250000 0.202754
-1.011439 0.000077 2.042100 0.250000 0.132171
-1.019858 1.019841 1.047524 0.250000 0.079717
-1.009246 1.009445 2.034538 0.250000 0.107075
-1.008912 2.017723 1.018882 0.250000 -0.019044
-1.005198 2.010765 2.020696 0.250000 0.075266
-1.002581 3.007927 1.006398 0.250000 0.016283
-1.002329 3.007530 2.010475 0.250000 0.056643
-1.000509 4.002539 1.002601 0.250000 0.029637
-1.000938 4.004290 2.004901 0.250000 0.032300
-0.000019 -5.000185 1.001361 0.250000 0.018142
0.000027 -5.002135 2.002608 0.250000 0.013786
-0.000029 -4.002606 1.003104 0.250000 0.029794
0.000035 -4.004557 2.005750 0.250000 0.034296
-0.000029 -3.009751 1.008053 0.250000 0.005880
0.000049 -3.008375 2.012266 0.250000 0.056255
-0.000027 -2.022939 1.025257 0.250000 -0.015378
0.000065 -2.012585 2.024475 0.250000 0.077774
-0.000024 -1.025927 1.067454 0.250000 0.202753
0.000077 -1.011439 2.042100 0.250000 0.132173
-0.000021 -0.000021 1.096188 0.250000 0.415309
0.000083 0.000083 2.052043 0.250000 0.179217
-0.000023 1.025910 1.067390 0.250000 0.207094
0.000078 1.011632 2.041990 0.250000 0.136250
-0.000027 2.023006 1.025020 0.250000 -0.008999
0.000065 2.012840 2.024187 0.250000 0.083946
-0.000029 3.009980 1.007588 0.250000 0.010116
0.000051 3.008651 2.011788 0.250000 0.061024
-0.000018 4.003148 1.002880 0.250000 0.030398
0.000042 4.004802 2.005380 0.250000 0.035745
0.999982 -5.000050 1.001238 0.250000 0.017732
1.000433 -5.001901 2.002394 0.250000 0.013336
1.000481 -4.002056 1.002769 0.250000 0.030867
1.001066 -4.004043 2.005192 0.250000 0.032840
1.002595 -3.007726 1.006796 0.250000 0.015010
1.002506 -3.007247 2.010857 0.250000 0.054863
1.008905 -2.017662 1.019056 0.250000 -0.021572
1.005391 -2.010500 2.020881 0.250000 0.072831
1.019841 -1.019858 1.047524 0.250000 0.079717
1.009445 -1.009246 2.034538 0.250000 0.107075
1.025910 -0.000023 1.067390 0.250000 0.207094
1.011632 0.000078 2.041990 0.250000 0.136251
1.019836 1.019836 1.047464 0.250000 0.083839
1.009427 1.009427 2.034435 0.250000 0.110981
1.008876 2.017715 1.018832 0.250000 -0.015430
1.005349 2.010736 2.020611 0.250000 0.078773
1.002534 3.007919 1.006359 0.250000 0.019196
1.002444 3.007495 2.010414 0.250000 0.059534
1.000481 4.002529 1.002580 0.250000 0.031697
1.001028 4.004255 2.004868 0.250000 0.034432
1.999888 -4.999748 1.000922 0.250000 0.014714
2.000628 -5.001344 2.001867 0.250000 0.010437
2.000445 -4.000918 1.001951 0.250000 0.028477
2.001529 -4.002859 2.003856 0.250000 0.026039
2.002624 -3.003872 1.004388 0.250000 0.030417
2.003387 -3.004835 2.007707 0.250000 0.046659
2.008417 -2.008352 1.009463 0.250000 -0.000856
2.006660 -2.006401 2.013688 0.250000 0.062544
2.017723 -1.008912 1.018882 0.250000 -0.019044
2.010765 -1.005198 2.020696 0.250000 0.075267
2.023006 -0.000027 1.025020 0.250000 -0.009000
2.012840 0.000065 2.024187 0.250000 0.083947
2.017716 1.008876 1.018832 0.250000 -0.015430
2.010736 1.005349 2.020611 0.250000 0.078773
2.008371 2.008371 1.009274 0.250000 0.004691
2.006589 2.006589 2.013466 0.250000 0.067981
2.002528 3.003979 1.004033 0.250000 0.034534
2.003282 3.005015 2.007358 0.250000 0.051246
2.000441 4.001228 1.001861 0.250000 0.030125
2.001461 4.002994 2.003649 0.250000 0.028260
2.999707 -4.999487 1.000586 0.250000 0.010166
3.000540 -5.000724 2.001294 0.250000 0.006619
3.000024 -3.999994 1.001052 0.250000 0.020254
3.001343 -4.001627 2.002399 0.250000 0.016155
3.001254 -3.001132 1.002316 0.250000 0.031720
3.002841 -3.002620 2.004544 0.250000 0.031601
3.004029 -2.002544 1.004173 0.250000 0.029996
3.005097 -2.003151 2.007513 0.250000 0.046674
3.007927 -1.002581 1.006398 0.250000 0.016283
3.007530 -1.002329 2.010475 0.250000 0.056643
3.009980 -0.000029 1.007588 0.250000 0.010116
3.008651 0.000051 2.011788 0.250000 0.061025
3.007919 1.002534 1.006359 0.250000 0.019196
3.007495 1.002444 2.010414 0.250000 0.059534
3.003979 2.002528 1.004033 0.250000 0.034535
3.005015 2.003282 2.007358 0.250000 0.051246
3.001149 3.001149 1.002080 0.250000 0.035405
3.002722 3.002722 2.004323 0.250000 0.035777
3.000025 4.000135 1.001105 0.250000 0.022670
3.001275 4.001681 2.002346 0.250000 0.018856
3.999572 -4.999456 1.000575 0.250000 0.007014
4.000280 -5.000288 2.000998 0.250000 0.004015
3.999680 -3.999647 1.000660 0.250000 0.011514
4.000821 -4.000768 2.001451 0.250000 0.007738
4.000225 -3.000040 1.001204 0.250000 0.019761
4.001784 -3.001221 2.002436 0.250000 0.015495
4.001277 -2.000455 1.001937 0.250000 0.026881
4.003071 -2.001370 2.003730 0.250000 0.024830
4.002539 -1.000509 1.002601 0.250000 0.029636
4.004290 -1.000938 2.004901 0.250000 0.032300
4.003148 -0.000018 1.002880 0.250000 0.030398
4.004802 0.000042 2.005380 0.250000 0.035745
4.002529 1.000481 1.002580 0.250000 0.031698
4.004255 1.001028 2.004868 0.250000 0.034432
4.001228 2.000441 1.001861 0.250000 0.030125
4.002994 2.001461 2.003649 0.250000 0.028260
4.000135 3.000025 1.001105 0.250000 0.022669
4.001681 3.001275 2.002346 0.250000 0.018856
3.999691 3.999691 1.000824 0.250000 0.014046
4.000781 4.000781 2.001529 0.250000 0.010347
0.000000 0.000000 -1.000000 0.250000 0.000000
