-5.000340 -5.000340 0.000271 0.250000 -0.022574
-5.000603 -4.000409 -0.000035 0.250000 -0.026399
-5.001091 -3.000507 -0.000102 0.250000 -0.034741
-5.001716 -2.000523 -0.000058 0.250000 -0.047920
-5.002278 -1.000338 0.000008 0.250000 -0.060959
-5.002504 0.000039 0.000037 0.250000 -0.067234
-5.002251 1.000425 0.000003 0.250000 -0.063997
-5.001662 2.000638 -0.000051 0.250000 -0.054947
-5.001042 3.000676 0.000016 0.250000 -0.046221
-5.000655 4.000666 0.000394 0.250000 -0.039641
-4.000409 -5.000603 -0.000035 0.250000 -0.026399
-4.000834 -4.000834 -0.000426 0.250000 -0.035800
-4.001720 -3.001186 -0.000437 0.250000 -0.057013
-4.003039 -2.001383 -0.000196 0.250000 -0.089759
-4.004402 -1.001003 0.000157 0.250000 -0.121355
-4.005007 0.000027 0.000335 0.250000 -0.135344
-4.004373 1.001071 0.000135 0.250000 -0.125014
-4.002980 2.001504 -0.000222 0.250000 -0.098670
-4.001667 3.001408 -0.000337 0.250000 -0.072392
-4.000908 4.001204 0.000097 0.250000 -0.054183
-3.000507 -5.001091 -0.000102 0.250000 -0.034741
-3.001186 -4.001720 -0.000437 0.250000 -0.057013
-3.002761 -3.002761 -0.000090 0.250000 -0.104234
-3.005558 -2.003643 0.001207 0.250000 -0.169162
-3.008979 -1.002939 0.003424 0.250000 -0.216008
-3.010676 0.000030 0.004736 0.250000 -0.228463
-3.008951 1.003022 0.003393 0.250000 -0.220110
-3.005500 2.003804 0.001165 0.250000 -0.179424
-3.002710 3.003076 0.000010 0.250000 -0.122449
-3.001262 4.002241 0.000153 0.250000 -0.079381
-2.000523 -5.001716 -0.000058 0.250000 -0.047920
-2.001383 -4.003039 -0.000196 0.250000 -0.089760
-2.003643 -3.005558 0.001207 0.250000 -0.169162
-2.008510 -2.008510 0.006594 0.250000 -0.227835
-2.015628 -1.007794 0.018406 0.250000 -0.122183
-2.019345 0.000040 0.026706 0.250000 0.009901
-2.015604 1.007904 0.018369 0.250000 -0.126664
-2.008461 2.008723 0.006546 0.250000 -0.239138
-2.003597 3.005976 0.001318 0.250000 -0.189299
-2.001441 4.003724 0.000464 0.250000 -0.114531
-1.000338 -5.002278 0.000008 0.250000 -0.060959
-1.001003 -4.004402 0.000157 0.250000 -0.121355
-1.002939 -3.008979 0.003424 0.250000 -0.216008
-1.007794 -2.015628 0.018406 0.250000 -0.122182
-1.013899 -1.013899 0.057974 0.250000 0.646901
-1.017593 0.000049 0.080938 0.250000 1.140733
-1.013886 1.014032 0.057929 0.250000 0.642026
-1.007765 2.015882 0.018351 0.250000 -0.134344
-1.002909 3.009479 0.003548 0.250000 -0.237364
-1.001023 4.005216 0.000879 0.250000 -0.147348
0.000039 -5.002504 0.000037 0.250000 -0.067233
0.000027 -4.005007 0.000335 0.250000 -0.135344
0.000030 -3.010676 0.004736 0.250000 -0.228464
0.000040 -2.019345 0.026706 0.250000 0.009901
0.000049 -1.017593 0.080938 0.250000 1.140733
0.000053 0.000053 0.114987 0.250000 1.908530
0.000049 1.017735 0.080889 0.250000 1.135642
0.000040 2.019615 0.026648 0.250000 -0.002713
0.000037 3.011207 0.004868 0.250000 -0.250303
0.000051 4.005868 0.001087 0.250000 -0.161701
1.000425 -5.002251 0.000003 0.250000 -0.063997
1.001071 -4.004373 0.000135 0.250000 -0.125014
1.003022 -3.008951 0.003393 0.250000 -0.220109
1.007904 -2.015604 0.018369 0.250000 -0.126665
1.014032 -1.013886 0.057929 0.250000 0.642025
1.017735 0.000049 0.080889 0.250000 1.135642
1.014018 1.014018 0.057886 0.250000 0.637083
1.007875 2.015857 0.018318 0.250000 -0.138946
1.003005 3.009448 0.003527 0.250000 -0.241545
1.001139 4.005184 0.000877 0.250000 -0.150841
2.000638 -5.001662 -0.000051 0.250000 -0.054947
2.001504 -4.002980 -0.000222 0.250000 -0.098670
2.003804 -3.005500 0.001165 0.250000 -0.179424
2.008723 -2.008461 0.006546 0.250000 -0.239138
2.015882 -1.007765 0.018351 0.250000 -0.134344
2.019615 0.000040 0.026648 0.250000 -0.002712
2.015857 1.007875 0.018318 0.250000 -0.138945
2.008672 2.008672 0.006507 0.250000 -0.250591
2.003766 3.005913 0.001297 0.250000 -0.199459
2.001599 4.003659 0.000480 0.250000 -0.122596
3.000676 -5.001042 0.000016 0.250000 -0.046221
3.001408 -4.001667 -0.000337 0.250000 -0.072392
3.003076 -3.002710 0.000010 0.250000 -0.122449
3.005976 -2.003597 0.001318 0.250000 -0.189300
3.009479 -1.002909 0.003548 0.250000 -0.237364
3.011207 0.000037 0.004868 0.250000 -0.250303
3.009448 1.003005 0.003527 0.250000 -0.241545
3.005913 2.003766 0.001297 0.250000 -0.199458
3.003023 3.003023 0.000146 0.250000 -0.139746
3.001502 4.002183 0.000307 0.250000 -0.092375
4.000666 -5.000655 0.000394 0.250000 -0.039640
4.001204 -4.000908 0.000097 0.250000 -0.054183
4.002241 -3.001262 0.000153 0.250000 -0.079381
4.003724 -2.001441 0.000464 0.250000 -0.114532
4.005216 -1.001023 0.000879 0.250000 -0.147349
4.005868 0.000051 0.001087 0.250000 -0.161700
4.005184 1.001139 0.000877 0.250000 -0.150841
4.003659 2.001599 0.000480 0.250000 -0.122595
4.002183 3.001502 0.000307 0.250000 -0.092374
4.001272 4.001272 0.000630 0.250000 -0.068626
-5.000265 -5.000265 1.000464 0.250000 -0.028069
-5.000549 -5.000549 2.000849 0.250000 -0.029835
-5.000530 -4.000439 1.000347 0.250000 -0.030287
-5.000946 -4.000808 2.000954 0.250000 -0.030719
-5.001037 -3.000609 1.000529 0.250000 -0.034011
-5.001558 -3.000981 2.001328 0.250000 -0.031462
-5.001684 -2.000627 1.000849 0.250000 -0.040205
-5.002273 -2.000917 2.001837 0.250000 -0.032934
-5.002259 -1.000395 1.001146 0.250000 -0.046450
-5.002872 -1.000540 2.002280 0.250000 -0.034745
-5.002485 0.000050 1.001264 0.250000 -0.049939
-5.003101 0.000073 2.002453 0.250000 -0.036573
-5.002226 1.000496 1.001130 0.250000 -0.049872
-5.002843 1.000678 2.002268 0.250000 -0.038617
-5.001628 2.000724 1.000835 0.250000 -0.048057
-5.002230 2.001030 2.001837 0.250000 -0.041200
-5.001001 3.000694 1.000603 0.250000 -0.046837
-5.001539 3.001052 2.001414 0.250000 -0.044005
-5.000617 4.000566 1.000712 0.250000 -0.044835
-5.001018 4.000869 2.001252 0.250000 -0.044890
-4.000439 -5.000530 1.000347 0.250000 -0.030287
-4.000808 -5.000946 2.000954 0.250000 -0.030719
-4.000910 -4.000910 1.000361 0.250000 -0.032357
-4.001444 -4.001444 2.001334 0.250000 -0.028903
-4.001839 -3.001348 1.000910 0.250000 -0.038015
-4.002458 -3.001846 2.002223 0.250000 -0.026351
-4.003170 -2.001524 1.001798 0.250000 -0.048182
-4.003738 -2.001841 2.003431 0.250000 -0.024091
-4.004505 -1.001064 1.002692 0.250000 -0.057982
-4.004900 -1.001166 2.004542 0.250000 -0.022269
-4.005085 0.000048 1.003075 0.250000 -0.062933
-4.005375 0.000084 2.004994 0.250000 -0.022720
-4.004472 1.001165 1.002651 0.250000 -0.062317
-4.004868 1.001328 2.004505 0.250000 -0.027310
-4.003110 2.001632 1.001733 0.250000 -0.058579
-4.003687 2.001978 2.003387 0.250000 -0.035143
-4.001795 3.001459 1.000932 0.250000 -0.055882
-4.002427 3.001935 2.002265 0.250000 -0.043671
-4.001001 4.001093 1.000764 0.250000 -0.053340
-4.001501 4.001517 2.001642 0.250000 -0.048972
-3.000609 -5.001037 1.000529 0.250000 -0.034011
-3.000981 -5.001558 2.001328 0.250000 -0.031462
-3.001348 -4.001839 1.000910 0.250000 -0.038015
-3.001846 -4.002458 2.002223 0.250000 -0.026351
-3.002934 -3.002934 1.002298 0.250000 -0.048140
-3.003334 -3.003334 2.004081 0.250000 -0.018015
-3.005593 -2.003692 1.004719 0.250000 -0.061219
-3.005428 -2.003585 2.006773 0.250000 -0.005405
-3.008695 -1.002853 1.007586 0.250000 -0.065017
-3.007541 -1.002445 2.009486 0.250000 0.010348
-3.010186 0.000058 1.008986 0.250000 -0.063542
-3.008472 0.000101 2.010673 0.250000 0.017001
-3.008664 1.002978 1.007526 0.250000 -0.070158
-3.007511 1.002643 2.009427 0.250000 0.004196
-3.005536 2.003839 1.004616 0.250000 -0.073844
-3.005379 2.003762 2.006686 0.250000 -0.019101
-3.002891 3.003109 1.002275 0.250000 -0.070431
-3.003301 3.003462 2.004077 0.250000 -0.039896
-3.001432 4.002118 1.001321 0.250000 -0.064836
-3.001890 4.002568 2.002518 0.250000 -0.052117
-2.000627 -5.001684 1.000849 0.250000 -0.040205
-2.000917 -5.002273 2.001837 0.250000 -0.032934
-2.001524 -4.003170 1.001798 0.250000 -0.048182
-2.001841 -4.003738 2.003431 0.250000 -0.024091
-2.003692 -3.005593 1.004719 0.250000 -0.061220
-2.003585 -3.005428 2.006773 0.250000 -0.005405
-2.008018 -2.008018 1.010783 0.250000 -0.051899
-2.006356 -2.006356 2.012120 0.250000 0.033577
-2.013957 -1.006960 1.019702 0.250000 0.026933
-2.009500 -1.004693 2.018179 0.250000 0.093222
-2.017111 0.000071 1.024718 0.250000 0.090701
-2.010998 0.000119 2.021062 0.250000 0.125335
-2.013933 1.007117 1.019628 0.250000 0.021077
-2.009477 1.004928 2.018102 0.250000 0.086110
-2.007972 2.008213 1.010650 0.250000 -0.066426
-2.006317 2.006574 2.012000 0.250000 0.017616
-2.003655 3.005843 1.004663 0.250000 -0.087147
-2.003556 3.005602 2.006728 0.250000 -0.031160
-2.001588 4.003560 1.002220 0.250000 -0.079500
-2.001871 4.003895 2.003711 0.250000 -0.054607
-1.000395 -5.002259 1.001146 0.250000 -0.046450
-1.000540 -5.002872 2.002280 0.250000 -0.034745
-1.001064 -4.004505 1.002692 0.250000 -0.057982
-1.001166 -4.004900 2.004542 0.250000 -0.022269
-1.002853 -3.008695 1.007586 0.250000 -0.065018
-1.002445 -3.007541 2.009486 0.250000 0.010348
-1.006960 -2.013957 1.019702 0.250000 0.026933
-1.004693 -2.009500 2.018179 0.250000 0.093223
-1.013253 -1.013253 1.040995 0.250000 0.358855
-1.007505 -1.007505 2.029096 0.250000 0.236230
-1.016602 0.000083 1.054147 0.250000 0.609756
-1.008928 0.000131 2.034664 0.250000 0.320091
-1.013239 1.013436 1.040909 0.250000 0.352419
-1.007493 1.007767 2.029008 0.250000 0.228430
-1.006934 2.014189 1.019550 0.250000 0.010990
-1.004672 2.009750 2.018036 0.250000 0.075671
-1.002830 3.009004 1.007510 0.250000 -0.093484
-1.002428 3.007750 2.009415 0.250000 -0.018078
-1.001092 4.004984 1.003129 0.250000 -0.092214
-1.001180 4.005094 2.004814 0.250000 -0.055981
0.000050 -5.002485 1.001264 0.250000 -0.049939
0.000073 -5.003101 2.002453 0.250000 -0.036573
0.000048 -4.005085 1.003075 0.250000 -0.062933
0.000084 -4.005375 2.004994 0.250000 -0.022721
0.000058 -3.010186 1.008986 0.250000 -0.063543
0.000101 -3.008472 2.010673 0.250000 0.017001
0.000071 -2.017111 1.024718 0.250000 0.090699
0.000119 -2.010998 2.021062 0.250000 0.125335
0.000083 -1.016602 1.054147 0.250000 0.609754
0.000131 -1.008928 2.034664 0.250000 0.320091
0.000087 0.000087 1.072302 0.250000 0.983421
0.000135 0.000135 2.041788 0.250000 0.437317
0.000082 1.016794 1.054057 0.250000 0.603052
0.000129 1.009198 2.034572 0.250000 0.312035
0.000070 2.017355 1.024560 0.250000 0.074178
0.000116 2.011258 2.020914 0.250000 0.107217
0.000061 3.010516 1.008907 0.250000 -0.092954
0.000100 3.008693 2.010598 0.250000 -0.012345
0.000064 4.005596 1.003525 0.250000 -0.098153
0.000088 4.005583 2.005270 0.250000 -0.057477
1.000496 -5.002226 1.001130 0.250000 -0.049871
1.000678 -5.002843 2.002268 0.250000 -0.038617
1.001165 -4.004472 1.002651 0.250000 -0.062317
1.001328 -4.004868 2.004505 0.250000 -0.027309
1.002978 -3.008664 1.007526 0.250000 -0.070159
1.002643 -3.007511 2.009427 0.250000 0.004196
1.007117 -2.013933 1.019628 0.250000 0.021076
1.004928 -2.009477 2.018102 0.250000 0.086111
1.013436 -1.013239 1.040909 0.250000 0.352420
1.007767 -1.007493 2.029008 0.250000 0.228429
1.016794 0.000082 1.054057 0.250000 0.603052
1.009198 0.000129 2.034572 0.250000 0.312035
1.013419 1.013419 1.040827 0.250000 0.345939
1.007751 1.007751 2.028925 0.250000 0.220650
1.007087 2.014161 1.019482 0.250000 0.005083
1.004901 2.009723 2.017969 0.250000 0.068645
1.002959 3.008968 1.007464 0.250000 -0.098586
1.002623 3.007715 2.009371 0.250000 -0.023999
1.001222 4.004946 1.003111 0.250000 -0.096268
1.001349 4.005060 2.004798 0.250000 -0.060579
2.000724 -5.001628 1.000835 0.250000 -0.048057
2.001030 -5.002230 2.001837 0.250000 -0.041200
2.001632 -4.003110 1.001733 0.250000 -0.058579
2.001978 -4.003687 2.003387 0.250000 -0.035142
2.003839 -3.005536 1.004616 0.250000 -0.073844
2.003762 -3.005379 2.006686 0.250000 -0.019101
2.008213 -2.007972 1.010650 0.250000 -0.066425
2.006574 -2.006317 2.012000 0.250000 0.017617
2.014189 -1.006934 1.019550 0.250000 0.010989
2.009750 -1.004672 2.018036 0.250000 0.075671
2.017355 0.000070 1.024560 0.250000 0.074177
2.011258 0.000116 2.020914 0.250000 0.107216
2.014161 1.007087 1.019482 0.250000 0.005084
2.009723 1.004901 2.017969 0.250000 0.068645
2.008161 2.008161 1.010533 0.250000 -0.080935
2.006529 2.006529 2.011898 0.250000 0.001940
2.003803 3.005778 1.004588 0.250000 -0.099408
2.003729 3.005546 2.006672 0.250000 -0.044169
2.001720 4.003494 1.002203 0.250000 -0.088816
2.002016 4.003842 2.003708 0.250000 -0.064427
3.000694 -5.001001 1.000603 0.250000 -0.046837
3.001052 -5.001539 2.001414 0.250000 -0.044005
3.001459 -4.001795 1.000932 0.250000 -0.055882
3.001935 -4.002427 2.002265 0.250000 -0.043671
3.003109 -3.002891 1.002275 0.250000 -0.070431
3.003462 -3.003301 2.004077 0.250000 -0.039896
3.005843 -2.003655 1.004663 0.250000 -0.087147
3.005602 -2.003556 2.006728 0.250000 -0.031159
3.009004 -1.002830 1.007510 0.250000 -0.093484
3.007750 -1.002428 2.009415 0.250000 -0.018078
3.010516 0.000061 1.008907 0.250000 -0.092954
3.008693 0.000100 2.010598 0.250000 -0.012344
3.008968 1.002959 1.007464 0.250000 -0.098587
3.007715 1.002623 2.009371 0.250000 -0.024000
3.005778 2.003803 1.004588 0.250000 -0.099408
3.005546 2.003729 2.006672 0.250000 -0.044169
3.003063 3.003063 1.002301 0.250000 -0.091445
3.003426 3.003426 2.004118 0.250000 -0.060268
3.001564 4.002075 1.001410 0.250000 -0.079964
3.001991 4.002542 2.002614 0.250000 -0.066941
4.000566 -5.000617 1.000712 0.250000 -0.044835
4.000869 -5.001018 2.001252 0.250000 -0.044890
4.001093 -4.001001 1.000764 0.250000 -0.053340
4.001517 -4.001501 2.001642 0.250000 -0.048972
4.002118 -3.001432 1.001321 0.250000 -0.064836
4.002568 -3.001890 2.002518 0.250000 -0.052117
4.003560 -2.001588 1.002220 0.250000 -0.079501
4.003895 -2.001871 2.003711 0.250000 -0.054607
4.004984 -1.001092 1.003129 0.250000 -0.092214
4.005094 -1.001180 2.004814 0.250000 -0.055981
4.005596 0.000064 1.003525 0.250000 -0.098153
4.005583 0.000088 2.005270 0.250000 -0.057477
4.004946 1.001222 1.003111 0.250000 -0.096269
4.005060 1.001349 2.004798 0.250000 -0.060579
4.003494 2.001720 1.002203 0.250000 -0.088816
4.003842 2.002016 2.003708 0.250000 -0.064427
4.002075 3.001564 1.001410 0.250000 -0.079964
4.002542 3.001991 2.002614 0.250000 -0.066941
4.001197 4.001197 1.001205 0.250000 -0.069952
4.001595 4.001595 2.001991 0.250000 -0.065326
0.000000 0.000000 -1.000000 0.250000 0.000000
