-4.999625 -4.999625 0.000584 0.250000 -0.001339
-4.999384 -3.999521 0.000464 0.250000 0.000320
-4.999160 -2.999536 0.000606 0.250000 0.006227
-4.999096 -1.999691 0.000733 0.250000 0.014016
-4.999219 -0.999891 0.000755 0.250000 0.020371
-4.999327 -0.000047 0.000748 0.250000 0.022814
-4.999264 0.999790 0.000767 0.250000 0.020749
-4.999156 1.999574 0.000730 0.250000 0.014647
-4.999172 2.999409 0.000641 0.250000 0.007257
-4.999344 3.999410 0.000804 0.250000 0.003600
-3.999521 -4.999384 0.000464 0.250000 0.000320
-3.999346 -3.999346 0.000345 0.250000 0.006777
-3.999515 -2.999682 0.000386 0.250000 0.019622
-4.000465 -2.000300 0.000013 0.250000 0.029037
-4.002009 -1.000556 -0.000717 0.250000 0.028216
-4.002846 -0.000052 -0.001099 0.250000 0.025212
-4.002059 1.000436 -0.000704 0.250000 0.028691
-4.000526 2.000144 -0.000006 0.250000 0.029872
-3.999508 2.999511 0.000377 0.250000 0.020941
-3.999288 3.999229 0.000711 0.250000 0.011132
-2.999536 -4.999160 0.000606 0.250000 0.006227
-2.999682 -3.999515 0.000386 0.250000 0.019622
-3.001138 -3.001138 -0.000401 0.250000 0.029610
-3.005438 -2.003677 -0.002604 0.250000 0.002581
-3.012051 -1.004106 -0.004607 0.250000 -0.054594
-3.015647 -0.000060 -0.004984 0.250000 -0.082433
-3.012096 1.003962 -0.004587 0.250000 -0.054004
-3.005485 2.003486 -0.002621 0.250000 0.003767
-3.001105 3.000959 -0.000425 0.250000 0.031645
-2.999613 3.999477 0.000752 0.250000 0.025316
-1.999691 -4.999096 0.000733 0.250000 0.014017
-2.000300 -4.000465 0.000013 0.250000 0.029037
-2.003677 -3.005438 -0.002604 0.250000 0.002581
-2.013842 -2.013842 -0.004792 0.250000 -0.113868
-2.030806 -1.015509 0.005404 0.250000 -0.193698
-2.040065 -0.000076 0.017410 0.250000 -0.176560
-2.030840 1.015330 0.005432 0.250000 -0.192968
-2.013869 2.013617 -0.004805 0.250000 -0.112367
-2.003630 3.005282 -0.002630 0.250000 0.005339
-2.000238 4.000581 0.000390 0.250000 0.036072
-0.999891 -4.999219 0.000755 0.250000 0.020370
-1.000556 -4.002009 -0.000717 0.250000 0.028216
-1.004106 -3.012051 -0.004607 0.250000 -0.054595
-1.015509 -2.030806 0.005404 0.250000 -0.193699
-1.030735 -1.030735 0.074593 0.250000 0.085144
-1.040042 -0.000091 0.118838 0.250000 0.309247
-1.030753 1.030523 0.074631 0.250000 0.086252
-1.015521 2.030556 0.005391 0.250000 -0.191835
-1.004075 3.011933 -0.004636 0.250000 -0.051333
-1.000523 4.002286 -0.000328 0.250000 0.036112
-0.000047 -4.999327 0.000748 0.250000 0.022814
-0.000052 -4.002846 -0.001099 0.250000 0.025212
-0.000060 -3.015647 -0.004984 0.250000 -0.082433
-0.000076 -2.040065 0.017410 0.250000 -0.176559
-0.000091 -1.040042 0.118838 0.250000 0.309247
-0.000097 -0.000097 0.187578 0.250000 0.691811
-0.000089 1.039819 0.118882 0.250000 0.310613
-0.000077 2.039809 0.017395 0.250000 -0.174412
-0.000070 3.015550 -0.005017 0.250000 -0.078944
-0.000063 4.003194 -0.000707 0.250000 0.033424
0.999790 -4.999264 0.000767 0.250000 0.020749
1.000436 -4.002059 -0.000704 0.250000 0.028691
1.003962 -3.012096 -0.004587 0.250000 -0.054005
1.015330 -2.030840 0.005432 0.250000 -0.192967
1.030523 -1.030753 0.074631 0.250000 0.086251
1.039819 -0.000089 0.118882 0.250000 0.310614
1.030545 1.030545 0.074669 0.250000 0.087426
1.015339 2.030596 0.005416 0.250000 -0.190996
1.003915 3.011983 -0.004621 0.250000 -0.050644
1.000388 4.002337 -0.000315 0.250000 0.036690
1.999574 -4.999156 0.000730 0.250000 0.014647
2.000144 -4.000526 -0.000006 0.250000 0.029873
2.003486 -3.005485 -0.002621 0.250000 0.003767
2.013617 -2.013869 -0.004805 0.250000 -0.112368
2.030556 -1.015521 0.005391 0.250000 -0.191835
2.039809 -0.000077 0.017395 0.250000 -0.174412
2.030596 1.015339 0.005416 0.250000 -0.190996
2.013647 2.013647 -0.004825 0.250000 -0.110726
2.003433 3.005333 -0.002654 0.250000 0.006646
2.000083 4.000640 0.000385 0.250000 0.037136
2.999409 -4.999172 0.000641 0.250000 0.007257
2.999511 -3.999508 0.000377 0.250000 0.020941
3.000959 -3.001105 -0.000425 0.250000 0.031645
3.005282 -2.003630 -0.002630 0.250000 0.005339
3.011933 -1.004075 -0.004636 0.250000 -0.051333
3.015550 -0.000070 -0.005017 0.250000 -0.078944
3.011983 1.003915 -0.004621 0.250000 -0.050644
3.005333 2.003433 -0.002654 0.250000 0.006646
3.000927 3.000927 -0.000440 0.250000 0.033901
2.999461 3.999471 0.000789 0.250000 0.027200
3.999410 -4.999344 0.000804 0.250000 0.003599
3.999229 -3.999288 0.000711 0.250000 0.011131
3.999477 -2.999613 0.000752 0.250000 0.025316
4.000581 -2.000238 0.000390 0.250000 0.036073
4.002286 -1.000523 -0.000328 0.250000 0.036113
4.003194 -0.000063 -0.000707 0.250000 0.033424
4.002337 1.000388 -0.000315 0.250000 0.036689
4.000640 2.000083 0.000385 0.250000 0.037136
3.999471 2.999461 0.000789 0.250000 0.027200
3.999196 3.999196 0.001106 0.250000 0.016133
-4.999254 -4.999254 1.000416 0.250000 -0.005515
-4.999774 -4.999774 2.000630 0.250000 -0.007686
-4.998972 -3.999273 1.000314 0.250000 -0.008630
-4.999941 -4.000057 2.000726 0.250000 -0.011162
-4.998719 -2.999378 1.000619 0.250000 -0.007536
-5.000297 -3.000322 2.001209 0.250000 -0.011106
-4.998564 -1.999563 1.001093 0.250000 -0.002617
-5.000780 -2.000440 2.001905 0.250000 -0.007402
-4.998536 -0.999804 1.001522 0.250000 0.003289
-5.001225 -1.000333 2.002538 0.250000 -0.002467
-4.998560 -0.000050 1.001708 0.250000 0.006208
-5.001413 -0.000042 2.002808 0.250000 0.000265
-4.998567 0.999701 1.001553 0.250000 0.004431
-5.001232 1.000249 2.002573 0.250000 -0.000749
-4.998597 1.999443 1.001125 0.250000 -0.000300
-5.000779 2.000348 2.001962 0.250000 -0.003935
-4.998716 2.999203 1.000672 0.250000 -0.004020
-5.000278 3.000185 2.001308 0.250000 -0.005987
-4.998963 3.999072 1.000634 0.250000 -0.002964
-4.999939 3.999873 2.000997 0.250000 -0.004575
-3.999273 -4.998972 1.000314 0.250000 -0.008630
-4.000057 -4.999941 2.000726 0.250000 -0.011162
-3.999038 -3.999038 1.000516 0.250000 -0.009026
-4.000482 -4.000482 2.001287 0.250000 -0.012470
-3.998964 -2.999315 1.001431 0.250000 0.000578
-4.001250 -3.001008 2.002603 0.250000 -0.005574
-3.999266 -1.999755 1.002613 0.250000 0.016152
-4.002301 -2.001233 2.004360 0.250000 0.007821
-3.999925 -1.000083 1.003601 0.250000 0.028744
-4.003321 -1.000897 2.005937 0.250000 0.020839
-4.000319 -0.000055 1.004003 0.250000 0.033489
-4.003766 -0.000043 2.006596 0.250000 0.026777
-3.999958 0.999967 1.003637 0.250000 0.030422
-4.003325 1.000814 2.005972 0.250000 0.023301
-3.999297 1.999614 1.002630 0.250000 0.019609
-4.002288 2.001145 2.004398 0.250000 0.012812
-3.998935 2.999106 1.001420 0.250000 0.005783
-4.001202 3.000867 2.002655 0.250000 0.001781
-3.998996 3.998814 1.000815 0.250000 -0.000921
-4.000436 4.000276 2.001526 0.250000 -0.003124
-2.999378 -4.998719 1.000619 0.250000 -0.007537
-3.000322 -5.000297 2.001209 0.250000 -0.011106
-2.999315 -3.998964 1.001431 0.250000 0.000578
-3.001008 -4.001250 2.002603 0.250000 -0.005575
-2.999875 -2.999875 1.003267 0.250000 0.022722
-3.002288 -3.002288 2.005332 0.250000 0.013632
-3.001987 -2.001423 1.005445 0.250000 0.039501
-3.004261 -2.002880 2.008963 0.250000 0.038535
-3.005636 -1.002028 1.007554 0.250000 0.038244
-3.006471 -1.002208 2.012405 0.250000 0.056912
-3.007722 -0.000061 1.008650 0.250000 0.034943
-3.007527 -0.000042 2.013913 0.250000 0.064107
-3.005665 1.001900 1.007597 0.250000 0.040532
-3.006469 1.002132 2.012437 0.250000 0.060183
-3.002005 2.001274 1.005451 0.250000 0.044287
-3.004235 2.002813 2.008978 0.250000 0.045168
-2.999821 2.999674 1.003194 0.250000 0.029945
-3.002216 3.002176 2.005316 0.250000 0.023355
-2.999249 3.998799 1.001654 0.250000 0.011245
-3.000930 4.001071 2.002758 0.250000 0.006532
-1.999563 -4.998564 1.001093 0.250000 -0.002618
-2.000440 -5.000780 2.001905 0.250000 -0.007402
-1.999755 -3.999266 1.002613 0.250000 0.016152
-2.001233 -4.002301 2.004360 0.250000 0.007821
-2.001423 -3.001987 1.005445 0.250000 0.039502
-2.002880 -3.004261 2.008963 0.250000 0.038534
-2.007318 -2.007318 1.009904 0.250000 0.023391
-2.005938 -2.005938 2.015577 0.250000 0.065917
-2.017954 -1.009184 1.018676 0.250000 -0.005193
-2.010046 -1.005058 2.022970 0.250000 0.079971
-2.024256 -0.000069 1.024908 0.250000 -0.007274
-2.012216 -0.000039 2.026668 0.250000 0.086124
-2.017974 1.009041 1.018723 0.250000 -0.002345
-2.010040 1.004994 2.022997 0.250000 0.083954
-2.007322 2.007165 1.009894 0.250000 0.029319
-2.005907 2.005900 2.015560 0.250000 0.073956
-2.001359 3.001824 1.005300 0.250000 0.048393
-2.002803 3.004199 2.008864 0.250000 0.050192
-1.999689 3.999228 1.002746 0.250000 0.028908
-2.001148 4.002182 2.004404 0.250000 0.022082
-0.999804 -4.998536 1.001522 0.250000 0.003289
-1.000333 -5.001225 2.002538 0.250000 -0.002468
-1.000083 -3.999925 1.003601 0.250000 0.028744
-1.000897 -4.003321 2.005937 0.250000 0.020838
-1.002028 -3.005636 1.007554 0.250000 0.038243
-1.002208 -3.006471 2.012405 0.250000 0.056912
-1.009184 -2.017954 1.018676 0.250000 -0.005194
-1.005058 -2.010046 2.022970 0.250000 0.079971
-1.022564 -1.022564 1.048971 0.250000 0.037819
-1.009409 -1.009409 2.037276 0.250000 0.097048
-1.030149 -0.000076 1.071675 0.250000 0.125520
-1.011873 -0.000036 2.045311 0.250000 0.112789
-1.022573 1.022410 1.049020 0.250000 0.041159
-1.009404 1.009358 2.037296 0.250000 0.101533
-1.009182 2.017804 1.018645 0.250000 0.001555
-1.005035 2.010035 2.022923 0.250000 0.088944
-1.001984 3.005521 1.007341 0.250000 0.048138
-1.002156 3.006457 2.012231 0.250000 0.069752
-1.000044 4.000019 1.003652 0.250000 0.042663
-1.000842 4.003263 2.005880 0.250000 0.036312
-0.000050 -4.998560 1.001708 0.250000 0.006209
-0.000042 -5.001413 2.002808 0.250000 0.000265
-0.000055 -4.000319 1.004003 0.250000 0.033488
-0.000043 -4.003766 2.006596 0.250000 0.026777
-0.000061 -3.007722 1.008650 0.250000 0.034944
-0.000042 -3.007527 2.013913 0.250000 0.064108
-0.000069 -2.024256 1.024908 0.250000 -0.007275
-0.000039 -2.012216 2.026668 0.250000 0.086124
-0.000076 -1.030149 1.071675 0.250000 0.125520
-0.000036 -1.011873 2.045311 0.250000 0.112791
-0.000078 -0.000078 1.105306 0.250000 0.282276
-0.000034 -0.000034 2.056228 0.250000 0.140759
-0.000074 1.029994 1.071724 0.250000 0.129103
-0.000034 1.011828 2.045328 0.250000 0.117458
-0.000069 2.024111 1.024867 0.250000 -0.000189
-0.000037 2.012218 2.026607 0.250000 0.095415
-0.000066 3.007630 1.008407 0.250000 0.045165
-0.000041 3.007534 2.013708 0.250000 0.077308
-0.000061 4.000471 1.004016 0.250000 0.047745
-0.000042 4.003734 2.006496 0.250000 0.042583
0.999701 -4.998567 1.001553 0.250000 0.004431
1.000249 -5.001232 2.002573 0.250000 -0.000749
0.999967 -3.999958 1.003637 0.250000 0.030423
1.000814 -4.003325 2.005972 0.250000 0.023302
1.001900 -3.005665 1.007597 0.250000 0.040532
1.002132 -3.006469 2.012437 0.250000 0.060183
1.009041 -2.017974 1.018723 0.250000 -0.002345
1.004994 -2.010040 2.022997 0.250000 0.083953
1.022410 -1.022573 1.049020 0.250000 0.041159
1.009358 -1.009404 2.037296 0.250000 0.101534
1.029994 -0.000074 1.071724 0.250000 0.129102
1.011828 -0.000034 2.045328 0.250000 0.117459
1.022423 1.022423 1.049067 0.250000 0.044530
1.009356 1.009356 2.037314 0.250000 0.106002
1.009040 2.017828 1.018687 0.250000 0.004429
1.004975 2.010032 2.022945 0.250000 0.092872
1.001848 3.005552 1.007377 0.250000 0.050400
1.002083 3.006457 2.012258 0.250000 0.072911
0.999920 4.000051 1.003684 0.250000 0.044306
1.000762 4.003266 2.005912 0.250000 0.038642
1.999443 -4.998597 1.001125 0.250000 -0.000300
2.000348 -5.000779 2.001962 0.250000 -0.003936
1.999614 -3.999297 1.002630 0.250000 0.019610
2.001145 -4.002288 2.004398 0.250000 0.012811
2.001274 -3.002005 1.005451 0.250000 0.044287
2.002813 -3.004235 2.008978 0.250000 0.045167
2.007165 -2.007322 1.009894 0.250000 0.029320
2.005900 -2.005907 2.015560 0.250000 0.073955
2.017804 -1.009182 1.018645 0.250000 0.001555
2.010035 -1.005035 2.022923 0.250000 0.088944
2.024111 -0.000069 1.024867 0.250000 -0.000190
2.012218 -0.000037 2.026607 0.250000 0.095415
2.017828 1.009040 1.018687 0.250000 0.004428
2.010032 1.004975 2.022945 0.250000 0.092872
2.007172 2.007172 1.009872 0.250000 0.035222
2.005871 2.005871 2.015535 0.250000 0.081841
2.001203 3.001842 1.005295 0.250000 0.053031
2.002737 3.004173 2.008871 0.250000 0.056541
1.999551 3.999253 1.002769 0.250000 0.032244
2.001066 4.002166 2.004443 0.250000 0.026749
2.999203 -4.998716 1.000672 0.250000 -0.004019
3.000185 -5.000278 2.001308 0.250000 -0.005988
2.999106 -3.998935 1.001420 0.250000 0.005783
3.000867 -4.001202 2.002655 0.250000 0.001781
2.999674 -2.999821 1.003194 0.250000 0.029945
3.002176 -3.002216 2.005316 0.250000 0.023355
3.001824 -2.001359 1.005300 0.250000 0.048393
3.004199 -2.002803 2.008864 0.250000 0.050192
3.005521 -1.001984 1.007341 0.250000 0.048138
3.006457 -1.002156 2.012231 0.250000 0.069752
3.007630 -0.000066 1.008407 0.250000 0.045166
3.007534 -0.000041 2.013708 0.250000 0.077308
3.005552 1.001848 1.007377 0.250000 0.050400
3.006457 1.002083 2.012258 0.250000 0.072910
3.001842 2.001203 1.005295 0.250000 0.053031
3.004173 2.002737 2.008871 0.250000 0.056541
2.999616 2.999616 1.003122 0.250000 0.036893
3.002105 3.002105 2.005299 0.250000 0.032597
2.999060 3.998771 1.001680 0.250000 0.016299
3.000803 4.001026 2.002823 0.250000 0.013334
3.999072 -4.998963 1.000634 0.250000 -0.002964
3.999873 -4.999939 2.000997 0.250000 -0.004575
3.998814 -3.998996 1.000815 0.250000 -0.000921
4.000276 -4.000436 2.001526 0.250000 -0.003124
3.998799 -2.999249 1.001654 0.250000 0.011246
4.001071 -3.000930 2.002758 0.250000 0.006532
3.999228 -1.999689 1.002746 0.250000 0.028908
4.002182 -2.001148 2.004404 0.250000 0.022082
4.000019 -1.000044 1.003652 0.250000 0.042663
4.003263 -1.000842 2.005880 0.250000 0.036312
4.000471 -0.000061 1.004016 0.250000 0.047745
4.003734 -0.000042 2.006496 0.250000 0.042584
4.000051 0.999920 1.003684 0.250000 0.044306
4.003266 1.000762 2.005912 0.250000 0.038642
3.999253 1.999551 1.002769 0.250000 0.032244
4.002166 2.001066 2.004443 0.250000 0.026749
3.998771 2.999060 1.001680 0.250000 0.016299
4.001026 3.000803 2.002823 0.250000 0.013334
3.998805 3.998805 1.001141 0.250000 0.006883
4.000257 4.000257 2.001777 0.250000 0.005433
0.000000 0.000000 -1.000000 0.250000 0.000000
