-5.000003 -5.000003 0.000261 0.250000 0.010036
-5.000152 -4.000048 -0.000031 0.250000 0.013499
-5.000536 -3.000179 -0.000147 0.250000 0.014168
-5.001097 -2.000291 -0.000234 0.250000 0.010351
-5.001648 -1.000241 -0.000316 0.250000 0.004611
-5.001883 -0.000007 -0.000357 0.250000 0.001904
-5.001631 1.000236 -0.000342 0.250000 0.004575
-5.001050 2.000317 -0.000287 0.250000 0.009178
-5.000474 3.000267 -0.000149 0.250000 0.010401
-5.000185 4.000243 0.000241 0.250000 0.007577
-4.000048 -5.000152 -0.000031 0.250000 0.013498
-4.000366 -4.000366 -0.000458 0.250000 0.015794
-4.001213 -3.000816 -0.000692 0.250000 0.008085
-4.002642 -2.001212 -0.000892 0.250000 -0.013710
-4.004236 -1.001001 -0.001014 0.250000 -0.040262
-4.004974 -0.000029 -0.001048 0.250000 -0.052329
-4.004219 1.000958 -0.001057 0.250000 -0.039904
-4.002589 2.001220 -0.000989 0.250000 -0.014698
-4.001142 3.000941 -0.000748 0.250000 0.003189
-4.000419 4.000678 -0.000157 0.250000 0.007098
-3.000179 -5.000536 -0.000147 0.250000 0.014168
-3.000816 -4.001213 -0.000692 0.250000 0.008085
-3.002588 -3.002588 -0.001008 0.250000 -0.026590
-3.006071 -2.004012 -0.000826 0.250000 -0.096043
-3.010579 -1.003523 0.000417 0.250000 -0.164490
-3.012873 -0.000033 0.001412 0.250000 -0.188854
-3.010561 1.003479 0.000365 0.250000 -0.163831
-3.006016 2.004047 -0.000946 0.250000 -0.096899
-3.002512 3.002807 -0.001095 0.250000 -0.032458
-3.000873 4.001712 -0.000379 0.250000 -0.003332
-2.000291 -5.001097 -0.000234 0.250000 0.010351
-2.001212 -4.002642 -0.000892 0.250000 -0.013711
-2.004012 -3.006071 -0.000826 0.250000 -0.096043
-2.010556 -2.010556 0.003071 0.250000 -0.210052
-2.020488 -1.010270 0.015677 0.250000 -0.199671
-2.025750 -0.000030 0.025624 0.250000 -0.118110
-2.020472 1.010239 0.015618 0.250000 -0.198818
-2.010505 2.010635 0.002936 0.250000 -0.210955
-2.003942 3.006409 -0.000925 0.250000 -0.102834
-2.001252 4.003358 -0.000549 0.250000 -0.027408
-1.000241 -5.001648 -0.000316 0.250000 0.004611
-1.001001 -4.004236 -0.001014 0.250000 -0.040262
-1.003523 -3.010579 0.000417 0.250000 -0.164490
-1.010270 -2.020488 0.015677 0.250000 -0.199670
-1.018929 -1.018929 0.065664 0.250000 0.363373
-1.024186 -0.000026 0.095580 0.250000 0.752529
-1.018918 1.018911 0.065595 0.250000 0.364377
-1.010239 2.020605 0.015527 0.250000 -0.200763
-1.003478 3.011016 0.000315 0.250000 -0.172095
-1.001011 4.005132 -0.000636 0.250000 -0.055664
-0.000007 -5.001883 -0.000357 0.250000 0.001904
-0.000029 -4.004974 -0.001048 0.250000 -0.052329
-0.000033 -3.012873 0.001412 0.250000 -0.188854
-0.000030 -2.025750 0.025624 0.250000 -0.118108
-0.000026 -1.024186 0.095580 0.250000 0.752531
-0.000023 -0.000023 0.140611 0.250000 1.375783
-0.000026 1.024174 0.095506 0.250000 0.753539
-0.000031 2.025882 0.025465 0.250000 -0.119417
-0.000028 3.013348 0.001309 0.250000 -0.196954
-0.000002 4.005938 -0.000652 0.250000 -0.068589
1.000236 -5.001631 -0.000342 0.250000 0.004576
1.000958 -4.004219 -0.001057 0.250000 -0.039904
1.003479 -3.010561 0.000365 0.250000 -0.163832
1.010239 -2.020472 0.015618 0.250000 -0.198818
1.018911 -1.018918 0.065595 0.250000 0.364375
1.024174 -0.000026 0.095506 0.250000 0.753538
1.018900 1.018900 0.065526 0.250000 0.365234
1.010206 2.020587 0.015468 0.250000 -0.200231
1.003443 3.010995 0.000266 0.250000 -0.171958
1.001020 4.005109 -0.000666 0.250000 -0.055953
2.000317 -5.001050 -0.000287 0.250000 0.009178
2.001220 -4.002589 -0.000989 0.250000 -0.014698
2.004047 -3.006016 -0.000946 0.250000 -0.096899
2.010635 -2.010505 0.002936 0.250000 -0.210956
2.020605 -1.010239 0.015527 0.250000 -0.200763
2.025882 -0.000031 0.025465 0.250000 -0.119416
2.020587 1.010206 0.015468 0.250000 -0.200230
2.010581 2.010581 0.002801 0.250000 -0.212516
2.003985 3.006348 -0.001034 0.250000 -0.104631
2.001308 4.003296 -0.000609 0.250000 -0.029339
3.000267 -5.000474 -0.000149 0.250000 0.010401
3.000941 -4.001142 -0.000748 0.250000 0.003189
3.002807 -3.002512 -0.001095 0.250000 -0.032458
3.006409 -2.003942 -0.000925 0.250000 -0.102834
3.011016 -1.003478 0.000315 0.250000 -0.172094
3.013348 -0.000028 0.001309 0.250000 -0.196955
3.010995 1.003443 0.000266 0.250000 -0.171958
3.006348 2.003985 -0.001034 0.250000 -0.104631
3.002732 3.002732 -0.001150 0.250000 -0.039324
3.001028 4.001634 -0.000373 0.250000 -0.008737
4.000243 -5.000185 0.000241 0.250000 0.007578
4.000678 -4.000419 -0.000157 0.250000 0.007099
4.001712 -3.000873 -0.000379 0.250000 -0.003332
4.003358 -2.001252 -0.000549 0.250000 -0.027408
4.005132 -1.001011 -0.000636 0.250000 -0.055664
4.005938 -0.000002 -0.000652 0.250000 -0.068589
4.005109 1.001020 -0.000666 0.250000 -0.055953
4.003296 2.001308 -0.000609 0.250000 -0.029339
4.001634 3.001028 -0.000373 0.250000 -0.008737
4.000737 4.000737 0.000183 0.250000 -0.001328
-4.999896 -4.999896 1.000351 0.250000 0.003444
-5.000311 -5.000311 2.000689 0.250000 0.000098
-5.000036 -4.000035 1.000248 0.250000 0.005682
-5.000672 -4.000575 2.000811 0.250000 0.001944
-5.000403 -3.000214 1.000423 0.250000 0.007301
-5.001253 -3.000771 2.001203 0.250000 0.004082
-5.000923 -2.000311 1.000695 0.250000 0.007070
-5.001947 -2.000757 2.001715 0.250000 0.005746
-5.001415 -1.000231 1.000935 0.250000 0.005931
-5.002537 -1.000454 2.002152 0.250000 0.006820
-5.001616 0.000024 1.001022 0.250000 0.005458
-5.002761 0.000073 2.002314 0.250000 0.007210
-5.001383 1.000283 1.000896 0.250000 0.006065
-5.002495 1.000598 2.002109 0.250000 0.006531
-5.000855 2.000368 1.000615 0.250000 0.006047
-5.001871 2.000884 2.001640 0.250000 0.004167
-5.000329 3.000263 1.000365 0.250000 0.003358
-5.001178 3.000853 2.001157 0.250000 -0.000000
-5.000072 4.000125 1.000443 0.250000 -0.000653
-5.000675 4.000629 2.000942 0.250000 -0.004319
-4.000035 -5.000036 1.000248 0.250000 0.005682
-4.000575 -5.000672 2.000811 0.250000 0.001944
-4.000354 -4.000354 1.000299 0.250000 0.010140
-4.001181 -4.001181 2.001257 0.250000 0.006896
-4.001133 -3.000812 1.000825 0.250000 0.012200
-4.002185 -3.001622 2.002213 0.250000 0.012522
-4.002374 -2.001125 1.001602 0.250000 0.009012
-4.003486 -2.001689 2.003472 0.250000 0.017198
-4.003713 -1.000881 1.002363 0.250000 0.003191
-4.004695 -1.001098 2.004615 0.250000 0.020377
-4.004320 0.000017 1.002683 0.250000 0.000555
-4.005193 0.000086 2.005071 0.250000 0.021610
-4.003681 1.000923 1.002296 0.250000 0.003661
-4.004650 1.001271 2.004540 0.250000 0.020119
-4.002300 2.001187 1.001453 0.250000 0.007951
-4.003401 2.001851 2.003328 0.250000 0.015137
-4.001045 3.000888 1.000664 0.250000 0.006605
-4.002092 3.001737 2.002073 0.250000 0.006661
-4.000393 4.000512 1.000450 0.250000 0.000413
-4.001165 4.001259 2.001324 0.250000 -0.002457
-3.000214 -5.000403 1.000423 0.250000 0.007301
-3.000771 -5.001253 2.001203 0.250000 0.004082
-3.000812 -4.001133 1.000825 0.250000 0.012200
-3.001622 -4.002185 2.002213 0.250000 0.012522
-3.002337 -3.002337 1.002099 0.250000 0.009046
-3.003151 -3.003151 2.004205 0.250000 0.021794
-3.005199 -2.003442 1.004257 0.250000 -0.006918
-3.005390 -2.003547 2.007039 0.250000 0.029910
-3.008803 -1.002922 1.006918 0.250000 -0.024085
-3.007731 -1.002498 2.009909 0.250000 0.037131
-3.010604 0.000023 1.008272 0.250000 -0.029301
-3.008784 0.000107 2.011168 0.250000 0.040752
-3.008772 1.002985 1.006829 0.250000 -0.023416
-3.007688 1.002717 2.009803 0.250000 0.036781
-3.005126 2.003546 1.004052 0.250000 -0.008240
-3.005307 2.003765 2.006827 0.250000 0.027122
-3.002247 3.002494 1.001844 0.250000 0.001551
-3.003056 3.003329 2.003964 0.250000 0.013770
-3.000847 4.001422 1.000906 0.250000 -0.001350
-3.001595 4.002322 2.002191 0.250000 -0.000447
-2.000311 -5.000923 1.000695 0.250000 0.007071
-2.000757 -5.001947 2.001715 0.250000 0.005746
-2.001125 -4.002374 1.001602 0.250000 0.009012
-2.001689 -4.003486 2.003472 0.250000 0.017199
-2.003442 -3.005199 1.004257 0.250000 -0.006918
-2.003547 -3.005390 2.007039 0.250000 0.029910
-2.008628 -2.008628 1.010091 0.250000 -0.034757
-2.006667 -2.006667 2.012772 0.250000 0.045869
-2.016250 -1.008149 1.019668 0.250000 -0.019200
-2.010381 -1.005130 2.019454 0.250000 0.071710
-2.020419 0.000034 1.025404 0.250000 0.012610
-2.012196 0.000127 2.022703 0.250000 0.088459
-2.016224 1.008241 1.019559 0.250000 -0.018485
-2.010346 1.005395 2.019322 0.250000 0.071159
-2.008567 2.008786 1.009838 0.250000 -0.036604
-2.006599 2.006945 2.012501 0.250000 0.042176
-2.003364 3.005454 1.003923 0.250000 -0.016510
-2.003467 3.005641 2.006707 0.250000 0.019566
-2.001150 4.002823 1.001624 0.250000 -0.008278
-2.001662 4.003698 2.003365 0.250000 0.000558
-1.000231 -5.001415 1.000935 0.250000 0.005932
-1.000454 -5.002537 2.002152 0.250000 0.006820
-1.000881 -4.003713 1.002363 0.250000 0.003191
-1.001098 -4.004695 2.004615 0.250000 0.020377
-1.002922 -3.008803 1.006918 0.250000 -0.024085
-1.002498 -3.007731 2.009909 0.250000 0.037131
-1.008149 -2.016250 1.019668 0.250000 -0.019199
-1.005130 -2.010381 2.019454 0.250000 0.071710
-1.016614 -1.016614 1.045030 0.250000 0.178896
-1.008604 -1.008604 2.032019 0.250000 0.146904
-1.021208 0.000045 1.061574 0.250000 0.361823
-1.010412 0.000143 2.038629 0.250000 0.198719
-1.016599 1.016731 1.044905 0.250000 0.179558
-1.008585 1.008904 2.031868 0.250000 0.146119
-1.008113 2.016450 1.019379 0.250000 -0.021648
-1.005091 2.010705 2.019142 0.250000 0.067188
-1.002874 3.009140 1.006528 0.250000 -0.035517
-1.002452 3.008039 2.009514 0.250000 0.024848
-1.000886 4.004294 1.002351 0.250000 -0.017108
-1.001078 4.004968 2.004450 0.250000 0.000786
0.000024 -5.001616 1.001022 0.250000 0.005458
0.000073 -5.002761 2.002314 0.250000 0.007210
0.000017 -4.004320 1.002683 0.250000 0.000556
0.000086 -4.005193 2.005071 0.250000 0.021611
0.000023 -3.010604 1.008272 0.250000 -0.029300
0.000107 -3.008784 2.011168 0.250000 0.040752
0.000034 -2.020419 1.025404 0.250000 0.012611
0.000127 -2.012196 2.022703 0.250000 0.088460
0.000045 -1.021208 1.061574 0.250000 0.361823
0.000143 -1.010412 2.038629 0.250000 0.198721
0.000050 0.000050 1.084918 0.250000 0.648763
0.000148 0.000148 2.047257 0.250000 0.275803
0.000044 1.021336 1.061442 0.250000 0.362391
0.000142 1.010724 2.038471 0.250000 0.197782
0.000033 2.020636 1.025101 0.250000 0.009775
0.000125 2.012536 2.022377 0.250000 0.083494
0.000026 3.010970 1.007863 0.250000 -0.041652
0.000106 3.009110 2.010753 0.250000 0.027556
0.000035 4.004951 1.002663 0.250000 -0.021140
0.000093 4.005489 2.004889 0.250000 0.000702
1.000283 -5.001383 1.000896 0.250000 0.006065
1.000598 -5.002495 2.002109 0.250000 0.006530
1.000923 -4.003681 1.002296 0.250000 0.003662
1.001271 -4.004650 2.004540 0.250000 0.020119
1.002985 -3.008772 1.006829 0.250000 -0.023415
1.002717 -3.007688 2.009803 0.250000 0.036781
1.008241 -2.016224 1.019559 0.250000 -0.018484
1.005395 -2.010346 2.019322 0.250000 0.071159
1.016731 -1.016599 1.044905 0.250000 0.179559
1.008904 -1.008585 2.031868 0.250000 0.146120
1.021336 0.000044 1.061442 0.250000 0.362391
1.010724 0.000142 2.038471 0.250000 0.197782
1.016714 1.016714 1.044782 0.250000 0.180037
1.008882 1.008882 2.031719 0.250000 0.145162
1.008201 2.016421 1.019273 0.250000 -0.021306
1.005352 2.010666 2.019015 0.250000 0.066301
1.002940 3.009103 1.006446 0.250000 -0.035407
1.002669 3.007990 2.009420 0.250000 0.024040
1.000964 4.004255 1.002301 0.250000 -0.017312
1.001263 4.004919 2.004393 0.250000 0.000018
2.000368 -5.000855 1.000615 0.250000 0.006048
2.000884 -5.001871 2.001640 0.250000 0.004168
2.001187 -4.002300 1.001453 0.250000 0.007951
2.001851 -4.003401 2.003328 0.250000 0.015137
2.003546 -3.005126 1.004052 0.250000 -0.008240
2.003765 -3.005307 2.006827 0.250000 0.027122
2.008786 -2.008567 1.009838 0.250000 -0.036604
2.006945 -2.006599 2.012501 0.250000 0.042175
2.016450 -1.008113 1.019379 0.250000 -0.021648
2.010705 -1.005091 2.019142 0.250000 0.067188
2.020636 0.000033 1.025101 0.250000 0.009775
2.012536 0.000125 2.022377 0.250000 0.083494
2.016421 1.008201 1.019273 0.250000 -0.021306
2.010666 1.005352 2.019015 0.250000 0.066301
2.008718 2.008718 1.009593 0.250000 -0.039177
2.006870 2.006870 2.012245 0.250000 0.037864
2.003467 3.005371 1.003738 0.250000 -0.018817
2.003681 3.005549 2.006523 0.250000 0.016002
2.001243 4.002738 1.001521 0.250000 -0.010332
2.001833 4.003607 2.003263 0.250000 -0.002253
3.000263 -5.000329 1.000365 0.250000 0.003358
3.000853 -5.001178 2.001157 0.250000 -0.000000
3.000888 -4.001045 1.000664 0.250000 0.006605
3.001737 -4.002092 2.002073 0.250000 0.006662
3.002494 -3.002247 1.001844 0.250000 0.001550
3.003329 -3.003056 2.003964 0.250000 0.013770
3.005454 -2.003364 1.003923 0.250000 -0.016510
3.005641 -2.003467 2.006707 0.250000 0.019566
3.009140 -1.002874 1.006528 0.250000 -0.035517
3.008039 -1.002452 2.009514 0.250000 0.024848
3.010970 0.000026 1.007863 0.250000 -0.041651
3.009110 0.000106 2.010753 0.250000 0.027556
3.009103 1.002940 1.006446 0.250000 -0.035407
3.007990 1.002669 2.009420 0.250000 0.024039
3.005371 2.003467 1.003738 0.250000 -0.018817
3.005549 2.003681 2.006523 0.250000 0.016002
3.002398 3.002398 1.001635 0.250000 -0.006985
3.003229 3.003229 2.003770 0.250000 0.004949
3.000949 4.001330 1.000824 0.250000 -0.007513
3.001722 4.002231 2.002117 0.250000 -0.006811
4.000125 -5.000072 1.000443 0.250000 -0.000653
4.000629 -5.000675 2.000942 0.250000 -0.004318
4.000512 -4.000393 1.000450 0.250000 0.000414
4.001259 -4.001165 2.001324 0.250000 -0.002457
4.001422 -3.000847 1.000906 0.250000 -0.001350
4.002322 -3.001595 2.002191 0.250000 -0.000447
4.002823 -2.001150 1.001624 0.250000 -0.008278
4.003698 -2.001662 2.003365 0.250000 0.000558
4.004294 -1.000886 1.002351 0.250000 -0.017108
4.004968 -1.001078 2.004450 0.250000 0.000786
4.004951 0.000035 1.002663 0.250000 -0.021141
4.005489 0.000093 2.004889 0.250000 0.000702
4.004255 1.000964 1.002301 0.250000 -0.017313
4.004919 1.001263 2.004393 0.250000 0.000017
4.002738 2.001243 1.001521 0.250000 -0.010332
4.003607 2.001833 2.003263 0.250000 -0.002253
4.001330 3.000949 1.000824 0.250000 -0.007513
4.002231 3.001722 2.002117 0.250000 -0.006811
4.000569 4.000569 1.000673 0.250000 -0.009071
4.001263 4.001263 2.001459 0.250000 -0.011740
0.000000 0.000000 -1.000000 0.250000 0.000000
