-5.000532 -5.000532 0.000742 0.250000 -0.084998
-5.000824 -4.000600 0.000522 0.250000 -0.101050
-5.001298 -3.000658 0.000574 0.250000 -0.117564
-5.001870 -2.000609 0.000773 0.250000 -0.135172
-5.002367 -1.000360 0.000981 0.250000 -0.149999
-5.002562 0.000063 0.001078 0.250000 -0.157003
-5.002345 1.000493 0.001014 0.250000 -0.154156
-5.001831 2.000761 0.000862 0.250000 -0.143571
-5.001270 3.000848 0.000812 0.250000 -0.128342
-5.000876 4.000848 0.001071 0.250000 -0.108356
-4.000600 -5.000824 0.000522 0.250000 -0.101050
-4.001035 -4.001035 0.000288 0.250000 -0.125862
-4.001832 -3.001287 0.000524 0.250000 -0.154451
-4.002946 -2.001350 0.001096 0.250000 -0.185847
-4.004051 -1.000909 0.001747 0.250000 -0.210993
-4.004530 0.000061 0.002056 0.250000 -0.221842
-4.004027 1.001042 0.001773 0.250000 -0.216548
-4.002903 2.001521 0.001177 0.250000 -0.197334
-4.001804 3.001527 0.000789 0.250000 -0.169700
-4.001104 4.001372 0.000978 0.250000 -0.136597
-3.000658 -5.001298 0.000574 0.250000 -0.117564
-3.001287 -4.001832 0.000524 0.250000 -0.154451
-3.002597 -3.002597 0.001343 0.250000 -0.198837
-3.004785 -2.003126 0.003196 0.250000 -0.238062
-3.007369 -1.002382 0.005737 0.250000 -0.247501
-3.008631 0.000069 0.007103 0.250000 -0.242126
-3.007346 1.002537 0.005760 0.250000 -0.254013
-3.004743 2.003336 0.003279 0.250000 -0.251628
-3.002570 3.002911 0.001638 0.250000 -0.217046
-3.001358 4.002277 0.001318 0.250000 -0.167499
-2.000609 -5.001870 0.000773 0.250000 -0.135172
-2.001350 -4.002946 0.001096 0.250000 -0.185847
-2.003126 -3.004785 0.003196 0.250000 -0.238062
-2.006755 -2.006755 0.008854 0.250000 -0.217404
-2.011930 -1.005922 0.019176 0.250000 -0.006431
-2.014605 0.000080 0.025942 0.250000 0.177337
-2.011912 1.006104 0.019200 0.250000 -0.013645
-2.006722 2.007011 0.008942 0.250000 -0.232338
-2.003103 3.005176 0.003521 0.250000 -0.257891
-2.001404 4.003502 0.001978 0.250000 -0.199496
-1.000360 -5.002367 0.000981 0.250000 -0.149999
-1.000909 -4.004051 0.001747 0.250000 -0.210993
-1.002382 -3.007369 0.005737 0.250000 -0.247501
-1.005922 -2.011930 0.019176 0.250000 -0.006431
-1.010302 -1.010302 0.050223 0.250000 0.960434
-1.012948 0.000089 0.067844 0.250000 1.549832
-1.010292 1.010506 0.050244 0.250000 0.952598
-1.005903 2.012220 0.019268 0.250000 -0.022312
-1.002367 3.007819 0.006086 0.250000 -0.268062
-1.000931 4.004691 0.002696 0.250000 -0.224241
0.000063 -5.002562 0.001078 0.250000 -0.157004
0.000061 -4.004530 0.002056 0.250000 -0.221841
0.000069 -3.008631 0.007103 0.250000 -0.242126
0.000080 -2.014605 0.025942 0.250000 0.177336
0.000089 -1.012948 0.067844 0.250000 1.549833
0.000092 0.000092 0.093673 0.250000 2.445501
0.000088 1.013159 0.067863 0.250000 1.541754
0.000080 2.014907 0.026034 0.250000 0.161109
0.000074 3.009103 0.007464 0.250000 -0.262732
0.000077 4.005202 0.003035 0.250000 -0.234490
1.000493 -5.002345 0.001014 0.250000 -0.154156
1.001042 -4.004027 0.001773 0.250000 -0.216548
1.002537 -3.007346 0.005760 0.250000 -0.254013
1.006104 -2.011912 0.019200 0.250000 -0.013644
1.010506 -1.010292 0.050244 0.250000 0.952599
1.013159 0.000088 0.067863 0.250000 1.541755
1.010495 1.010495 0.050265 0.250000 0.944902
1.006085 2.012200 0.019295 0.250000 -0.029207
1.002530 3.007795 0.006117 0.250000 -0.273936
1.001094 4.004665 0.002736 0.250000 -0.228609
2.000761 -5.001831 0.000862 0.250000 -0.143570
2.001521 -4.002903 0.001177 0.250000 -0.197334
2.003336 -3.004743 0.003279 0.250000 -0.251627
2.007011 -2.006722 0.008942 0.250000 -0.232338
2.012220 -1.005903 0.019268 0.250000 -0.022312
2.014907 0.000080 0.026034 0.250000 0.161108
2.012200 1.006085 0.019295 0.250000 -0.029207
2.006976 2.006976 0.009038 0.250000 -0.246529
2.003317 3.005131 0.003618 0.250000 -0.269950
2.001596 4.003455 0.002083 0.250000 -0.208246
3.000848 -5.001270 0.000812 0.250000 -0.128342
3.001527 -4.001804 0.000789 0.250000 -0.169700
3.002911 -3.002570 0.001638 0.250000 -0.217045
3.005176 -2.003103 0.003521 0.250000 -0.257891
3.007819 -1.002367 0.006086 0.250000 -0.268063
3.009103 0.000074 0.007464 0.250000 -0.262732
3.007795 1.002530 0.006117 0.250000 -0.273935
3.005131 2.003317 0.003618 0.250000 -0.269951
3.002882 3.002882 0.001951 0.250000 -0.232357
3.001604 4.002243 0.001601 0.250000 -0.178139
4.000848 -5.000876 0.001071 0.250000 -0.108357
4.001372 -4.001104 0.000978 0.250000 -0.136597
4.002277 -3.001358 0.001318 0.250000 -0.167498
4.003502 -2.001404 0.001978 0.250000 -0.199496
4.004691 -1.000931 0.002696 0.250000 -0.224241
4.005202 0.000077 0.003035 0.250000 -0.234490
4.004665 1.001094 0.002736 0.250000 -0.228610
4.003455 2.001596 0.002083 0.250000 -0.208246
4.002243 3.001604 0.001601 0.250000 -0.178138
4.001430 4.001430 0.001631 0.250000 -0.141878
-5.000505 -5.000505 1.000974 0.250000 -0.086527
-5.000713 -5.000713 2.001359 0.250000 -0.083244
-5.000816 -4.000682 1.000917 0.250000 -0.098357
-5.001107 -4.000947 2.001498 0.250000 -0.090792
-5.001342 -3.000822 1.001161 0.250000 -0.107748
-5.001691 -3.001089 2.001895 0.250000 -0.094942
-5.001984 -2.000780 1.001557 0.250000 -0.116497
-5.002363 -2.000990 2.002424 0.250000 -0.097211
-5.002540 -1.000471 1.001923 0.250000 -0.123519
-5.002921 -1.000584 2.002887 0.250000 -0.098656
-5.002760 0.000052 1.002080 0.250000 -0.127515
-5.003138 0.000048 2.003080 0.250000 -0.100506
-5.002523 1.000573 1.001950 0.250000 -0.128219
-5.002912 1.000672 2.002920 0.250000 -0.103423
-5.001960 2.000873 1.001633 0.250000 -0.125934
-5.002360 2.001056 2.002516 0.250000 -0.106337
-5.001351 3.000902 1.001370 0.250000 -0.120176
-5.001726 3.001124 2.002111 0.250000 -0.106483
-5.000929 4.000798 1.001417 0.250000 -0.107451
-5.001225 4.000991 2.001930 0.250000 -0.100138
-4.000682 -5.000816 1.000917 0.250000 -0.098357
-4.000947 -5.001107 2.001498 0.250000 -0.090792
-4.001193 -4.001193 1.000997 0.250000 -0.111963
-4.001560 -4.001560 2.001888 0.250000 -0.095955
-4.002103 -3.001568 1.001625 0.250000 -0.122095
-4.002501 -3.001902 2.002758 0.250000 -0.094761
-4.003338 -2.001636 1.002612 0.250000 -0.130142
-4.003663 -2.001841 2.003934 0.250000 -0.088933
-4.004530 -1.001085 1.003590 0.250000 -0.134599
-4.004700 -1.001153 2.005010 0.250000 -0.081921
-4.005040 0.000053 1.004017 0.250000 -0.137344
-4.005124 0.000055 2.005462 0.250000 -0.080410
-4.004511 1.001191 1.003604 0.250000 -0.141021
-4.004688 1.001254 2.005034 0.250000 -0.088440
-4.003310 2.001738 1.002671 0.250000 -0.143366
-4.003653 2.001916 2.004015 0.250000 -0.101665
-4.002105 3.001666 1.001839 0.250000 -0.140255
-4.002525 3.001940 2.002983 0.250000 -0.111407
-4.001306 4.001348 1.001598 0.250000 -0.126142
-4.001663 4.001605 2.002386 0.250000 -0.110200
-3.000822 -5.001342 1.001161 0.250000 -0.107748
-3.001089 -5.001691 2.001895 0.250000 -0.094942
-3.001568 -4.002103 1.001625 0.250000 -0.122095
-3.001902 -4.002501 2.002758 0.250000 -0.094761
-3.003022 -3.003022 1.003107 0.250000 -0.128711
-3.003245 -3.003245 2.004516 0.250000 -0.081087
-3.005306 -2.003511 1.005587 0.250000 -0.121880
-3.005074 -2.003372 2.007024 0.250000 -0.052707
-3.007855 -1.002575 1.008388 0.250000 -0.098169
-3.006873 -1.002254 2.009508 0.250000 -0.018126
-3.009055 0.000062 1.009725 0.250000 -0.084071
-3.007659 0.000065 2.010599 0.250000 -0.003411
-3.007837 1.002702 1.008394 0.250000 -0.105960
-3.006862 1.002377 2.009523 0.250000 -0.026182
-3.005279 2.003643 1.005634 0.250000 -0.138124
-3.005062 2.003469 2.007093 0.250000 -0.068623
-3.003020 3.003161 1.003324 0.250000 -0.151511
-3.003260 3.003301 2.004742 0.250000 -0.102323
-3.001668 4.002319 1.002289 0.250000 -0.140702
-3.001985 4.002565 2.003299 0.250000 -0.113588
-2.000780 -5.001984 1.001557 0.250000 -0.116497
-2.000990 -5.002363 2.002424 0.250000 -0.097210
-2.001636 -4.003338 1.002612 0.250000 -0.130142
-2.001841 -4.003663 2.003934 0.250000 -0.088934
-2.003511 -3.005306 1.005587 0.250000 -0.121881
-2.003372 -3.005074 2.007024 0.250000 -0.052707
-2.007000 -2.007000 1.011327 0.250000 -0.053966
-2.005707 -2.005707 2.011831 0.250000 0.024742
-2.011585 -1.005764 1.019151 0.250000 0.100534
-2.008272 -1.004101 2.017112 0.250000 0.129508
-2.013973 0.000073 1.023382 0.250000 0.200083
-2.009474 0.000076 2.019594 0.250000 0.181849
-2.011570 1.005916 1.019152 0.250000 0.091689
-2.008262 1.004246 2.017121 0.250000 0.120247
-2.006978 2.007166 1.011367 0.250000 -0.072482
-2.005696 2.005827 2.011890 0.250000 0.006338
-2.003507 3.005495 1.005808 0.250000 -0.148058
-2.003380 3.005154 2.007248 0.250000 -0.077514
-2.001710 4.003624 1.003327 0.250000 -0.151594
-2.001899 4.003752 2.004504 0.250000 -0.111231
-1.000471 -5.002540 1.001923 0.250000 -0.123519
-1.000584 -5.002921 2.002887 0.250000 -0.098656
-1.001085 -4.004530 1.003590 0.250000 -0.134599
-1.001153 -4.004700 2.005010 0.250000 -0.081921
-1.002575 -3.007855 1.008388 0.250000 -0.098169
-1.002254 -3.006873 2.009508 0.250000 -0.018126
-1.005764 -2.011585 1.019151 0.250000 0.100536
-1.004101 -2.008272 2.017112 0.250000 0.129508
-1.010470 -1.010470 1.036553 0.250000 0.569760
-1.006327 -1.006327 2.026286 0.250000 0.348970
-1.012938 0.000082 1.046919 0.250000 0.886942
-1.007434 0.000084 2.030871 0.250000 0.467858
-1.010462 1.010641 1.036550 0.250000 0.560168
-1.006322 1.006489 2.026291 0.250000 0.338936
-1.005751 2.011777 1.019186 0.250000 0.080547
-1.004095 2.008410 2.017166 0.250000 0.109541
-1.002570 3.008082 1.008612 0.250000 -0.126381
-1.002258 3.006973 2.009731 0.250000 -0.045130
-1.001121 4.004871 1.004343 0.250000 -0.157405
-1.001182 4.004810 2.005600 0.250000 -0.106214
0.000052 -5.002760 1.002080 0.250000 -0.127515
0.000048 -5.003138 2.003080 0.250000 -0.100506
0.000053 -4.005040 1.004017 0.250000 -0.137344
0.000055 -4.005124 2.005462 0.250000 -0.080410
0.000062 -3.009055 1.009725 0.250000 -0.084071
0.000065 -3.007659 2.010599 0.250000 -0.003411
0.000073 -2.013973 1.023382 0.250000 0.200083
0.000076 -2.009474 2.019594 0.250000 0.181849
0.000082 -1.012938 1.046919 0.250000 0.886942
0.000084 -1.007434 2.030871 0.250000 0.467859
0.000085 0.000085 1.060995 0.250000 1.342147
0.000087 0.000087 2.036650 0.250000 0.627136
0.000081 1.013116 1.046915 0.250000 0.877102
0.000083 1.007601 2.030875 0.250000 0.457623
0.000072 2.014173 1.023417 0.250000 0.179675
0.000075 2.009618 2.019648 0.250000 0.161498
0.000064 3.009295 1.009954 0.250000 -0.112757
0.000065 3.007765 2.010826 0.250000 -0.030901
0.000064 4.005401 1.004789 0.250000 -0.160178
0.000058 4.005242 2.006062 0.250000 -0.104985
1.000573 -5.002523 1.001950 0.250000 -0.128218
1.000672 -5.002912 2.002920 0.250000 -0.103423
1.001191 -4.004511 1.003604 0.250000 -0.141020
1.001254 -4.004688 2.005034 0.250000 -0.088440
1.002702 -3.007837 1.008394 0.250000 -0.105960
1.002377 -3.006862 2.009523 0.250000 -0.026181
1.005916 -2.011570 1.019152 0.250000 0.091689
1.004246 -2.008262 2.017121 0.250000 0.120247
1.010641 -1.010462 1.036550 0.250000 0.560168
1.006489 -1.006322 2.026291 0.250000 0.338936
1.013116 0.000081 1.046915 0.250000 0.877103
1.007601 0.000083 2.030875 0.250000 0.457624
1.010631 1.010631 1.036549 0.250000 0.550772
1.006482 1.006482 2.026298 0.250000 0.329167
1.005901 2.011760 1.019192 0.250000 0.072144
1.004238 2.008399 2.017181 0.250000 0.100844
1.002701 3.008060 1.008628 0.250000 -0.133363
1.002381 3.006960 2.009756 0.250000 -0.052251
1.001247 4.004850 1.004373 0.250000 -0.162499
1.001291 4.004799 2.005636 0.250000 -0.111417
2.000873 -5.001960 1.001633 0.250000 -0.125934
2.001056 -5.002360 2.002516 0.250000 -0.106337
2.001738 -4.003310 1.002671 0.250000 -0.143366
2.001916 -4.003653 2.004015 0.250000 -0.101665
2.003643 -3.005279 1.005634 0.250000 -0.138124
2.003469 -3.005062 2.007093 0.250000 -0.068622
2.007166 -2.006978 1.011367 0.250000 -0.072482
2.005827 -2.005696 2.011890 0.250000 0.006339
2.011777 -1.005751 1.019186 0.250000 0.080546
2.008410 -1.004095 2.017166 0.250000 0.109540
2.014173 0.000072 1.023417 0.250000 0.179675
2.009618 0.000075 2.019648 0.250000 0.161498
2.011760 1.005901 1.019192 0.250000 0.072143
2.008399 1.004238 2.017181 0.250000 0.100844
2.007140 2.007140 1.011417 0.250000 -0.089986
2.005814 2.005814 2.011962 0.250000 -0.010843
2.003641 3.005463 1.005873 0.250000 -0.162444
2.003478 3.005140 2.007334 0.250000 -0.091410
2.001831 4.003594 1.003414 0.250000 -0.161800
2.001985 4.003744 2.004606 0.250000 -0.121146
3.000902 -5.001351 1.001370 0.250000 -0.120176
3.001124 -5.001726 2.002111 0.250000 -0.106483
3.001666 -4.002105 1.001839 0.250000 -0.140255
3.001940 -4.002525 2.002983 0.250000 -0.111407
3.003161 -3.003020 1.003324 0.250000 -0.151511
3.003301 -3.003260 2.004742 0.250000 -0.102323
3.005495 -2.003507 1.005808 0.250000 -0.148057
3.005154 -2.003380 2.007248 0.250000 -0.077514
3.008082 -1.002570 1.008612 0.250000 -0.126381
3.006973 -1.002258 2.009731 0.250000 -0.045130
3.009295 0.000064 1.009954 0.250000 -0.112757
3.007765 0.000065 2.010826 0.250000 -0.030900
3.008060 1.002701 1.008628 0.250000 -0.133363
3.006960 1.002381 2.009756 0.250000 -0.052251
3.005463 2.003641 1.005873 0.250000 -0.162443
3.005140 2.003478 2.007334 0.250000 -0.091410
3.003159 3.003159 1.003566 0.250000 -0.170959
3.003319 3.003319 2.004989 0.250000 -0.120275
3.001782 4.002324 1.002530 0.250000 -0.153792
3.002039 4.002597 2.003543 0.250000 -0.125840
4.000798 -5.000929 1.001417 0.250000 -0.107451
4.000991 -5.001225 2.001930 0.250000 -0.100137
4.001348 -4.001306 1.001598 0.250000 -0.126142
4.001605 -4.001663 2.002386 0.250000 -0.110200
4.002319 -3.001668 1.002289 0.250000 -0.140702
4.002565 -3.001985 2.003299 0.250000 -0.113589
4.003624 -2.001710 1.003327 0.250000 -0.151594
4.003752 -2.001899 2.004504 0.250000 -0.111232
4.004871 -1.001121 1.004343 0.250000 -0.157405
4.004810 -1.001182 2.005600 0.250000 -0.106214
4.005401 0.000064 1.004789 0.250000 -0.160178
4.005242 0.000058 2.006062 0.250000 -0.104985
4.004850 1.001247 1.004373 0.250000 -0.162499
4.004799 1.001291 2.005636 0.250000 -0.111417
4.003594 2.001831 1.003414 0.250000 -0.161800
4.003744 2.001985 2.004606 0.250000 -0.121146
4.002324 3.001782 1.002530 0.250000 -0.153792
4.002597 3.002039 2.003543 0.250000 -0.125840
4.001471 4.001471 1.002182 0.250000 -0.134194
4.001728 4.001728 2.002880 0.250000 -0.119133
0.000000 0.000000 -1.000000 0.250000 0.000000
