-5.000383 -5.000383 0.000321 0.250000 -0.031607
-5.000656 -4.000453 0.000023 0.250000 -0.037246
-5.001147 -3.000544 -0.000026 0.250000 -0.047094
-5.001768 -2.000546 0.000045 0.250000 -0.061399
-5.002323 -1.000346 0.000136 0.250000 -0.075145
-5.002544 0.000044 0.000178 0.250000 -0.081771
-5.002296 1.000444 0.000138 0.250000 -0.078583
-5.001716 2.000671 0.000066 0.250000 -0.069112
-5.001101 3.000720 0.000114 0.250000 -0.059201
-5.000708 4.000712 0.000479 0.250000 -0.050529
-4.000453 -5.000656 0.000023 0.250000 -0.037246
-4.000885 -4.000885 -0.000348 0.250000 -0.049086
-4.001761 -3.001218 -0.000316 0.250000 -0.071990
-4.003050 -2.001389 -0.000009 0.250000 -0.105312
-4.004369 -1.000991 0.000407 0.250000 -0.136556
-4.004951 0.000034 0.000613 0.250000 -0.150376
-4.004340 1.001075 0.000393 0.250000 -0.140793
-4.002992 2.001522 -0.000017 0.250000 -0.115225
-4.001713 3.001448 -0.000184 0.250000 -0.088305
-4.000959 4.001253 0.000212 0.250000 -0.067540
-3.000544 -5.001147 -0.000026 0.250000 -0.047093
-3.001218 -4.001761 -0.000316 0.250000 -0.071990
-3.002751 -3.002751 0.000126 0.250000 -0.119684
-3.005439 -2.003562 0.001551 0.250000 -0.181516
-3.008703 -1.002842 0.003860 0.250000 -0.222957
-3.010318 0.000039 0.005195 0.250000 -0.232786
-3.008676 1.002941 0.003838 0.250000 -0.227761
-3.005383 2.003736 0.001531 0.250000 -0.192992
-3.002704 3.003071 0.000263 0.250000 -0.139011
-3.001295 4.002274 0.000319 0.250000 -0.094358
-2.000546 -5.001768 0.000045 0.250000 -0.061400
-2.001389 -4.003050 -0.000009 0.250000 -0.105312
-2.003562 -3.005439 0.001551 0.250000 -0.181515
-2.008194 -2.008194 0.007050 0.250000 -0.228072
-2.014936 -1.007443 0.018642 0.250000 -0.105097
-2.018450 0.000049 0.026674 0.250000 0.035645
-2.014913 1.007570 0.018615 0.250000 -0.110366
-2.008148 2.008421 0.007025 0.250000 -0.240709
-2.003521 3.005858 0.001703 0.250000 -0.202815
-2.001446 4.003716 0.000701 0.250000 -0.129901
-1.000346 -5.002323 0.000136 0.250000 -0.075145
-1.000991 -4.004369 0.000407 0.250000 -0.136556
-1.002842 -3.008703 0.003860 0.250000 -0.222957
-1.007443 -2.014936 0.018642 0.250000 -0.105097
-1.013211 -1.013211 0.056655 0.250000 0.698070
-1.016700 0.000058 0.078623 0.250000 1.208596
-1.013198 1.013362 0.056621 0.250000 0.692339
-1.007415 2.015203 0.018612 0.250000 -0.118654
-1.002814 3.009201 0.004027 0.250000 -0.245451
-1.001012 4.005156 0.001181 0.250000 -0.162151
0.000044 -5.002544 0.000178 0.250000 -0.081771
0.000034 -4.004951 0.000613 0.250000 -0.150376
0.000039 -3.010318 0.005195 0.250000 -0.232786
0.000049 -2.018450 0.026674 0.250000 0.035646
0.000058 -1.016700 0.078623 0.250000 1.208596
0.000062 0.000062 0.111126 0.250000 1.998990
0.000058 1.016859 0.078585 0.250000 1.202631
0.000049 2.018732 0.026641 0.250000 0.021633
0.000046 3.010844 0.005372 0.250000 -0.255709
0.000058 4.005784 0.001418 0.250000 -0.176181
1.000444 -5.002296 0.000138 0.250000 -0.078583
1.001075 -4.004340 0.000393 0.250000 -0.140793
1.002941 -3.008676 0.003838 0.250000 -0.227761
1.007570 -2.014913 0.018615 0.250000 -0.110367
1.013362 -1.013198 0.056621 0.250000 0.692339
1.016859 0.000058 0.078585 0.250000 1.202631
1.013348 1.013348 0.056588 0.250000 0.686577
1.007542 2.015178 0.018589 0.250000 -0.123970
1.002926 3.009170 0.004014 0.250000 -0.250206
1.001141 4.005124 0.001186 0.250000 -0.166027
2.000671 -5.001716 0.000066 0.250000 -0.069111
2.001522 -4.002992 -0.000017 0.250000 -0.115225
2.003736 -3.005383 0.001531 0.250000 -0.192991
2.008421 -2.008148 0.007025 0.250000 -0.240708
2.015203 -1.007415 0.018612 0.250000 -0.118655
2.018732 0.000049 0.026641 0.250000 0.021634
2.015178 1.007542 0.018589 0.250000 -0.123970
2.008372 2.008372 0.007009 0.250000 -0.253336
2.003703 3.005798 0.001703 0.250000 -0.213921
2.001615 4.003654 0.000733 0.250000 -0.138583
3.000720 -5.001101 0.000114 0.250000 -0.059201
3.001448 -4.001713 -0.000184 0.250000 -0.088305
3.003071 -3.002704 0.000263 0.250000 -0.139011
3.005858 -2.003521 0.001703 0.250000 -0.202814
3.009201 -1.002814 0.004027 0.250000 -0.245451
3.010844 0.000046 0.005372 0.250000 -0.255708
3.009170 1.002926 0.004014 0.250000 -0.250206
3.005798 2.003703 0.001703 0.250000 -0.213921
3.003023 3.003023 0.000434 0.250000 -0.157007
3.001541 4.002220 0.000499 0.250000 -0.107766
4.000712 -5.000708 0.000479 0.250000 -0.050529
4.001253 -4.000959 0.000212 0.250000 -0.067539
4.002274 -3.001295 0.000319 0.250000 -0.094358
4.003716 -2.001446 0.000701 0.250000 -0.129901
4.005156 -1.001012 0.001181 0.250000 -0.162151
4.005784 0.000058 0.001418 0.250000 -0.176182
4.005124 1.001141 0.001186 0.250000 -0.166027
4.003654 2.001615 0.000733 0.250000 -0.138583
4.002220 3.001541 0.000499 0.250000 -0.107766
4.001321 4.001321 0.000774 0.250000 -0.081538
-5.000314 -5.000314 1.000524 0.250000 -0.036611
-5.000581 -5.000581 2.000913 0.250000 -0.037746
-5.000591 -4.000491 1.000412 0.250000 -0.040182
-5.000980 -4.000837 2.001020 0.250000 -0.039556
-5.001107 -3.000657 1.000602 0.250000 -0.044908
-5.001590 -3.001006 2.001396 0.250000 -0.040894
-5.001760 -2.000663 1.000935 0.250000 -0.051814
-5.002302 -2.000935 2.001908 0.250000 -0.042699
-5.002337 -1.000413 1.001245 0.250000 -0.058520
-5.002896 -1.000551 2.002355 0.250000 -0.044700
-5.002564 0.000052 1.001370 0.250000 -0.062303
-5.003124 0.000069 2.002531 0.250000 -0.046713
-5.002307 1.000517 1.001236 0.250000 -0.062393
-5.002871 1.000682 2.002350 0.250000 -0.048973
-5.001710 2.000761 1.000937 0.250000 -0.060432
-5.002265 2.001041 2.001925 0.250000 -0.051623
-5.001080 3.000743 1.000702 0.250000 -0.058460
-5.001582 3.001071 2.001507 0.250000 -0.054041
-5.000684 4.000618 1.000807 0.250000 -0.054866
-5.001062 4.000896 2.001347 0.250000 -0.053883
-4.000491 -5.000591 1.000412 0.250000 -0.040182
-4.000837 -5.000980 2.001020 0.250000 -0.039556
-4.000974 -4.000974 1.000431 0.250000 -0.043956
-4.001473 -4.001473 2.001397 0.250000 -0.038735
-4.001908 -3.001404 1.000992 0.250000 -0.050638
-4.002479 -3.001867 2.002280 0.250000 -0.036572
-4.003233 -2.001559 1.001900 0.250000 -0.061060
-4.003744 -2.001851 2.003484 0.250000 -0.034124
-4.004550 -1.001077 1.002814 0.250000 -0.070571
-4.004889 -1.001169 2.004591 0.250000 -0.031867
-4.005120 0.000051 1.003207 0.250000 -0.075482
-4.005356 0.000080 2.005044 0.250000 -0.032260
-4.004519 1.001181 1.002782 0.250000 -0.075552
-4.004860 1.001323 2.004565 0.250000 -0.037469
-4.003178 2.001668 1.001857 0.250000 -0.072567
-4.003701 2.001978 2.003462 0.250000 -0.046105
-4.001874 3.001515 1.001050 0.250000 -0.069581
-4.002459 3.001946 2.002358 0.250000 -0.054767
-4.001071 4.001155 1.000876 0.250000 -0.065177
-4.001540 4.001541 2.001745 0.250000 -0.059071
-3.000657 -5.001107 1.000602 0.250000 -0.044908
-3.001006 -5.001590 2.001396 0.250000 -0.040893
-3.001404 -4.001908 1.000992 0.250000 -0.050638
-3.001867 -4.002479 2.002280 0.250000 -0.036573
-3.002977 -3.002977 1.002400 0.250000 -0.060841
-3.003335 -3.003335 2.004122 0.250000 -0.027749
-3.005579 -2.003684 1.004846 0.250000 -0.071574
-3.005390 -2.003564 2.006787 0.250000 -0.013163
-3.008588 -1.002816 1.007719 0.250000 -0.071560
-3.007453 -1.002420 2.009468 0.250000 0.005146
-3.010029 0.000060 1.009116 0.250000 -0.068348
-3.008360 0.000096 2.010641 0.250000 0.012816
-3.008559 1.002945 1.007670 0.250000 -0.077493
-3.007426 1.002607 2.009422 0.250000 -0.001695
-3.005528 2.003831 1.004769 0.250000 -0.085553
-3.005348 2.003727 2.006729 0.250000 -0.027995
-3.002942 3.003148 1.002423 0.250000 -0.084428
-3.003311 3.003450 2.004162 0.250000 -0.050688
-3.001493 4.002178 1.001457 0.250000 -0.077696
-3.001919 4.002580 2.002627 0.250000 -0.062637
-2.000663 -5.001760 1.000935 0.250000 -0.051815
-2.000935 -5.002302 2.001908 0.250000 -0.042699
-2.001559 -4.003233 1.001900 0.250000 -0.061060
-2.001851 -4.003744 2.003484 0.250000 -0.034124
-2.003684 -3.005579 1.004846 0.250000 -0.071574
-2.003564 -3.005390 2.006787 0.250000 -0.013163
-2.007865 -2.007865 1.010887 0.250000 -0.053530
-2.006264 -2.006264 2.012054 0.250000 0.031452
-2.013555 -1.006755 1.019643 0.250000 0.037443
-2.009309 -1.004601 2.017990 0.250000 0.098094
-2.016565 0.000074 1.024528 0.250000 0.107014
-2.010755 0.000112 2.020808 0.250000 0.133310
-2.013532 1.006915 1.019581 0.250000 0.030700
-2.009288 1.004822 2.017928 0.250000 0.090209
-2.007823 2.008058 1.010785 0.250000 -0.069556
-2.006230 2.006466 2.011966 0.250000 0.014230
-2.003654 3.005821 1.004843 0.250000 -0.098881
-2.003542 3.005547 2.006795 0.250000 -0.040053
-2.001627 4.003606 1.002385 0.250000 -0.092484
-2.001887 4.003888 2.003825 0.250000 -0.064868
-1.000413 -5.002337 1.001245 0.250000 -0.058520
-1.000551 -5.002896 2.002355 0.250000 -0.044700
-1.001077 -4.004550 1.002814 0.250000 -0.070571
-1.001169 -4.004889 2.004591 0.250000 -0.031867
-1.002816 -3.008588 1.007719 0.250000 -0.071560
-1.002420 -3.007453 2.009468 0.250000 0.005146
-1.006755 -2.013555 1.019643 0.250000 0.037444
-1.004601 -2.009309 2.017990 0.250000 0.098094
-1.012747 -1.012747 1.040261 0.250000 0.392513
-1.007308 -1.007308 2.028615 0.250000 0.253602
-1.015927 0.000085 1.052905 0.250000 0.654715
-1.008673 0.000124 2.034012 0.250000 0.343194
-1.012735 1.012932 1.040189 0.250000 0.385132
-1.007297 1.007555 2.028544 0.250000 0.244987
-1.006732 2.013783 1.019524 0.250000 0.019936
-1.004583 2.009540 2.017883 0.250000 0.079234
-1.002797 3.008885 1.007701 0.250000 -0.101397
-1.002408 3.007642 2.009454 0.250000 -0.024409
-1.001107 4.005005 1.003320 0.250000 -0.104722
-1.001187 4.005067 2.004931 0.250000 -0.065684
0.000052 -5.002564 1.001370 0.250000 -0.062302
0.000069 -5.003124 2.002531 0.250000 -0.046713
0.000051 -4.005120 1.003207 0.250000 -0.075482
0.000080 -4.005356 2.005044 0.250000 -0.032260
0.000060 -3.010029 1.009116 0.250000 -0.068348
0.000096 -3.008360 2.010641 0.250000 0.012816
0.000074 -2.016565 1.024528 0.250000 0.107015
0.000112 -2.010755 2.020808 0.250000 0.133310
0.000085 -1.015927 1.052905 0.250000 0.654716
0.000124 -1.008673 2.034012 0.250000 0.343193
0.000089 0.000089 1.070306 0.250000 1.042473
0.000128 0.000128 2.040898 0.250000 0.467403
0.000083 1.016121 1.052830 0.250000 0.647060
0.000122 1.008927 2.033938 0.250000 0.334323
0.000072 2.016804 1.024404 0.250000 0.088935
0.000110 2.010995 2.020697 0.250000 0.113897
0.000063 3.010344 1.009096 0.250000 -0.099072
0.000095 3.008560 2.010625 0.250000 -0.017602
0.000065 4.005605 1.003728 0.250000 -0.110473
0.000084 4.005548 2.005389 0.250000 -0.067007
1.000517 -5.002307 1.001236 0.250000 -0.062392
1.000682 -5.002871 2.002350 0.250000 -0.048973
1.001181 -4.004519 1.002782 0.250000 -0.075553
1.001323 -4.004860 2.004565 0.250000 -0.037470
1.002945 -3.008559 1.007670 0.250000 -0.077492
1.002607 -3.007426 2.009422 0.250000 -0.001695
1.006915 -2.013532 1.019581 0.250000 0.030700
1.004822 -2.009288 2.017928 0.250000 0.090209
1.012932 -1.012735 1.040189 0.250000 0.385133
1.007555 -1.007297 2.028544 0.250000 0.244987
1.016121 0.000083 1.052830 0.250000 0.647061
1.008927 0.000122 2.033938 0.250000 0.334324
1.012916 1.012916 1.040119 0.250000 0.377750
1.007540 1.007540 2.028476 0.250000 0.236438
1.006888 2.013756 1.019468 0.250000 0.013232
1.004798 2.009515 2.017830 0.250000 0.071528
1.002930 3.008851 1.007665 0.250000 -0.107143
1.002592 3.007611 2.009423 0.250000 -0.030877
1.001239 4.004970 1.003310 0.250000 -0.109216
1.001347 4.005037 2.004924 0.250000 -0.070660
2.000761 -5.001710 1.000937 0.250000 -0.060432
2.001041 -5.002265 2.001925 0.250000 -0.051623
2.001668 -4.003178 1.001857 0.250000 -0.072567
2.001978 -4.003701 2.003462 0.250000 -0.046105
2.003831 -3.005528 1.004769 0.250000 -0.085552
2.003727 -3.005348 2.006729 0.250000 -0.027996
2.008058 -2.007823 1.010785 0.250000 -0.069556
2.006466 -2.006230 2.011966 0.250000 0.014229
2.013783 -1.006732 1.019524 0.250000 0.019936
2.009540 -1.004583 2.017883 0.250000 0.079233
2.016804 0.000072 1.024404 0.250000 0.088936
2.010995 0.000110 2.020697 0.250000 0.113896
2.013756 1.006888 1.019468 0.250000 0.013232
2.009515 1.004798 2.017830 0.250000 0.071527
2.008010 2.008010 1.010698 0.250000 -0.085378
2.006426 2.006426 2.011897 0.250000 -0.002520
2.003802 3.005761 1.004794 0.250000 -0.112201
2.003702 3.005499 2.006765 0.250000 -0.053917
2.001760 4.003546 1.002387 0.250000 -0.102503
2.002023 4.003844 2.003842 0.250000 -0.075266
3.000743 -5.001080 1.000702 0.250000 -0.058460
3.001071 -5.001582 2.001507 0.250000 -0.054041
3.001515 -4.001874 1.001050 0.250000 -0.069581
3.001946 -4.002459 2.002358 0.250000 -0.054767
3.003148 -3.002942 1.002423 0.250000 -0.084427
3.003450 -3.003311 2.004162 0.250000 -0.050688
3.005821 -2.003654 1.004843 0.250000 -0.098881
3.005547 -2.003542 2.006794 0.250000 -0.040052
3.008885 -1.002797 1.007701 0.250000 -0.101397
3.007642 -1.002408 2.009454 0.250000 -0.024409
3.010344 0.000063 1.009096 0.250000 -0.099072
3.008560 0.000095 2.010625 0.250000 -0.017601
3.008851 1.002930 1.007665 0.250000 -0.107144
3.007611 1.002592 2.009423 0.250000 -0.030876
3.005761 2.003802 1.004794 0.250000 -0.112200
3.005499 2.003702 2.006765 0.250000 -0.053916
3.003110 3.003110 1.002491 0.250000 -0.106295
3.003425 3.003425 2.004244 0.250000 -0.071716
3.001624 4.002144 1.001576 0.250000 -0.093344
3.002012 4.002566 2.002753 0.250000 -0.077863
4.000618 -5.000684 1.000807 0.250000 -0.054866
4.000896 -5.001062 2.001347 0.250000 -0.053883
4.001155 -4.001071 1.000876 0.250000 -0.065177
4.001541 -4.001540 2.001745 0.250000 -0.059072
4.002178 -3.001493 1.001457 0.250000 -0.077696
4.002580 -3.001919 2.002627 0.250000 -0.062636
4.003606 -2.001627 1.002385 0.250000 -0.092484
4.003888 -2.001887 2.003825 0.250000 -0.064868
4.005005 -1.001107 1.003320 0.250000 -0.104722
4.005067 -1.001187 2.004931 0.250000 -0.065684
4.005605 0.000065 1.003728 0.250000 -0.110473
4.005548 0.000084 2.005389 0.250000 -0.067007
4.004970 1.001239 1.003310 0.250000 -0.109216
4.005037 1.001347 2.004924 0.250000 -0.070661
4.003546 2.001760 1.002387 0.250000 -0.102503
4.003844 2.002023 2.003842 0.250000 -0.075266
4.002144 3.001624 1.001576 0.250000 -0.093344
4.002566 3.002012 2.002753 0.250000 -0.077863
4.001264 4.001264 1.001351 0.250000 -0.081462
4.001629 4.001629 2.002127 0.250000 -0.075198
0.000000 0.000000 -1.000000 0.250000 0.000000
