-4.999686 -4.999686 0.000518 0.250000 0.007675
-4.999629 -3.999666 0.000327 0.250000 0.011641
-4.999724 -2.999771 0.000310 0.250000 0.017788
-5.000010 -1.999948 0.000261 0.250000 0.023053
-5.000389 -1.000060 0.000158 0.250000 0.025840
-5.000582 -0.000045 0.000104 0.250000 0.026829
-5.000408 0.999971 0.000152 0.250000 0.026873
-5.000016 1.999871 0.000228 0.250000 0.024669
-4.999687 2.999730 0.000305 0.250000 0.019463
-4.999620 3.999704 0.000582 0.250000 0.014227
-3.999666 -4.999629 0.000327 0.250000 0.011641
-3.999745 -3.999745 0.000033 0.250000 0.018719
-4.000311 -3.000204 -0.000189 0.250000 0.025377
-4.001598 -2.000779 -0.000666 0.250000 0.022470
-4.003263 -1.000826 -0.001247 0.250000 0.010127
-4.004095 -0.000064 -0.001508 0.250000 0.003045
-4.003285 1.000698 -0.001259 0.250000 0.011620
-4.001599 2.000665 -0.000727 0.250000 0.024819
-4.000258 3.000159 -0.000250 0.250000 0.027565
-3.999740 3.999854 0.000293 0.250000 0.021587
-2.999771 -4.999724 0.000310 0.250000 0.017788
-3.000204 -4.000311 -0.000189 0.250000 0.025377
-3.001936 -3.001936 -0.001015 0.250000 0.016115
-3.005997 -2.004015 -0.002278 0.250000 -0.033694
-3.011715 -1.003966 -0.002713 0.250000 -0.101800
-3.014730 -0.000074 -0.002376 0.250000 -0.130600
-3.011732 1.003819 -0.002723 0.250000 -0.099919
-3.005987 2.003896 -0.002349 0.250000 -0.030675
-3.001865 3.001947 -0.001107 0.250000 0.018819
-3.000197 4.000585 0.000052 0.250000 0.028101
-1.999948 -5.000010 0.000261 0.250000 0.023053
-2.000779 -4.001598 -0.000666 0.250000 0.022470
-2.004015 -3.005997 -0.002278 0.250000 -0.033694
-2.012558 -2.012558 -0.001389 0.250000 -0.162014
-2.026184 -1.013171 0.010544 0.250000 -0.215936
-2.033525 -0.000083 0.021875 0.250000 -0.175857
-2.026195 1.013009 0.010535 0.250000 -0.213702
-2.012541 2.012447 -0.001467 0.250000 -0.158511
-2.003941 3.006096 -0.002386 0.250000 -0.030698
-2.000768 4.002095 -0.000427 0.250000 0.024780
-1.000060 -5.000389 0.000158 0.250000 0.025840
-1.000826 -4.003263 -0.001247 0.250000 0.010126
-1.003966 -3.011715 -0.002713 0.250000 -0.101800
-1.013171 -2.026184 0.010544 0.250000 -0.215936
-1.025253 -1.025253 0.071601 0.250000 0.168962
-1.032619 -0.000090 0.109516 0.250000 0.458611
-1.025257 1.025080 0.071592 0.250000 0.171682
-1.013157 2.026082 0.010455 0.250000 -0.212044
-1.003919 3.011898 -0.002833 0.250000 -0.098732
-1.000815 4.003961 -0.001002 0.250000 0.011866
-0.000045 -5.000582 0.000104 0.250000 0.026829
-0.000064 -4.004095 -0.001508 0.250000 0.003045
-0.000074 -3.014730 -0.002376 0.250000 -0.130601
-0.000083 -2.033525 0.021875 0.250000 -0.175856
-0.000090 -1.032619 0.109516 0.250000 0.458611
-0.000092 -0.000092 0.167593 0.250000 0.939176
-0.000089 1.032443 0.109505 0.250000 0.461588
-0.000085 2.033429 0.021778 0.250000 -0.171766
-0.000077 3.014948 -0.002503 0.250000 -0.127561
-0.000054 4.004873 -0.001260 0.250000 0.004433
0.999971 -5.000408 0.000151 0.250000 0.026874
1.000698 -4.003285 -0.001259 0.250000 0.011620
1.003819 -3.011732 -0.002723 0.250000 -0.099920
1.013009 -2.026195 0.010535 0.250000 -0.213702
1.025080 -1.025257 0.071592 0.250000 0.171682
1.032443 -0.000089 0.109505 0.250000 0.461589
1.025085 1.025085 0.071580 0.250000 0.174417
1.012991 2.026094 0.010442 0.250000 -0.209830
1.003768 3.011915 -0.002849 0.250000 -0.096994
1.000710 4.003976 -0.001012 0.250000 0.013069
1.999871 -5.000016 0.000228 0.250000 0.024669
2.000665 -4.001599 -0.000727 0.250000 0.024819
2.003896 -3.005987 -0.002349 0.250000 -0.030675
2.012447 -2.012541 -0.001467 0.250000 -0.158511
2.026082 -1.013157 0.010455 0.250000 -0.212044
2.033429 -0.000085 0.021778 0.250000 -0.171767
2.026094 1.012991 0.010442 0.250000 -0.209830
2.012428 2.012428 -0.001554 0.250000 -0.155145
2.003823 3.006084 -0.002464 0.250000 -0.028041
2.000687 4.002086 -0.000472 0.250000 0.026611
2.999730 -4.999687 0.000305 0.250000 0.019463
3.000159 -4.000258 -0.000250 0.250000 0.027565
3.001947 -3.001865 -0.001107 0.250000 0.018818
3.006096 -2.003941 -0.002386 0.250000 -0.030698
3.011898 -1.003919 -0.002833 0.250000 -0.098732
3.014948 -0.000077 -0.002503 0.250000 -0.127561
3.011915 1.003768 -0.002849 0.250000 -0.096994
3.006084 2.003823 -0.002464 0.250000 -0.028041
3.001877 3.001877 -0.001189 0.250000 0.020989
3.000185 4.000527 0.000036 0.250000 0.029794
3.999704 -4.999620 0.000582 0.250000 0.014227
3.999854 -3.999740 0.000293 0.250000 0.021588
4.000585 -3.000197 0.000052 0.250000 0.028102
4.002095 -2.000768 -0.000427 0.250000 0.024780
4.003961 -1.000815 -0.001002 0.250000 0.011865
4.004873 -0.000054 -0.001260 0.250000 0.004433
4.003976 1.000710 -0.001012 0.250000 0.013069
4.002086 2.000687 -0.000472 0.250000 0.026611
4.000527 3.000185 0.000036 0.250000 0.029794
3.999870 3.999870 0.000581 0.250000 0.023873
-4.999491 -4.999491 1.000465 0.250000 0.002419
-5.000016 -5.000016 2.000733 0.250000 0.000013
-4.999415 -3.999569 1.000401 0.250000 0.002761
-5.000287 -4.000286 2.000879 0.250000 -0.000283
-4.999480 -2.999722 1.000646 0.250000 0.006094
-5.000761 -3.000512 2.001331 0.250000 0.002020
-4.999679 -1.999888 1.000989 0.250000 0.010963
-5.001353 -2.000566 2.001922 0.250000 0.006278
-4.999932 -0.999999 1.001280 0.250000 0.015438
-5.001872 -1.000372 2.002433 0.250000 0.010679
-5.000056 -0.000022 1.001396 0.250000 0.017771
-5.002078 0.000022 2.002635 0.250000 0.013153
-4.999932 0.999958 1.001273 0.250000 0.017238
-5.001848 1.000418 2.002419 0.250000 0.012668
-4.999654 1.999849 1.000950 0.250000 0.013998
-5.001298 2.000605 2.001886 0.250000 0.009715
-4.999420 2.999663 1.000605 0.250000 0.009413
-5.000687 3.000513 2.001306 0.250000 0.005990
-4.999410 3.999528 1.000589 0.250000 0.006532
-5.000258 4.000248 2.001005 0.250000 0.003667
-3.999569 -4.999415 1.000401 0.250000 0.002761
-4.000286 -5.000287 2.000879 0.250000 -0.000283
-3.999610 -3.999610 1.000561 0.250000 0.006464
-4.000803 -4.000803 2.001424 0.250000 0.002471
-3.999990 -3.000006 1.001234 0.250000 0.015263
-4.001692 -3.001279 2.002550 0.250000 0.010334
-4.000824 -2.000428 1.002094 0.250000 0.024186
-4.002880 -2.001431 2.003998 0.250000 0.020880
-4.001899 -1.000499 1.002851 0.250000 0.029028
-4.004014 -1.000982 2.005292 0.250000 0.029908
-4.002437 -0.000032 1.003166 0.250000 0.030835
-4.004494 0.000029 2.005818 0.250000 0.034226
-4.001899 1.000441 1.002832 0.250000 0.031601
-4.003985 1.001046 2.005258 0.250000 0.032649
-4.000792 2.000379 1.002008 0.250000 0.028506
-4.002811 2.001498 2.003907 0.250000 0.025562
-3.999907 2.999949 1.001091 0.250000 0.019727
-4.001590 3.001306 2.002430 0.250000 0.015545
-3.999589 3.999609 1.000683 0.250000 0.011014
-4.000738 4.000780 2.001466 0.250000 0.007335
-2.999722 -4.999480 1.000646 0.250000 0.006094
-3.000512 -5.000761 2.001331 0.250000 0.002020
-3.000006 -3.999990 1.001234 0.250000 0.015263
-3.001279 -4.001692 2.002550 0.250000 0.010334
-3.001130 -3.001130 1.002625 0.250000 0.027155
-3.002700 -3.002700 2.004838 0.250000 0.025589
-3.003780 -2.002554 1.004579 0.250000 0.026855
-3.004863 -2.003227 2.007951 0.250000 0.041411
-3.007596 -1.002602 1.006858 0.250000 0.014279
-3.007222 -1.002381 2.011023 0.250000 0.052279
-3.009627 -0.000032 1.008069 0.250000 0.008528
-3.008317 0.000042 2.012380 0.250000 0.057150
-3.007593 1.002548 1.006830 0.250000 0.017549
-3.007192 1.002480 2.010968 0.250000 0.055692
-3.003740 2.002528 1.004451 0.250000 0.032302
-3.004788 2.003345 2.007801 0.250000 0.047144
-3.001031 3.001135 1.002381 0.250000 0.032468
-3.002584 3.002791 2.004608 0.250000 0.031642
-2.999973 4.000114 1.001243 0.250000 0.019847
-3.001194 4.001731 2.002466 0.250000 0.015420
-1.999888 -4.999679 1.000989 0.250000 0.010964
-2.000566 -5.001353 2.001922 0.250000 0.006278
-2.000428 -4.000824 1.002094 0.250000 0.024186
-2.001431 -4.002880 2.003998 0.250000 0.020879
-2.002554 -3.003780 1.004579 0.250000 0.026857
-2.003227 -3.004863 2.007951 0.250000 0.041412
-2.008338 -2.008338 1.009636 0.250000 -0.004322
-2.006437 -2.006437 2.014024 0.250000 0.057396
-2.017734 -1.008981 1.019053 0.250000 -0.024392
-2.010510 -1.005235 2.021104 0.250000 0.069600
-2.023091 -0.000032 1.025226 0.250000 -0.015704
-2.012580 0.000057 2.024630 0.250000 0.077933
-2.017729 1.008935 1.019015 0.250000 -0.020574
-2.010482 1.005370 2.021028 0.250000 0.073508
-2.008298 2.008345 1.009465 0.250000 0.001876
-2.006369 2.006612 2.013815 0.250000 0.063797
-2.002459 3.003875 1.004236 0.250000 0.032405
-2.003122 3.005034 2.007608 0.250000 0.047696
-2.000394 4.001125 1.001992 0.250000 0.028045
-2.001349 4.003006 2.003780 0.250000 0.025404
-0.999999 -4.999932 1.001280 0.250000 0.015438
-1.000372 -5.001872 2.002433 0.250000 0.010679
-1.000499 -4.001899 1.002851 0.250000 0.029028
-1.000982 -4.004014 2.005292 0.250000 0.029908
-1.002602 -3.007596 1.006858 0.250000 0.014279
-1.002381 -3.007222 2.011023 0.250000 0.052279
-1.008981 -2.017734 1.019053 0.250000 -0.024391
-1.005235 -2.010510 2.021104 0.250000 0.069600
-1.020105 -1.020105 1.047725 0.250000 0.070527
-1.009293 -1.009293 2.034844 0.250000 0.101451
-1.026289 -0.000029 1.067846 0.250000 0.193988
-1.011495 0.000069 2.042360 0.250000 0.129183
-1.020100 1.020070 1.047676 0.250000 0.074762
-1.009276 1.009459 2.034750 0.250000 0.105651
-1.008954 2.017772 1.018846 0.250000 -0.017792
-1.005194 2.010731 2.020848 0.250000 0.076295
-1.002543 3.007772 1.006435 0.250000 0.019619
-1.002316 3.007459 2.010591 0.250000 0.058362
-1.000473 4.002358 1.002664 0.250000 0.031797
-1.000928 4.004216 2.004968 0.250000 0.033502
-0.000022 -5.000056 1.001396 0.250000 0.017771
0.000022 -5.002078 2.002635 0.250000 0.013153
-0.000032 -4.002437 1.003166 0.250000 0.030835
0.000029 -4.004494 2.005818 0.250000 0.034226
-0.000032 -3.009627 1.008069 0.250000 0.008528
0.000042 -3.008317 2.012380 0.250000 0.057151
-0.000032 -2.023091 1.025226 0.250000 -0.015705
0.000057 -2.012580 2.024630 0.250000 0.077933
-0.000029 -1.026289 1.067846 0.250000 0.193988
0.000069 -1.011495 2.042360 0.250000 0.129184
-0.000027 -0.000027 1.096998 0.250000 0.401364
0.000074 0.000074 2.052394 0.250000 0.174314
-0.000028 1.026260 1.067791 0.250000 0.198386
0.000070 1.011673 2.042258 0.250000 0.133451
-0.000032 2.023142 1.025002 0.250000 -0.009012
0.000058 2.012820 2.024356 0.250000 0.084633
-0.000033 3.009836 1.007614 0.250000 0.013631
0.000044 3.008579 2.011913 0.250000 0.062978
-0.000022 4.002958 1.002945 0.250000 0.032953
0.000036 4.004726 2.005454 0.250000 0.037223
0.999958 -4.999932 1.001273 0.250000 0.017238
1.000418 -5.001848 2.002419 0.250000 0.012668
1.000441 -4.001899 1.002832 0.250000 0.031600
1.001046 -4.003985 2.005258 0.250000 0.032649
1.002548 -3.007593 1.006830 0.250000 0.017549
1.002480 -3.007192 2.010968 0.250000 0.055692
1.008935 -2.017729 1.019015 0.250000 -0.020573
1.005370 -2.010482 2.021028 0.250000 0.073508
1.020070 -1.020100 1.047676 0.250000 0.074764
1.009459 -1.009276 2.034750 0.250000 0.105651
1.026260 -0.000028 1.067791 0.250000 0.198387
1.011673 0.000070 2.042258 0.250000 0.133450
1.020066 1.020066 1.047625 0.250000 0.078944
1.009442 1.009442 2.034655 0.250000 0.109741
1.008907 2.017767 1.018803 0.250000 -0.014125
1.005330 2.010703 2.020770 0.250000 0.079962
1.002488 3.007768 1.006403 0.250000 0.022574
1.002417 3.007426 2.010536 0.250000 0.061385
1.000437 4.002352 1.002647 0.250000 0.033903
1.001006 4.004184 2.004939 0.250000 0.035739
1.999849 -4.999654 1.000950 0.250000 0.013999
2.000605 -5.001298 2.001886 0.250000 0.009715
2.000379 -4.000792 1.002008 0.250000 0.028505
2.001498 -4.002811 2.003907 0.250000 0.025562
2.002528 -3.003740 1.004451 0.250000 0.032303
2.003345 -3.004788 2.007801 0.250000 0.047145
2.008345 -2.008298 1.009465 0.250000 0.001876
2.006612 -2.006369 2.013815 0.250000 0.063797
2.017772 -1.008954 1.018846 0.250000 -0.017791
2.010731 -1.005194 2.020848 0.250000 0.076295
2.023142 -0.000032 1.025002 0.250000 -0.009012
2.012820 0.000058 2.024356 0.250000 0.084633
2.017767 1.008907 1.018803 0.250000 -0.014126
2.010703 1.005330 2.020770 0.250000 0.079962
2.008303 2.008303 1.009288 0.250000 0.007689
2.006543 2.006543 2.013604 0.250000 0.069685
2.002432 3.003829 1.004106 0.250000 0.037160
2.003240 3.004954 2.007463 0.250000 0.052634
2.000370 4.001082 1.001924 0.250000 0.031462
2.001428 4.002932 2.003707 0.250000 0.029112
2.999663 -4.999420 1.000605 0.250000 0.009413
3.000513 -5.000687 2.001306 0.250000 0.005990
2.999949 -3.999907 1.001091 0.250000 0.019727
3.001306 -4.001590 2.002430 0.250000 0.015545
3.001135 -3.001031 1.002381 0.250000 0.032468
3.002791 -3.002584 2.004608 0.250000 0.031642
3.003875 -2.002459 1.004236 0.250000 0.032405
3.005034 -2.003122 2.007608 0.250000 0.047696
3.007772 -1.002543 1.006435 0.250000 0.019619
3.007459 -1.002316 2.010591 0.250000 0.058362
3.009836 -0.000033 1.007614 0.250000 0.013631
3.008579 0.000044 2.011913 0.250000 0.062978
3.007768 1.002488 1.006403 0.250000 0.022573
3.007426 1.002417 2.010536 0.250000 0.061385
3.003829 2.002432 1.004106 0.250000 0.037160
3.004954 2.003240 2.007463 0.250000 0.052634
3.001032 3.001032 1.002152 0.250000 0.036744
3.002674 3.002674 2.004396 0.250000 0.036542
2.999946 4.000028 1.001152 0.250000 0.023185
3.001236 4.001631 2.002384 0.250000 0.019309
3.999528 -4.999410 1.000589 0.250000 0.006532
4.000248 -5.000258 2.001005 0.250000 0.003666
3.999609 -3.999589 1.000683 0.250000 0.011015
4.000780 -4.000738 2.001466 0.250000 0.007335
4.000114 -2.999973 1.001243 0.250000 0.019847
4.001731 -3.001194 2.002466 0.250000 0.015419
4.001125 -2.000394 1.001992 0.250000 0.028045
4.003006 -2.001349 2.003780 0.250000 0.025404
4.002358 -1.000473 1.002664 0.250000 0.031798
4.004216 -1.000928 2.004968 0.250000 0.033502
4.002958 -0.000022 1.002945 0.250000 0.032953
4.004726 0.000036 2.005454 0.250000 0.037223
4.002352 1.000437 1.002647 0.250000 0.033903
4.004184 1.001006 2.004939 0.250000 0.035739
4.001082 2.000370 1.001924 0.250000 0.031462
4.002932 2.001428 2.003707 0.250000 0.029112
4.000028 2.999946 1.001152 0.250000 0.023185
4.001631 3.001236 2.002384 0.250000 0.019309
3.999617 3.999617 1.000852 0.250000 0.014280
4.000740 4.000740 2.001550 0.250000 0.010704
0.000000 0.000000 -1.000000 0.250000 0.000000
