-4.999645 -4.999645 0.000560 0.250000 0.004818
-4.999531 -3.999602 0.000395 0.250000 0.008214
-4.999535 -2.999687 0.000423 0.250000 0.014721
-4.999724 -1.999865 0.000416 0.250000 0.021281
-5.000035 -1.000009 0.000339 0.250000 0.025543
-5.000207 -0.000049 0.000294 0.250000 0.027125
-5.000063 0.999911 0.000339 0.250000 0.026438
-4.999747 1.999770 0.000394 0.250000 0.022766
-4.999511 2.999615 0.000430 0.250000 0.016554
-4.999511 3.999594 0.000672 0.250000 0.011585
-3.999602 -4.999531 0.000395 0.250000 0.008214
-3.999608 -3.999608 0.000151 0.250000 0.015449
-4.000068 -3.000044 -0.000014 0.250000 0.024639
-4.001273 -2.000644 -0.000494 0.250000 0.026012
-4.002919 -1.000756 -0.001146 0.250000 0.017379
-4.003760 -0.000064 -0.001452 0.250000 0.011573
-4.002950 1.000622 -0.001148 0.250000 0.018625
-4.001292 2.000510 -0.000539 0.250000 0.028102
-4.000026 2.999957 -0.000058 0.250000 0.027016
-3.999586 3.999651 0.000437 0.250000 0.019511
-2.999687 -4.999535 0.000423 0.250000 0.014721
-3.000044 -4.000068 -0.000014 0.250000 0.024639
-3.001716 -3.001716 -0.000878 0.250000 0.021735
-3.005873 -2.003945 -0.002463 0.250000 -0.021311
-3.011873 -1.004031 -0.003365 0.250000 -0.086752
-3.015066 -0.000074 -0.003230 0.250000 -0.115616
-3.011900 1.003876 -0.003363 0.250000 -0.085193
-3.005880 2.003797 -0.002514 0.250000 -0.018612
-3.001653 3.001668 -0.000950 0.250000 0.024768
-3.000018 4.000256 0.000254 0.250000 0.029098
-1.999865 -4.999724 0.000416 0.250000 0.021281
-2.000644 -4.001273 -0.000494 0.250000 0.026012
-2.003945 -3.005873 -0.002463 0.250000 -0.021311
-2.012983 -2.012983 -0.002465 0.250000 -0.147582
-2.027590 -1.013884 0.009049 0.250000 -0.211428
-2.035491 -0.000086 0.020629 0.250000 -0.179244
-2.027608 1.013706 0.009054 0.250000 -0.209563
-2.012978 2.012830 -0.002519 0.250000 -0.144408
-2.003877 3.005898 -0.002548 0.250000 -0.017797
-2.000617 4.001671 -0.000229 0.250000 0.030612
-1.000009 -5.000035 0.000339 0.250000 0.025543
-1.000756 -4.002919 -0.001146 0.250000 0.017378
-1.004031 -3.011873 -0.003365 0.250000 -0.086752
-1.013884 -2.027590 0.009049 0.250000 -0.211429
-1.026886 -1.026886 0.072656 0.250000 0.138056
-1.034819 -0.000096 0.112511 0.250000 0.406430
-1.026894 1.026690 0.072664 0.250000 0.140409
-1.013877 2.027437 0.008987 0.250000 -0.207827
-1.003987 3.011970 -0.003460 0.250000 -0.082988
-1.000738 4.003512 -0.000877 0.250000 0.021835
-0.000049 -5.000207 0.000294 0.250000 0.027125
-0.000064 -4.003760 -0.001452 0.250000 0.011574
-0.000074 -3.015066 -0.003230 0.250000 -0.115617
-0.000086 -2.035491 0.020629 0.250000 -0.179245
-0.000096 -1.034819 0.112511 0.250000 0.406430
-0.000099 -0.000099 0.173825 0.250000 0.855620
-0.000095 1.034619 0.112520 0.250000 0.409061
-0.000088 2.035340 0.020559 0.250000 -0.175385
-0.000080 3.015195 -0.003332 0.250000 -0.111774
-0.000061 4.004433 -0.001181 0.250000 0.015886
0.999911 -5.000063 0.000339 0.250000 0.026438
1.000622 -4.002950 -0.001148 0.250000 0.018625
1.003876 -3.011900 -0.003363 0.250000 -0.085193
1.013706 -2.027608 0.009054 0.250000 -0.209563
1.026690 -1.026894 0.072664 0.250000 0.140408
1.034619 -0.000095 0.112520 0.250000 0.409062
1.026701 1.026701 0.072671 0.250000 0.142805
1.013696 2.027458 0.008987 0.250000 -0.205913
1.003824 3.011999 -0.003465 0.250000 -0.081463
1.000617 4.003540 -0.000879 0.250000 0.022945
1.999770 -4.999747 0.000394 0.250000 0.022766
2.000510 -4.001292 -0.000539 0.250000 0.028103
2.003797 -3.005880 -0.002514 0.250000 -0.018613
2.012830 -2.012978 -0.002519 0.250000 -0.144408
2.027437 -1.013877 0.008987 0.250000 -0.207827
2.035340 -0.000088 0.020559 0.250000 -0.175386
2.027458 1.013696 0.008987 0.250000 -0.205912
2.012825 2.012825 -0.002583 0.250000 -0.141235
2.003727 3.005904 -0.002607 0.250000 -0.015253
2.000508 4.001683 -0.000260 0.250000 0.032459
2.999615 -4.999511 0.000430 0.250000 0.016554
2.999957 -4.000026 -0.000058 0.250000 0.027016
3.001668 -3.001653 -0.000950 0.250000 0.024767
3.005898 -2.003877 -0.002548 0.250000 -0.017796
3.011970 -1.003987 -0.003460 0.250000 -0.082989
3.015195 -0.000080 -0.003332 0.250000 -0.111774
3.011999 1.003824 -0.003465 0.250000 -0.081463
3.005904 2.003727 -0.002607 0.250000 -0.015254
3.001606 3.001606 -0.001014 0.250000 0.027554
2.999961 4.000211 0.000253 0.250000 0.031321
3.999594 -4.999511 0.000672 0.250000 0.011585
3.999651 -3.999586 0.000437 0.250000 0.019511
4.000256 -3.000018 0.000254 0.250000 0.029098
4.001671 -2.000617 -0.000229 0.250000 0.030612
4.003512 -1.000738 -0.000877 0.250000 0.021834
4.004433 -0.000061 -0.001181 0.250000 0.015886
4.003540 1.000617 -0.000879 0.250000 0.022945
4.001683 2.000508 -0.000260 0.250000 0.032459
4.000211 2.999961 0.000253 0.250000 0.031321
3.999652 3.999652 0.000747 0.250000 0.023304
-4.999409 -4.999409 1.000472 0.250000 -0.000050
-4.999943 -4.999943 2.000724 0.250000 -0.002261
-4.999272 -3.999470 1.000406 0.250000 -0.000707
-5.000185 -4.000216 2.000865 0.250000 -0.003484
-4.999244 -2.999611 1.000674 0.250000 0.002262
-5.000625 -3.000452 2.001330 0.250000 -0.001660
-4.999342 -1.999786 1.001053 0.250000 0.007587
-5.001185 -2.000525 2.001952 0.250000 0.002718
-4.999517 -0.999940 1.001378 0.250000 0.012853
-5.001681 -1.000358 2.002495 0.250000 0.007531
-4.999614 -0.000033 1.001513 0.250000 0.015526
-5.001882 0.000003 2.002716 0.250000 0.010223
-4.999527 0.999877 1.001384 0.250000 0.014570
-5.001666 1.000367 2.002496 0.250000 0.009592
-4.999334 1.999721 1.001035 0.250000 0.010672
-5.001144 2.000528 2.001942 0.250000 0.006481
-4.999199 2.999517 1.000658 0.250000 0.006098
-5.000563 3.000417 2.001337 0.250000 0.003136
-4.999262 3.999383 1.000626 0.250000 0.004257
-5.000159 4.000140 2.001024 0.250000 0.001845
-3.999470 -4.999272 1.000406 0.250000 -0.000708
-4.000216 -5.000185 2.000865 0.250000 -0.003484
-3.999430 -3.999430 1.000588 0.250000 0.001973
-4.000706 -4.000706 2.001424 0.250000 -0.001828
-3.999682 -2.999797 1.001327 0.250000 0.011543
-4.001559 -3.001194 2.002605 0.250000 0.006055
-4.000371 -2.000232 1.002259 0.250000 0.022989
-4.002706 -2.001368 2.004132 0.250000 0.017786
-4.001338 -1.000382 1.003061 0.250000 0.030447
-4.003808 -1.000954 2.005495 0.250000 0.028223
-4.001841 -0.000041 1.003392 0.250000 0.033244
-4.004279 0.000008 2.006054 0.250000 0.033145
-4.001349 1.000302 1.003060 0.250000 0.032894
-4.003788 1.000977 2.005481 0.250000 0.031075
-4.000357 2.000153 1.002204 0.250000 0.027390
-4.002651 2.001394 2.004077 0.250000 0.022968
-3.999611 2.999696 1.001219 0.250000 0.016828
-4.001468 3.001179 2.002528 0.250000 0.012532
-3.999399 3.999369 1.000750 0.250000 0.008413
-4.000641 4.000637 2.001509 0.250000 0.005139
-2.999611 -4.999244 1.000674 0.250000 0.002263
-3.000453 -5.000625 2.001330 0.250000 -0.001660
-2.999797 -3.999682 1.001327 0.250000 0.011543
-3.001194 -4.001559 2.002605 0.250000 0.006055
-3.000771 -3.000771 1.002816 0.250000 0.027018
-3.002574 -3.002574 2.005007 0.250000 0.022780
-3.003292 -2.002248 1.004788 0.250000 0.031899
-3.004688 -2.003125 2.008241 0.250000 0.041375
-3.007092 -1.002458 1.006991 0.250000 0.022351
-3.007016 -1.002334 2.011397 0.250000 0.054316
-3.009153 -0.000044 1.008164 0.250000 0.017143
-3.008106 0.000018 2.012791 0.250000 0.059828
-3.007099 1.002378 1.006985 0.250000 0.025497
-3.006993 1.002384 2.011367 0.250000 0.057919
-3.003268 2.002184 1.004700 0.250000 0.037559
-3.004625 2.003195 2.008135 0.250000 0.047864
-3.000680 3.000719 1.002614 0.250000 0.033613
-3.002466 3.002616 2.004826 0.250000 0.030665
-2.999750 3.999732 1.001380 0.250000 0.018887
-3.001105 4.001545 2.002570 0.250000 0.014114
-1.999786 -4.999342 1.001053 0.250000 0.007587
-2.000525 -5.001185 2.001952 0.250000 0.002718
-2.000232 -4.000371 1.002259 0.250000 0.022988
-2.001368 -4.002706 2.004132 0.250000 0.017786
-2.002248 -3.003292 1.004788 0.250000 0.031900
-2.003125 -3.004688 2.008241 0.250000 0.041375
-2.008104 -2.008104 1.009640 0.250000 0.004189
-2.006308 -2.006308 2.014437 0.250000 0.060150
-2.017898 -1.009089 1.018899 0.250000 -0.020010
-2.010417 -1.005204 2.021601 0.250000 0.071985
-2.023544 -0.000046 1.025117 0.250000 -0.015259
-2.012528 0.000030 2.025181 0.250000 0.079292
-2.017900 1.009010 1.018887 0.250000 -0.016277
-2.010394 1.005285 2.021553 0.250000 0.076183
-2.008075 2.008063 1.009515 0.250000 0.010776
-2.006248 2.006429 2.014277 0.250000 0.067590
-2.002158 3.003319 1.004492 0.250000 0.039232
-2.003023 3.004804 2.007952 0.250000 0.050068
-2.000185 4.000591 1.002200 0.250000 0.030480
-2.001280 4.002775 2.003962 0.250000 0.026138
-0.999940 -4.999517 1.001378 0.250000 0.012853
-1.000358 -5.001681 2.002495 0.250000 0.007531
-1.000382 -4.001338 1.003061 0.250000 0.030446
-1.000954 -4.003808 2.005495 0.250000 0.028223
-1.002458 -3.007092 1.006991 0.250000 0.022351
-1.002334 -3.007016 2.011397 0.250000 0.054316
-1.009089 -2.017898 1.018899 0.250000 -0.020010
-1.005204 -2.010417 2.021601 0.250000 0.071986
-1.020889 -1.020889 1.048160 0.250000 0.056550
-1.009370 -1.009370 2.035537 0.250000 0.097738
-1.027488 -0.000046 1.069096 0.250000 0.168055
-1.011657 0.000040 2.043230 0.250000 0.121198
-1.020888 1.020814 1.048140 0.250000 0.060750
-1.009355 1.009476 2.035475 0.250000 0.102316
-1.009068 2.017880 1.018741 0.250000 -0.012845
-1.005166 2.010580 2.021397 0.250000 0.079951
-1.002401 3.007193 1.006615 0.250000 0.029874
-1.002270 3.007195 2.011020 0.250000 0.063256
-1.000351 4.001713 1.002911 0.250000 0.037512
-1.000896 4.003952 2.005215 0.250000 0.036287
-0.000033 -4.999614 1.001513 0.250000 0.015526
0.000003 -5.001882 2.002716 0.250000 0.010223
-0.000041 -4.001841 1.003392 0.250000 0.033244
0.000008 -4.004279 2.006054 0.250000 0.033145
-0.000044 -3.009153 1.008164 0.250000 0.017143
0.000018 -3.008106 2.012791 0.250000 0.059828
-0.000046 -2.023544 1.025117 0.250000 -0.015259
0.000030 -2.012528 2.025181 0.250000 0.079293
-0.000046 -1.027488 1.069096 0.250000 0.168056
0.000040 -1.011657 2.043230 0.250000 0.121197
-0.000045 -0.000045 1.099632 0.250000 0.358828
0.000044 0.000044 2.053555 0.250000 0.160369
-0.000045 1.027418 1.069073 0.250000 0.172462
0.000041 1.011775 2.043160 0.250000 0.125886
-0.000046 2.023538 1.024943 0.250000 -0.007904
0.000032 2.012708 2.024959 0.250000 0.087374
-0.000046 3.009286 1.007754 0.250000 0.024620
0.000020 3.008310 2.012378 0.250000 0.068708
-0.000036 4.002279 1.003205 0.250000 0.039952
0.000014 4.004453 2.005731 0.250000 0.040887
0.999877 -4.999527 1.001384 0.250000 0.014570
1.000367 -5.001666 2.002496 0.250000 0.009592
1.000302 -4.001349 1.003060 0.250000 0.032894
1.000977 -4.003788 2.005481 0.250000 0.031074
1.002378 -3.007099 1.006985 0.250000 0.025497
1.002384 -3.006993 2.011367 0.250000 0.057919
1.009010 -2.017900 1.018887 0.250000 -0.016278
1.005285 -2.010394 2.021553 0.250000 0.076183
1.020814 -1.020888 1.048140 0.250000 0.060750
1.009476 -1.009355 2.035475 0.250000 0.102316
1.027418 -0.000045 1.069073 0.250000 0.172461
1.011775 0.000041 2.043160 0.250000 0.125887
1.020816 1.020816 1.048119 0.250000 0.064931
1.009464 1.009464 2.035410 0.250000 0.106815
1.008989 2.017885 1.018724 0.250000 -0.009195
1.005249 2.010559 2.021346 0.250000 0.083972
1.002317 3.007200 1.006603 0.250000 0.032818
1.002323 3.007171 2.010987 0.250000 0.066558
1.000285 4.001719 1.002909 0.250000 0.039640
1.000931 4.003929 2.005202 0.250000 0.038746
1.999721 -4.999334 1.001035 0.250000 0.010672
2.000528 -5.001144 2.001942 0.250000 0.006481
2.000153 -4.000357 1.002204 0.250000 0.027390
2.001394 -4.002651 2.004077 0.250000 0.022968
2.002184 -3.003268 1.004700 0.250000 0.037559
2.003195 -3.004625 2.008135 0.250000 0.047863
2.008063 -2.008075 1.009515 0.250000 0.010776
2.006429 -2.006248 2.014277 0.250000 0.067591
2.017880 -1.009068 1.018741 0.250000 -0.012845
2.010580 -1.005166 2.021397 0.250000 0.079951
2.023538 -0.000046 1.024943 0.250000 -0.007905
2.012708 0.000032 2.024959 0.250000 0.087374
2.017885 1.008989 1.018724 0.250000 -0.009194
2.010559 1.005249 2.021346 0.250000 0.083972
2.008034 2.008034 1.009381 0.250000 0.017117
2.006370 2.006370 2.014113 0.250000 0.074634
2.002091 3.003291 1.004397 0.250000 0.044390
2.003094 3.004737 2.007845 0.250000 0.055916
2.000126 4.000566 1.002157 0.250000 0.034227
2.001316 4.002716 2.003918 0.250000 0.030525
2.999517 -4.999199 1.000658 0.250000 0.006098
3.000417 -5.000563 2.001337 0.250000 0.003136
2.999696 -3.999611 1.001219 0.250000 0.016827
3.001179 -4.001468 2.002528 0.250000 0.012532
3.000719 -3.000680 1.002614 0.250000 0.033613
3.002616 -3.002466 2.004826 0.250000 0.030665
3.003319 -2.002158 1.004492 0.250000 0.039231
3.004804 -2.003023 2.007952 0.250000 0.050068
3.007193 -1.002401 1.006615 0.250000 0.029874
3.007195 -1.002270 2.011020 0.250000 0.063256
3.009286 -0.000046 1.007754 0.250000 0.024620
3.008310 0.000020 2.012378 0.250000 0.068708
3.007200 1.002317 1.006603 0.250000 0.032818
3.007171 1.002323 2.010987 0.250000 0.066559
3.003291 2.002091 1.004397 0.250000 0.044391
3.004737 2.003094 2.007845 0.250000 0.055916
3.000625 3.000625 1.002422 0.250000 0.039412
3.002507 3.002507 2.004657 0.250000 0.037576
2.999677 3.999660 1.001316 0.250000 0.023309
3.001105 4.001456 2.002521 0.250000 0.019444
3.999383 -4.999262 1.000626 0.250000 0.004258
4.000140 -5.000159 2.001024 0.250000 0.001845
3.999369 -3.999399 1.000750 0.250000 0.008413
4.000637 -4.000641 2.001509 0.250000 0.005140
3.999732 -2.999750 1.001380 0.250000 0.018887
4.001545 -3.001105 2.002570 0.250000 0.014115
4.000591 -2.000185 1.002200 0.250000 0.030480
4.002775 -2.001280 2.003962 0.250000 0.026138
4.001713 -1.000351 1.002911 0.250000 0.037513
4.003952 -1.000896 2.005215 0.250000 0.036287
4.002279 -0.000036 1.003205 0.250000 0.039953
4.004453 0.000014 2.005731 0.250000 0.040887
4.001719 1.000285 1.002909 0.250000 0.039640
4.003929 1.000931 2.005202 0.250000 0.038746
4.000566 2.000126 1.002157 0.250000 0.034227
4.002716 2.001316 2.003918 0.250000 0.030525
3.999660 2.999677 1.001316 0.250000 0.023309
4.001456 3.001105 2.002521 0.250000 0.019444
3.999369 3.999369 1.000951 0.250000 0.013757
4.000597 4.000597 2.001626 0.250000 0.010715
0.000000 0.000000 -1.000000 0.250000 0.000000
