-4.999851 -4.999851 0.000366 0.250000 0.012058
-4.999923 -3.999875 0.000111 0.250000 0.016445
-5.000209 -3.000006 0.000016 0.250000 0.020102
-5.000683 -2.000154 -0.000082 0.250000 0.020576
-5.001185 -1.000174 -0.000197 0.250000 0.018659
-5.001410 -0.000027 -0.000253 0.250000 0.017676
-5.001180 1.000128 -0.000219 0.250000 0.019447
-5.000652 2.000134 -0.000136 0.250000 0.021279
-5.000151 3.000042 -0.000002 0.250000 0.019500
-4.999940 4.000015 0.000352 0.250000 0.014854
-3.999875 -4.999923 0.000111 0.250000 0.016445
-4.000108 -4.000108 -0.000279 0.250000 0.021605
-4.000871 -3.000580 -0.000550 0.250000 0.020328
-4.002279 -2.001061 -0.000908 0.250000 0.006144
-4.003930 -1.000952 -0.001243 0.250000 -0.015091
-4.004717 -0.000049 -0.001377 0.250000 -0.025242
-4.003927 1.000863 -0.001277 0.250000 -0.013745
-4.002243 2.001013 -0.001001 0.250000 0.007520
-4.000802 3.000639 -0.000628 0.250000 0.019588
-4.000141 4.000353 -0.000028 0.250000 0.018700
-3.000006 -5.000209 0.000016 0.250000 0.020101
-3.000580 -4.000871 -0.000550 0.250000 0.020328
-3.002373 -3.002373 -0.001130 0.250000 -0.004576
-3.006126 -2.004068 -0.001546 0.250000 -0.068188
-3.011137 -1.003737 -0.000934 0.250000 -0.138998
-3.013723 -0.000056 -0.000174 0.250000 -0.166097
-3.011131 1.003639 -0.000974 0.250000 -0.137215
-3.006083 2.004036 -0.001659 0.250000 -0.066279
-3.002294 3.002516 -0.001243 0.250000 -0.005502
-3.000615 4.001304 -0.000305 0.250000 0.015770
-2.000154 -5.000683 -0.000082 0.250000 0.020575
-2.001061 -4.002279 -0.000908 0.250000 0.006144
-2.004068 -3.006126 -0.001546 0.250000 -0.068187
-2.011424 -2.011424 0.001262 0.250000 -0.193259
-2.022808 -1.011453 0.013797 0.250000 -0.214289
-2.028880 -0.000058 0.024380 0.250000 -0.151593
-2.022800 1.011358 0.013753 0.250000 -0.212168
-2.011382 2.011424 0.001136 0.250000 -0.191065
-2.003993 3.006382 -0.001676 0.250000 -0.069474
-2.001083 4.002941 -0.000650 0.250000 -0.000060
-1.000174 -5.001185 -0.000197 0.250000 0.018659
-1.000952 -4.003930 -0.001243 0.250000 -0.015091
-1.003737 -3.011137 -0.000934 0.250000 -0.138998
-1.011453 -2.022808 0.013797 0.250000 -0.214290
-1.021448 -1.021448 0.068437 0.250000 0.268919
-1.027527 -0.000058 0.101633 0.250000 0.614853
-1.021442 1.021357 0.068386 0.250000 0.271390
-1.011426 2.022837 0.013656 0.250000 -0.211977
-1.003689 3.011491 -0.001073 0.250000 -0.140730
-1.000954 4.004787 -0.000964 0.250000 -0.022701
-0.000027 -5.001410 -0.000253 0.250000 0.017675
-0.000049 -4.004717 -0.001376 0.250000 -0.025241
-0.000056 -3.013723 -0.000174 0.250000 -0.166097
-0.000058 -2.028880 0.024380 0.250000 -0.151595
-0.000058 -1.027527 0.101633 0.250000 0.614853
-0.000057 -0.000057 0.151959 0.250000 1.176861
-0.000058 1.027439 0.101577 0.250000 0.617458
-0.000060 2.028921 0.024228 0.250000 -0.149311
-0.000054 3.014116 -0.000318 0.250000 -0.168158
-0.000028 4.005649 -0.001087 0.250000 -0.033605
1.000128 -5.001180 -0.000219 0.250000 0.019448
1.000863 -4.003927 -0.001277 0.250000 -0.013745
1.003639 -3.011131 -0.000974 0.250000 -0.137214
1.011358 -2.022800 0.013753 0.250000 -0.212169
1.021357 -1.021442 0.068386 0.250000 0.271389
1.027439 -0.000058 0.101577 0.250000 0.617457
1.021351 1.021351 0.068333 0.250000 0.273772
1.011328 2.022829 0.013609 0.250000 -0.210080
1.003596 3.011483 -0.001115 0.250000 -0.139376
1.000911 4.004777 -0.000991 0.250000 -0.021971
2.000134 -5.000652 -0.000136 0.250000 0.021279
2.001013 -4.002243 -0.001001 0.250000 0.007520
2.004036 -3.006083 -0.001659 0.250000 -0.066279
2.011424 -2.011382 0.001136 0.250000 -0.191065
2.022837 -1.011426 0.013656 0.250000 -0.211977
2.028921 -0.000060 0.024228 0.250000 -0.149314
2.022829 1.011328 0.013609 0.250000 -0.210080
2.011380 2.011380 0.001005 0.250000 -0.189382
2.003966 3.006334 -0.001787 0.250000 -0.068413
2.001082 4.002895 -0.000715 0.250000 0.000297
3.000042 -5.000151 -0.000002 0.250000 0.019501
3.000639 -4.000802 -0.000628 0.250000 0.019588
3.002516 -3.002294 -0.001243 0.250000 -0.005503
3.006382 -2.003993 -0.001676 0.250000 -0.069474
3.011491 -1.003689 -0.001073 0.250000 -0.140731
3.014116 -0.000054 -0.000318 0.250000 -0.168158
3.011483 1.003596 -0.001115 0.250000 -0.139377
3.006334 2.003966 -0.001787 0.250000 -0.068412
3.002438 3.002438 -0.001334 0.250000 -0.007496
3.000708 4.001228 -0.000327 0.250000 0.014128
4.000015 -4.999940 0.000352 0.250000 0.014854
4.000353 -4.000141 -0.000028 0.250000 0.018700
4.001304 -3.000615 -0.000305 0.250000 0.015770
4.002941 -2.001083 -0.000650 0.250000 -0.000060
4.004787 -1.000954 -0.000964 0.250000 -0.022701
4.005649 -0.000028 -0.001087 0.250000 -0.033605
4.004777 1.000911 -0.000991 0.250000 -0.021971
4.002895 2.001082 -0.000715 0.250000 0.000297
4.001228 3.000707 -0.000327 0.250000 0.014128
4.000398 4.000398 0.000262 0.250000 0.015196
-4.999721 -4.999721 1.000398 0.250000 0.005868
-5.000191 -5.000191 2.000707 0.250000 0.002805
-4.999780 -3.999837 1.000316 0.250000 0.007929
-5.000521 -4.000457 2.000845 0.250000 0.004226
-5.000040 -3.000009 1.000512 0.250000 0.010869
-5.001066 -3.000663 2.001258 0.250000 0.006852
-5.000449 -2.000140 1.000796 0.250000 0.013233
-5.001726 -2.000675 2.001793 0.250000 0.009901
-5.000860 -1.000139 1.001039 0.250000 0.014726
-5.002293 -1.000416 2.002248 0.250000 0.012563
-5.001036 0.000005 1.001129 0.250000 0.015640
-5.002510 0.000058 2.002419 0.250000 0.014005
-5.000838 1.000155 1.001007 0.250000 0.015973
-5.002254 1.000532 2.002209 0.250000 0.013602
-5.000391 2.000162 1.000720 0.250000 0.014660
-5.001651 2.000780 2.001718 0.250000 0.011075
-4.999963 3.000022 1.000440 0.250000 0.010849
-5.000982 3.000725 2.001198 0.250000 0.006874
-4.999796 3.999885 1.000479 0.250000 0.006527
-5.000503 4.000486 2.000945 0.250000 0.002812
-3.999837 -4.999780 1.000316 0.250000 0.007928
-4.000457 -5.000521 2.000845 0.250000 0.004226
-4.000053 -4.000053 1.000410 0.250000 0.012883
-4.001032 -4.001032 2.001334 0.250000 0.008831
-4.000695 -3.000496 1.000972 0.250000 0.018248
-4.001997 -3.001485 2.002347 0.250000 0.015700
-4.001807 -2.000864 1.001745 0.250000 0.020053
-4.003266 -2.001587 2.003660 0.250000 0.022764
-4.003074 -1.000744 1.002474 0.250000 0.018322
-4.004458 -1.001051 2.004843 0.250000 0.028162
-4.003666 -0.000004 1.002779 0.250000 0.017505
-4.004954 0.000070 2.005317 0.250000 0.030713
-4.003051 1.000746 1.002419 0.250000 0.020230
-4.004416 1.001194 2.004775 0.250000 0.029645
-4.001744 2.000885 1.001604 0.250000 0.022244
-4.003180 2.001726 2.003517 0.250000 0.024362
-4.000600 3.000529 1.000789 0.250000 0.018015
-4.001891 3.001582 2.002183 0.250000 0.015388
-4.000066 4.000164 1.000509 0.250000 0.009976
-4.000988 4.001084 2.001351 0.250000 0.006092
-3.000009 -5.000040 1.000512 0.250000 0.010868
-3.000663 -5.001066 2.001258 0.250000 0.006852
-3.000496 -4.000695 1.000972 0.250000 0.018248
-3.001485 -4.001997 2.002347 0.250000 0.015700
-3.001900 -3.001900 1.002247 0.250000 0.020939
-3.002985 -3.002985 2.004433 0.250000 0.027166
-3.004735 -2.003151 1.004283 0.250000 0.009779
-3.005221 -2.003441 2.007349 0.250000 0.037363
-3.008478 -1.002843 1.006787 0.250000 -0.007418
-3.007600 -1.002468 2.010284 0.250000 0.044844
-3.010391 0.000000 1.008089 0.250000 -0.013498
-3.008683 0.000088 2.011577 0.250000 0.048615
-3.008455 1.002859 1.006714 0.250000 -0.005003
-3.007559 1.002655 2.010187 0.250000 0.046632
-3.004669 2.003210 1.004088 0.250000 0.012451
-3.005134 2.003639 2.007136 0.250000 0.039090
-3.001798 3.002012 1.001959 0.250000 0.020074
-3.002873 3.003151 2.004156 0.250000 0.026016
-3.000503 4.000943 1.000974 0.250000 0.013079
-3.001429 4.002116 2.002251 0.250000 0.010899
-2.000140 -5.000449 1.000796 0.250000 0.013233
-2.000675 -5.001726 2.001793 0.250000 0.009902
-2.000864 -4.001807 1.001745 0.250000 0.020053
-2.001587 -4.003266 2.003660 0.250000 0.022765
-2.003151 -3.004735 1.004283 0.250000 0.009780
-2.003441 -3.005221 2.007349 0.250000 0.037363
-2.008638 -2.008638 1.009834 0.250000 -0.023511
-2.006638 -2.006638 2.013209 0.250000 0.050632
-2.017012 -1.008562 1.019451 0.250000 -0.026629
-2.010540 -1.005220 2.020078 0.250000 0.068188
-2.021666 0.000008 1.025416 0.250000 -0.005764
-2.012475 0.000108 2.023455 0.250000 0.080562
-2.016992 1.008601 1.019360 0.250000 -0.023890
-2.010505 1.005453 2.019954 0.250000 0.070111
-2.008580 2.008746 1.009590 0.250000 -0.020745
-2.006564 2.006898 2.012932 0.250000 0.052160
-2.003060 3.004949 1.003902 0.250000 0.007794
-2.003345 3.005466 2.006966 0.250000 0.034932
-2.000864 4.002230 1.001660 0.250000 0.012208
-2.001533 4.003469 2.003451 0.250000 0.015433
-1.000139 -5.000860 1.001039 0.250000 0.014726
-1.000416 -5.002293 2.002248 0.250000 0.012563
-1.000744 -4.003074 1.002474 0.250000 0.018322
-1.001051 -4.004458 2.004843 0.250000 0.028162
-1.002843 -3.008478 1.006787 0.250000 -0.007418
-1.002468 -3.007600 2.010284 0.250000 0.044844
-1.008562 -2.017012 1.019451 0.250000 -0.026629
-1.005220 -2.010540 2.020078 0.250000 0.068188
-1.018095 -1.018095 1.046345 0.250000 0.123341
-1.008960 -1.008960 2.033206 0.250000 0.121708
-1.023319 0.000016 1.064398 0.250000 0.279771
-1.010936 0.000123 2.040223 0.250000 0.162278
-1.018082 1.018155 1.046239 0.250000 0.126261
-1.008940 1.009227 2.033062 0.250000 0.123639
-1.008526 2.017160 1.019167 0.250000 -0.024016
-1.005178 2.010848 2.019755 0.250000 0.069359
-1.002787 3.008777 1.006337 0.250000 -0.010619
-1.002411 3.007909 2.009823 0.250000 0.041131
-1.000737 4.003645 1.002330 0.250000 0.008051
-1.001015 4.004731 2.004552 0.250000 0.018543
0.000005 -5.001036 1.001129 0.250000 0.015640
0.000058 -5.002510 2.002419 0.250000 0.014005
-0.000004 -4.003666 1.002779 0.250000 0.017505
0.000070 -4.004954 2.005317 0.250000 0.030712
0.000000 -3.010391 1.008089 0.250000 -0.013499
0.000088 -3.008683 2.011577 0.250000 0.048615
0.000008 -2.021666 1.025416 0.250000 -0.005763
0.000108 -2.012475 2.023455 0.250000 0.080562
0.000016 -1.023319 1.064398 0.250000 0.279771
0.000123 -1.010936 2.040223 0.250000 0.162277
0.000020 0.000020 1.090144 0.250000 0.531789
0.000129 0.000129 2.049468 0.250000 0.224703
0.000016 1.023389 1.064284 0.250000 0.282715
0.000123 1.011217 2.040072 0.250000 0.164140
0.000007 2.021830 1.025116 0.250000 -0.003344
0.000107 2.012801 2.023115 0.250000 0.081459
0.000002 3.010723 1.007612 0.250000 -0.017387
0.000089 3.009014 2.011087 0.250000 0.044204
0.000013 4.004293 1.002615 0.250000 0.006017
0.000077 4.005253 2.004998 0.250000 0.019964
1.000155 -5.000838 1.001007 0.250000 0.015973
1.000532 -5.002254 2.002209 0.250000 0.013602
1.000746 -4.003051 1.002419 0.250000 0.020230
1.001194 -4.004416 2.004775 0.250000 0.029645
1.002859 -3.008455 1.006714 0.250000 -0.005003
1.002655 -3.007559 2.010187 0.250000 0.046632
1.008601 -2.016992 1.019360 0.250000 -0.023890
1.005453 -2.010505 2.019954 0.250000 0.070111
1.018155 -1.018082 1.046239 0.250000 0.126262
1.009227 -1.008940 2.033062 0.250000 0.123638
1.023389 0.000016 1.064284 0.250000 0.282715
1.011217 0.000123 2.040072 0.250000 0.164141
1.018142 1.018142 1.046132 0.250000 0.129035
1.009206 1.009206 2.032919 0.250000 0.125393
1.008563 2.017138 1.019075 0.250000 -0.021604
1.005408 2.010810 2.019634 0.250000 0.070930
1.002806 3.008750 1.006265 0.250000 -0.008743
1.002598 3.007863 2.009732 0.250000 0.042399
1.000771 4.003615 1.002286 0.250000 0.009237
1.001172 4.004684 2.004497 0.250000 0.019392
2.000162 -5.000391 1.000720 0.250000 0.014660
2.000780 -5.001651 2.001718 0.250000 0.011075
2.000885 -4.001744 1.001604 0.250000 0.022245
2.001726 -4.003180 2.003517 0.250000 0.024363
2.003210 -3.004669 1.004088 0.250000 0.012451
2.003639 -3.005134 2.007136 0.250000 0.039091
2.008746 -2.008580 1.009590 0.250000 -0.020745
2.006898 -2.006564 2.012932 0.250000 0.052159
2.017160 -1.008526 1.019167 0.250000 -0.024016
2.010848 -1.005178 2.019755 0.250000 0.069359
2.021830 0.000007 1.025116 0.250000 -0.003343
2.012801 0.000107 2.023115 0.250000 0.081459
2.017138 1.008563 1.019075 0.250000 -0.021603
2.010810 1.005408 2.019634 0.250000 0.070930
2.008683 2.008683 1.009346 0.250000 -0.018666
2.006819 2.006819 2.012664 0.250000 0.052996
2.003119 3.004873 1.003718 0.250000 0.009422
2.003539 3.005371 2.006772 0.250000 0.035689
2.000917 4.002154 1.001554 0.250000 0.013168
2.001684 4.003376 2.003341 0.250000 0.015934
3.000022 -4.999963 1.000440 0.250000 0.010849
3.000725 -5.000982 2.001198 0.250000 0.006874
3.000529 -4.000600 1.000789 0.250000 0.018015
3.001582 -4.001891 2.002183 0.250000 0.015388
3.002012 -3.001798 1.001959 0.250000 0.020074
3.003151 -3.002873 2.004156 0.250000 0.026016
3.004949 -2.003060 1.003902 0.250000 0.007795
3.005466 -2.003345 2.006966 0.250000 0.034931
3.008777 -1.002787 1.006337 0.250000 -0.010619
3.007909 -1.002411 2.009823 0.250000 0.041131
3.010723 0.000002 1.007612 0.250000 -0.017386
3.009014 0.000089 2.011087 0.250000 0.044205
3.008750 1.002806 1.006265 0.250000 -0.008743
3.007863 1.002598 2.009732 0.250000 0.042399
3.004873 2.003119 1.003718 0.250000 0.009423
3.005371 2.003539 2.006772 0.250000 0.035689
3.001905 3.001905 1.001706 0.250000 0.017874
3.003034 3.003034 2.003916 0.250000 0.023636
3.000565 4.000844 1.000861 0.250000 0.011626
3.001538 4.002010 2.002144 0.250000 0.009378
3.999885 -4.999796 1.000479 0.250000 0.006527
4.000486 -5.000503 2.000945 0.250000 0.002813
4.000164 -4.000066 1.000509 0.250000 0.009976
4.001084 -4.000988 2.001351 0.250000 0.006092
4.000943 -3.000503 1.000974 0.250000 0.013079
4.002116 -3.001429 2.002251 0.250000 0.010900
4.002230 -2.000864 1.001660 0.250000 0.012208
4.003469 -2.001533 2.003451 0.250000 0.015432
4.003645 -1.000737 1.002330 0.250000 0.008050
4.004731 -1.001015 2.004552 0.250000 0.018543
4.004293 0.000013 1.002615 0.250000 0.006017
4.005253 0.000077 2.004998 0.250000 0.019964
4.003615 1.000771 1.002286 0.250000 0.009236
4.004684 1.001172 2.004497 0.250000 0.019392
4.002154 2.000917 1.001554 0.250000 0.013168
4.003376 2.001684 2.003341 0.250000 0.015934
4.000844 3.000565 1.000861 0.250000 0.011626
4.002010 3.001538 2.002144 0.250000 0.009377
4.000199 4.000199 1.000675 0.250000 0.006160
4.001063 4.001063 2.001430 0.250000 0.002342
0.000000 0.000000 -1.000000 0.250000 0.000000
