-4.999966 -4.999966 0.000283 0.250000 0.011056
-5.000098 -4.000007 -0.000002 0.250000 0.014848
-5.000462 -3.000139 -0.000116 0.250000 0.016296
-5.001006 -2.000260 -0.000208 0.250000 0.013520
-5.001548 -1.000226 -0.000301 0.250000 0.008683
-5.001782 -0.000012 -0.000347 0.250000 0.006394
-5.001534 1.000211 -0.000327 0.250000 0.008889
-5.000962 2.000275 -0.000263 0.250000 0.012871
-5.000400 3.000215 -0.000124 0.250000 0.013360
-5.000127 4.000190 0.000260 0.250000 0.009988
-4.000007 -5.000098 -0.000002 0.250000 0.014848
-4.000307 -4.000307 -0.000423 0.250000 0.017937
-4.001138 -3.000764 -0.000670 0.250000 0.011758
-4.002567 -2.001180 -0.000911 0.250000 -0.008341
-4.004177 -1.000993 -0.001084 0.250000 -0.033766
-4.004928 -0.000034 -0.001143 0.250000 -0.045418
-4.004163 1.000938 -0.001127 0.250000 -0.033108
-4.002517 2.001175 -0.001009 0.250000 -0.008655
-4.001067 3.000874 -0.000734 0.250000 0.007960
-4.000356 4.000605 -0.000138 0.250000 0.010654
-3.000139 -5.000462 -0.000116 0.250000 0.016296
-3.000764 -4.001138 -0.000670 0.250000 0.011758
-3.002545 -3.002545 -0.001053 0.250000 -0.020795
-3.006095 -2.004032 -0.001008 0.250000 -0.089251
-3.010720 -1.003577 0.000097 0.250000 -0.158620
-3.013082 -0.000039 0.001042 0.250000 -0.183753
-3.010705 1.003519 0.000047 0.250000 -0.157617
-3.006041 2.004051 -0.001129 0.250000 -0.089317
-3.002468 3.002748 -0.001149 0.250000 -0.025364
-3.000816 4.001625 -0.000378 0.250000 0.001992
-2.000260 -5.001006 -0.000208 0.250000 0.013520
-2.001180 -4.002567 -0.000911 0.250000 -0.008341
-2.004032 -3.006095 -0.001008 0.250000 -0.089251
-2.010763 -2.010763 0.002656 0.250000 -0.206580
-2.021026 -1.010545 0.015271 0.250000 -0.204199
-2.026471 -0.000037 0.025374 0.250000 -0.127275
-2.021011 1.010497 0.015215 0.250000 -0.202957
-2.010714 2.010824 0.002520 0.250000 -0.206605
-2.003960 3.006416 -0.001118 0.250000 -0.094608
-2.001217 4.003275 -0.000593 0.250000 -0.020263
-1.000226 -5.001548 -0.000301 0.250000 0.008683
-1.000993 -4.004177 -0.001084 0.250000 -0.033765
-1.003577 -3.010720 0.000097 0.250000 -0.158620
-1.010545 -2.021026 0.015271 0.250000 -0.204199
-1.019506 -1.019506 0.066354 0.250000 0.339364
-1.024949 -0.000034 0.097033 0.250000 0.718153
-1.019496 1.019470 0.066288 0.250000 0.340811
-1.010514 2.021123 0.015120 0.250000 -0.204334
-1.003531 3.011140 -0.000018 0.250000 -0.164710
-1.001001 4.005069 -0.000735 0.250000 -0.047349
-0.000012 -5.001782 -0.000347 0.250000 0.006394
-0.000034 -4.004928 -0.001143 0.250000 -0.045418
-0.000039 -3.013082 0.001042 0.250000 -0.183753
-0.000037 -2.026471 0.025374 0.250000 -0.127274
-0.000034 -1.024949 0.097033 0.250000 0.718153
-0.000031 -0.000031 0.143289 0.250000 1.326802
-0.000034 1.024919 0.096962 0.250000 0.719635
-0.000038 2.026583 0.025214 0.250000 -0.127583
-0.000034 3.013540 0.000925 0.250000 -0.190308
-0.000009 4.005890 -0.000776 0.250000 -0.059852
1.000211 -5.001534 -0.000327 0.250000 0.008889
1.000938 -4.004163 -0.001127 0.250000 -0.033108
1.003519 -3.010705 0.000047 0.250000 -0.157617
1.010497 -2.021011 0.015215 0.250000 -0.202957
1.019470 -1.019496 0.066288 0.250000 0.340813
1.024919 -0.000034 0.096962 0.250000 0.719637
1.019460 1.019460 0.066222 0.250000 0.342121
1.010465 2.021107 0.015063 0.250000 -0.203398
1.003482 3.011122 -0.000066 0.250000 -0.164221
1.000997 4.005048 -0.000765 0.250000 -0.047352
2.000275 -5.000962 -0.000263 0.250000 0.012871
2.001175 -4.002517 -0.001009 0.250000 -0.008655
2.004051 -3.006041 -0.001129 0.250000 -0.089317
2.010824 -2.010714 0.002520 0.250000 -0.206605
2.021123 -1.010514 0.015120 0.250000 -0.204334
2.026583 -0.000038 0.025214 0.250000 -0.127583
2.021107 1.010465 0.015063 0.250000 -0.203397
2.010773 2.010773 0.002384 0.250000 -0.207268
2.003987 3.006357 -0.001230 0.250000 -0.095623
2.001260 4.003215 -0.000656 0.250000 -0.021582
3.000215 -5.000400 -0.000124 0.250000 0.013361
3.000874 -4.001067 -0.000734 0.250000 0.007960
3.002748 -3.002468 -0.001149 0.250000 -0.025364
3.006416 -2.003960 -0.001118 0.250000 -0.094608
3.011140 -1.003531 -0.000018 0.250000 -0.164710
3.013540 -0.000034 0.000925 0.250000 -0.190307
3.011122 1.003482 -0.000066 0.250000 -0.164221
3.006357 2.003987 -0.001230 0.250000 -0.095623
3.002672 3.002672 -0.001216 0.250000 -0.030993
3.000958 4.001547 -0.000381 0.250000 -0.002467
4.000190 -5.000127 0.000260 0.250000 0.009988
4.000605 -4.000356 -0.000138 0.250000 0.010653
4.001625 -3.000816 -0.000378 0.250000 0.001992
4.003275 -2.001217 -0.000593 0.250000 -0.020263
4.005069 -1.001001 -0.000735 0.250000 -0.047349
4.005890 -0.000009 -0.000776 0.250000 -0.059852
4.005048 1.000997 -0.000765 0.250000 -0.047352
4.003215 2.001260 -0.000656 0.250000 -0.021582
4.001547 3.000958 -0.000381 0.250000 -0.002468
4.000662 4.000662 0.000187 0.250000 0.003368
-4.999854 -4.999854 1.000360 0.250000 0.004524
-5.000283 -5.000283 2.000691 0.250000 0.001211
-4.999977 -3.999989 1.000261 0.250000 0.006821
-5.000638 -4.000548 2.000817 0.250000 0.003033
-5.000322 -3.000166 1.000439 0.250000 0.008821
-5.001212 -3.000746 2.001213 0.250000 0.005336
-5.000818 -2.000272 1.000713 0.250000 0.009235
-5.001899 -2.000738 2.001729 0.250000 0.007349
-5.001294 -1.000210 1.000951 0.250000 0.008727
-5.002484 -1.000445 2.002169 0.250000 0.008802
-5.001490 0.000020 1.001037 0.250000 0.008597
-5.002707 0.000071 2.002332 0.250000 0.009454
-5.001264 1.000254 1.000913 0.250000 0.009171
-5.002443 1.000584 2.002126 0.250000 0.008865
-5.000752 2.000322 1.000631 0.250000 0.008870
-5.001823 2.000861 2.001651 0.250000 0.006479
-5.000245 3.000208 1.000376 0.250000 0.005880
-5.001133 3.000825 2.001161 0.250000 0.002276
-5.000008 4.000070 1.000445 0.250000 0.001677
-5.000635 4.000597 2.000937 0.250000 -0.002070
-3.999989 -4.999977 1.000261 0.250000 0.006821
-4.000548 -5.000638 2.000817 0.250000 0.003033
-4.000286 -4.000286 1.000321 0.250000 0.011515
-4.001148 -4.001148 2.001272 0.250000 0.007990
-4.001036 -3.000741 1.000853 0.250000 0.014389
-4.002144 -3.001591 2.002240 0.250000 0.013931
-4.002252 -2.001068 1.001625 0.250000 0.012319
-4.003440 -2.001666 2.003509 0.250000 0.019129
-4.003578 -1.000852 1.002376 0.250000 0.007373
-4.004647 -1.001087 2.004660 0.250000 0.022772
-4.004184 0.000012 1.002691 0.250000 0.005146
-4.005145 0.000083 2.005119 0.250000 0.024304
-4.003548 1.000885 1.002310 0.250000 0.008249
-4.004602 1.001256 2.004585 0.250000 0.022976
-4.002179 2.001121 1.001475 0.250000 0.012133
-4.003353 2.001825 2.003362 0.250000 0.018010
-4.000945 3.000809 1.000683 0.250000 0.010158
-4.002047 3.001704 2.002090 0.250000 0.009445
-4.000318 4.000435 1.000456 0.250000 0.003423
-4.001124 4.001221 2.001323 0.250000 0.000207
-3.000166 -5.000322 1.000439 0.250000 0.008821
-3.000746 -5.001212 2.001213 0.250000 0.005337
-3.000741 -4.001036 1.000853 0.250000 0.014389
-3.001591 -4.002144 2.002240 0.250000 0.013931
-3.002243 -3.002243 1.002123 0.250000 0.012500
-3.003116 -3.003116 2.004251 0.250000 0.023648
-3.005106 -2.003384 1.004250 0.250000 -0.002619
-3.005358 -2.003527 2.007102 0.250000 0.032063
-3.008748 -1.002910 1.006876 0.250000 -0.020087
-3.007712 -1.002494 2.009987 0.250000 0.039150
-3.010577 0.000018 1.008219 0.250000 -0.025602
-3.008773 0.000103 2.011253 0.250000 0.042743
-3.008719 1.002963 1.006789 0.250000 -0.018927
-3.007669 1.002707 2.009881 0.250000 0.039363
-3.005034 2.003479 1.004044 0.250000 -0.002873
-3.005273 2.003743 2.006886 0.250000 0.030428
-3.002150 3.002392 1.001855 0.250000 0.006677
-3.003016 3.003294 2.003997 0.250000 0.017311
-3.000770 4.001318 1.000909 0.250000 0.002821
-3.001557 4.002279 2.002195 0.250000 0.002879
-2.000272 -5.000818 1.000713 0.250000 0.009234
-2.000738 -5.001899 2.001729 0.250000 0.007348
-2.001068 -4.002252 1.001625 0.250000 0.012318
-2.001666 -4.003440 2.003509 0.250000 0.019129
-2.003384 -3.005106 1.004250 0.250000 -0.002620
-2.003527 -3.005358 2.007102 0.250000 0.032063
-2.008646 -2.008646 1.010025 0.250000 -0.032322
-2.006669 -2.006669 2.012865 0.250000 0.046996
-2.016446 -1.008254 1.019625 0.250000 -0.021674
-2.010432 -1.005157 2.019596 0.250000 0.070529
-2.020728 0.000028 1.025421 0.250000 0.007387
-2.012277 0.000124 2.022877 0.250000 0.086128
-2.016421 1.008334 1.019519 0.250000 -0.020397
-2.010397 1.005418 2.019463 0.250000 0.070625
-2.008585 2.008794 1.009771 0.250000 -0.032947
-2.006599 2.006946 2.012589 0.250000 0.044624
-2.003302 3.005355 1.003899 0.250000 -0.010316
-2.003442 3.005610 2.006753 0.250000 0.023640
-2.001087 4.002698 1.001616 0.250000 -0.002770
-2.001633 4.003652 2.003373 0.250000 0.004646
-1.000210 -5.001294 1.000951 0.250000 0.008726
-1.000445 -5.002484 2.002169 0.250000 0.008802
-1.000852 -4.003578 1.002376 0.250000 0.007373
-1.001087 -4.004647 2.004660 0.250000 0.022772
-1.002910 -3.008748 1.006876 0.250000 -0.020086
-1.002494 -3.007712 2.009987 0.250000 0.039150
-1.008254 -2.016446 1.019625 0.250000 -0.021674
-1.005157 -2.010432 2.019596 0.250000 0.070529
-1.016964 -1.016964 1.045366 0.250000 0.164444
-1.008696 -1.008696 2.032303 0.250000 0.140150
-1.021702 0.000039 1.062266 0.250000 0.340926
-1.010544 0.000140 2.039012 0.250000 0.189163
-1.016949 1.017070 1.045244 0.250000 0.165729
-1.008676 1.008992 2.032151 0.250000 0.140070
-1.008217 2.016636 1.019334 0.250000 -0.022796
-1.005117 2.010755 2.019276 0.250000 0.067437
-1.002860 3.009080 1.006466 0.250000 -0.029489
-1.002445 3.008023 2.009570 0.250000 0.028929
-1.000854 4.004162 1.002326 0.250000 -0.010621
-1.001064 4.004923 2.004458 0.250000 0.005466
0.000020 -5.001490 1.001037 0.250000 0.008596
0.000071 -5.002707 2.002332 0.250000 0.009453
0.000012 -4.004183 1.002691 0.250000 0.005146
0.000083 -4.005145 2.005119 0.250000 0.024305
0.000018 -3.010577 1.008219 0.250000 -0.025602
0.000103 -3.008773 2.011253 0.250000 0.042743
0.000028 -2.020728 1.025421 0.250000 0.007387
0.000124 -2.012277 2.022877 0.250000 0.086128
0.000039 -1.021702 1.062266 0.250000 0.340929
0.000140 -1.010544 2.039012 0.250000 0.189162
0.000043 0.000043 1.086171 0.250000 0.619440
0.000145 0.000145 2.047788 0.250000 0.262625
0.000038 1.021818 1.062136 0.250000 0.342143
0.000139 1.010852 2.038853 0.250000 0.188946
0.000027 2.020934 1.025115 0.250000 0.005921
0.000122 2.012616 2.022543 0.250000 0.082627
0.000020 3.010939 1.007788 0.250000 -0.035880
0.000103 3.009104 2.010814 0.250000 0.031651
0.000030 4.004818 1.002631 0.250000 -0.014223
0.000090 4.005444 2.004898 0.250000 0.005708
1.000254 -5.001264 1.000913 0.250000 0.009171
1.000584 -5.002443 2.002126 0.250000 0.008865
1.000885 -4.003548 1.002310 0.250000 0.008248
1.001256 -4.004602 2.004585 0.250000 0.022976
1.002963 -3.008719 1.006789 0.250000 -0.018926
1.002707 -3.007669 2.009881 0.250000 0.039364
1.008334 -2.016421 1.019519 0.250000 -0.020396
1.005418 -2.010397 2.019463 0.250000 0.070624
1.017070 -1.016949 1.045244 0.250000 0.165727
1.008992 -1.008676 2.032151 0.250000 0.140069
1.021818 0.000038 1.062136 0.250000 0.342144
1.010852 0.000139 2.038853 0.250000 0.188945
1.017053 1.017053 1.045122 0.250000 0.166833
1.008969 1.008969 2.032001 0.250000 0.139810
1.008294 2.016608 1.019229 0.250000 -0.021890
1.005373 2.010716 2.019149 0.250000 0.067182
1.002916 3.009045 1.006385 0.250000 -0.028901
1.002657 3.007974 2.009475 0.250000 0.028653
1.000923 4.004124 1.002277 0.250000 -0.010452
1.001244 4.004873 2.004401 0.250000 0.005111
2.000322 -5.000752 1.000631 0.250000 0.008870
2.000861 -5.001823 2.001651 0.250000 0.006480
2.001121 -4.002179 1.001475 0.250000 0.012133
2.001825 -4.003353 2.003362 0.250000 0.018010
2.003479 -3.005034 1.004044 0.250000 -0.002872
2.003743 -3.005273 2.006886 0.250000 0.030428
2.008794 -2.008585 1.009771 0.250000 -0.032948
2.006946 -2.006599 2.012589 0.250000 0.044626
2.016636 -1.008217 1.019334 0.250000 -0.022797
2.010755 -1.005117 2.019276 0.250000 0.067437
2.020934 0.000027 1.025115 0.250000 0.005922
2.012616 0.000122 2.022543 0.250000 0.082628
2.016608 1.008294 1.019229 0.250000 -0.021890
2.010716 1.005373 2.019149 0.250000 0.067182
2.008727 2.008727 1.009522 0.250000 -0.034311
2.006869 2.006869 2.012326 0.250000 0.041600
2.003396 3.005272 1.003712 0.250000 -0.011600
2.003654 3.005517 2.006562 0.250000 0.021155
2.001172 4.002614 1.001510 0.250000 -0.004048
2.001801 4.003560 2.003266 0.250000 0.002659
3.000208 -5.000245 1.000376 0.250000 0.005880
3.000825 -5.001133 2.001161 0.250000 0.002276
3.000809 -4.000945 1.000683 0.250000 0.010158
3.001704 -4.002047 2.002090 0.250000 0.009445
3.002392 -3.002150 1.001855 0.250000 0.006677
3.003294 -3.003016 2.003997 0.250000 0.017311
3.005355 -2.003302 1.003899 0.250000 -0.010316
3.005610 -2.003442 2.006753 0.250000 0.023640
3.009080 -1.002860 1.006466 0.250000 -0.029490
3.008023 -1.002445 2.009570 0.250000 0.028928
3.010939 0.000020 1.007788 0.250000 -0.035879
3.009104 0.000103 2.010814 0.250000 0.031650
3.009045 1.002916 1.006385 0.250000 -0.028900
3.007974 1.002657 2.009475 0.250000 0.028654
3.005272 2.003396 1.003712 0.250000 -0.011600
3.005517 2.003654 2.006562 0.250000 0.021155
3.002292 3.002292 1.001631 0.250000 -0.000302
3.003189 3.003189 2.003788 0.250000 0.010033
3.000864 4.001224 1.000817 0.250000 -0.002188
3.001682 4.002183 2.002110 0.250000 -0.002325
4.000070 -5.000008 1.000445 0.250000 0.001677
4.000597 -5.000635 2.000937 0.250000 -0.002070
4.000435 -4.000318 1.000456 0.250000 0.003424
4.001221 -4.001124 2.001323 0.250000 0.000207
4.001318 -3.000770 1.000909 0.250000 0.002821
4.002279 -3.001557 2.002195 0.250000 0.002879
4.002698 -2.001087 1.001616 0.250000 -0.002770
4.003652 -2.001633 2.003373 0.250000 0.004646
4.004162 -1.000854 1.002326 0.250000 -0.010621
4.004923 -1.001064 2.004458 0.250000 0.005466
4.004818 0.000030 1.002631 0.250000 -0.014223
4.005444 0.000090 2.004898 0.250000 0.005708
4.004124 1.000923 1.002277 0.250000 -0.010453
4.004873 1.001244 2.004401 0.250000 0.005111
4.002614 2.001172 1.001510 0.250000 -0.004048
4.003560 2.001801 2.003266 0.250000 0.002659
4.001224 3.000864 1.000817 0.250000 -0.002188
4.002183 3.001682 2.002110 0.250000 -0.002325
4.000486 4.000486 1.000661 0.250000 -0.004760
4.001218 4.001218 2.001441 0.250000 -0.007813
0.000000 0.000000 -1.000000 0.250000 0.000000
