-4.999710 -4.999710 0.000494 0.250000 0.008861
-4.999678 -3.999700 0.000290 0.250000 0.013022
-4.999813 -2.999812 0.000256 0.250000 0.018877
-5.000140 -1.999986 0.000192 0.250000 0.023414
-5.000546 -1.000082 0.000081 0.250000 0.025434
-5.000747 -0.000043 0.000024 0.250000 0.026112
-5.000560 0.999999 0.000071 0.250000 0.026494
-5.000138 1.999919 0.000154 0.250000 0.025006
-4.999771 2.999785 0.000246 0.250000 0.020341
-4.999674 3.999758 0.000539 0.250000 0.015070
-3.999700 -4.999678 0.000290 0.250000 0.013022
-3.999810 -3.999810 -0.000025 0.250000 0.019915
-4.000420 -3.000276 -0.000265 0.250000 0.025267
-4.001737 -2.000837 -0.000732 0.250000 0.020322
-4.003407 -1.000855 -0.001274 0.250000 0.006285
-4.004232 -0.000063 -0.001513 0.250000 -0.001376
-4.003423 1.000731 -0.001290 0.250000 0.007844
-4.001731 2.000733 -0.000800 0.250000 0.022684
-4.000362 3.000251 -0.000332 0.250000 0.027190
-3.999813 3.999947 0.000228 0.250000 0.022010
-2.999812 -4.999813 0.000256 0.250000 0.018878
-3.000276 -4.000420 -0.000265 0.250000 0.025267
-3.002028 -3.002028 -0.001060 0.250000 0.013068
-3.006039 -2.004037 -0.002171 0.250000 -0.039648
-3.011628 -1.003931 -0.002401 0.250000 -0.108701
-3.014562 -0.000072 -0.001978 0.250000 -0.137358
-3.011640 1.003790 -0.002417 0.250000 -0.106729
-3.006023 2.003933 -0.002251 0.250000 -0.036609
-3.001955 3.002065 -0.001160 0.250000 0.015415
-3.000278 4.000728 -0.000031 0.250000 0.026954
-1.999986 -5.000140 0.000192 0.250000 0.023414
-2.000837 -4.001737 -0.000732 0.250000 0.020322
-2.004037 -3.006039 -0.002171 0.250000 -0.039648
-2.012358 -2.012358 -0.000896 0.250000 -0.168316
-2.025551 -1.012850 0.011193 0.250000 -0.217096
-2.032646 -0.000080 0.022400 0.250000 -0.173179
-2.025558 1.012697 0.011177 0.250000 -0.214758
-2.012335 2.012266 -0.000985 0.250000 -0.164806
-2.003962 3.006171 -0.002288 0.250000 -0.037111
-2.000832 4.002273 -0.000498 0.250000 0.021348
-1.000082 -5.000546 0.000081 0.250000 0.025434
-1.000855 -4.003407 -0.001274 0.250000 0.006285
-1.003931 -3.011628 -0.002401 0.250000 -0.108701
-1.012850 -2.025551 0.011193 0.250000 -0.217095
-1.024527 -1.024527 0.071079 0.250000 0.184756
-1.031644 -0.000086 0.108115 0.250000 0.484392
-1.024529 1.024366 0.071061 0.250000 0.187573
-1.012832 2.025473 0.011093 0.250000 -0.213228
-1.003883 3.011847 -0.002530 0.250000 -0.106182
-1.000846 4.004143 -0.001032 0.250000 0.006557
-0.000043 -5.000747 0.000024 0.250000 0.026112
-0.000063 -4.004232 -0.001513 0.250000 -0.001376
-0.000072 -3.014562 -0.001978 0.250000 -0.137358
-0.000080 -2.032646 0.022400 0.250000 -0.173180
-0.000086 -1.031644 0.108115 0.250000 0.484392
-0.000087 -0.000087 0.164736 0.250000 0.979563
-0.000085 1.031481 0.108094 0.250000 0.487447
-0.000082 2.032575 0.022290 0.250000 -0.169149
-0.000075 3.014817 -0.002113 0.250000 -0.134921
-0.000050 4.005049 -0.001267 0.250000 -0.001545
0.999999 -5.000560 0.000071 0.250000 0.026494
1.000731 -4.003423 -0.001290 0.250000 0.007843
1.003790 -3.011640 -0.002417 0.250000 -0.106729
1.012697 -2.025558 0.011177 0.250000 -0.214758
1.024366 -1.024529 0.071061 0.250000 0.187572
1.031481 -0.000085 0.108094 0.250000 0.487447
1.024369 1.024369 0.071041 0.250000 0.190382
1.012676 2.025481 0.011072 0.250000 -0.210946
1.003740 3.011859 -0.002551 0.250000 -0.104407
1.000751 4.004154 -0.001046 0.250000 0.007755
1.999919 -5.000138 0.000154 0.250000 0.025006
2.000733 -4.001731 -0.000800 0.250000 0.022683
2.003933 -3.006023 -0.002251 0.250000 -0.036609
2.012266 -2.012335 -0.000985 0.250000 -0.164806
2.025473 -1.012832 0.011093 0.250000 -0.213228
2.032575 -0.000082 0.022290 0.250000 -0.169150
2.025481 1.012676 0.011072 0.250000 -0.210945
2.012241 2.012241 -0.001082 0.250000 -0.161501
2.003859 3.006151 -0.002373 0.250000 -0.034536
2.000765 4.002256 -0.000548 0.250000 0.023068
2.999785 -4.999771 0.000246 0.250000 0.020342
3.000251 -4.000362 -0.000332 0.250000 0.027190
3.002065 -3.001955 -0.001160 0.250000 0.015415
3.006171 -2.003962 -0.002288 0.250000 -0.037112
3.011847 -1.003883 -0.002530 0.250000 -0.106181
3.014817 -0.000075 -0.002113 0.250000 -0.134921
3.011859 1.003740 -0.002551 0.250000 -0.104406
3.006151 2.003859 -0.002373 0.250000 -0.034536
3.001992 3.001992 -0.001248 0.250000 0.017100
3.000286 4.000666 -0.000052 0.250000 0.028246
3.999758 -4.999674 0.000539 0.250000 0.015070
3.999947 -3.999813 0.000228 0.250000 0.022010
4.000728 -3.000278 -0.000031 0.250000 0.026954
4.002273 -2.000832 -0.000498 0.250000 0.021348
4.004143 -1.000846 -0.001032 0.250000 0.006557
4.005049 -0.000050 -0.001267 0.250000 -0.001544
4.004154 1.000751 -0.001046 0.250000 0.007755
4.002256 2.000765 -0.000548 0.250000 0.023068
4.000666 3.000286 -0.000052 0.250000 0.028246
3.999969 3.999969 0.000510 0.250000 0.023425
-4.999531 -4.999531 1.000457 0.250000 0.003423
-5.000049 -5.000049 2.000732 0.250000 0.000903
-4.999482 -3.999617 1.000391 0.250000 0.004174
-5.000332 -4.000318 2.000879 0.250000 0.000995
-4.999586 -2.999774 1.000626 0.250000 0.007573
-5.000821 -3.000539 2.001323 0.250000 0.003450
-4.999828 -1.999935 1.000955 0.250000 0.012117
-5.001427 -2.000585 2.001902 0.250000 0.007575
-5.000115 -1.000025 1.001233 0.250000 0.016140
-5.001955 -1.000379 2.002400 0.250000 0.011725
-5.000249 -0.000017 1.001343 0.250000 0.018270
-5.002163 0.000030 2.002594 0.250000 0.014059
-5.000110 0.999995 1.001221 0.250000 0.017924
-5.001928 1.000440 2.002380 0.250000 0.013624
-4.999796 1.999908 1.000907 0.250000 0.015021
-5.001366 2.000639 2.001856 0.250000 0.010753
-4.999521 2.999730 1.000575 0.250000 0.010498
-5.000743 3.000554 2.001287 0.250000 0.006892
-4.999480 3.999595 1.000568 0.250000 0.007217
-5.000303 4.000295 2.000994 0.250000 0.004152
-3.999617 -4.999482 1.000391 0.250000 0.004175
-4.000318 -5.000332 2.000879 0.250000 0.000995
-3.999692 -3.999692 1.000540 0.250000 0.008253
-4.000846 -4.000846 2.001415 0.250000 0.004191
-4.000126 -3.000099 1.001187 0.250000 0.016569
-4.001751 -3.001317 2.002517 0.250000 0.011962
-4.001020 -2.000513 1.002021 0.250000 0.024246
-4.002956 -2.001460 2.003934 0.250000 0.021905
-4.002139 -1.000549 1.002765 0.250000 0.027865
-4.004103 -1.000994 2.005201 0.250000 0.030265
-4.002690 -0.000027 1.003075 0.250000 0.029203
-4.004588 0.000038 2.005716 0.250000 0.034282
-4.002134 1.000501 1.002739 0.250000 0.030428
-4.004071 1.001076 2.005160 0.250000 0.032883
-4.000981 2.000479 1.001922 0.250000 0.028391
-4.002883 2.001544 2.003830 0.250000 0.026221
-4.000039 3.000061 1.001031 0.250000 0.020454
-4.001646 3.001362 2.002383 0.250000 0.016406
-3.999677 3.999716 1.000649 0.250000 0.011711
-4.000783 4.000841 2.001443 0.250000 0.007891
-2.999774 -4.999586 1.000626 0.250000 0.007572
-3.000539 -5.000821 2.001323 0.250000 0.003450
-3.000099 -4.000126 1.001187 0.250000 0.016569
-3.001317 -4.001751 2.002517 0.250000 0.011962
-3.001284 -3.001284 1.002544 0.250000 0.026765
-3.002756 -3.002756 2.004761 0.250000 0.026512
-3.003982 -2.002681 1.004501 0.250000 0.024213
-3.004938 -2.003271 2.007827 0.250000 0.041136
-3.007797 -1.002659 1.006819 0.250000 0.010449
-3.007307 -1.002401 2.010867 0.250000 0.051172
-3.009810 -0.000027 1.008048 0.250000 0.004524
-3.008403 0.000052 2.012210 0.250000 0.055784
-3.007790 1.002618 1.006781 0.250000 0.013692
-3.007274 1.002519 2.010802 0.250000 0.054411
-3.003937 2.002672 1.004357 0.250000 0.029400
-3.004859 2.003408 2.007660 0.250000 0.046362
-3.001183 3.001314 1.002285 0.250000 0.031262
-3.002638 3.002866 2.004513 0.250000 0.031516
-3.000073 4.000280 1.001184 0.250000 0.019644
-3.001236 4.001810 2.002420 0.250000 0.015471
-1.999935 -4.999828 1.000955 0.250000 0.012116
-2.000585 -5.001427 2.001902 0.250000 0.007575
-2.000513 -4.001020 1.002021 0.250000 0.024246
-2.001460 -4.002956 2.003934 0.250000 0.021905
-2.002681 -3.003982 1.004501 0.250000 0.024212
-2.003271 -3.004938 2.007827 0.250000 0.041137
-2.008423 -2.008423 1.009652 0.250000 -0.008095
-2.006487 -2.006487 2.013853 0.250000 0.056137
-2.017634 -1.008919 1.019128 0.250000 -0.025789
-2.010537 -1.005242 2.020896 0.250000 0.068830
-2.022859 -0.000025 1.025273 0.250000 -0.015124
-2.012586 0.000068 2.024397 0.250000 0.077742
-2.017625 1.008889 1.019078 0.250000 -0.022022
-2.010508 1.005400 2.020808 0.250000 0.072512
-2.008378 2.008451 1.009464 0.250000 -0.002254
-2.006417 2.006683 2.013625 0.250000 0.061886
-2.002585 3.004105 1.004143 0.250000 0.028705
-2.003166 3.005128 2.007466 0.250000 0.046097
-2.000486 4.001352 1.001910 0.250000 0.026209
-2.001382 4.003103 2.003705 0.250000 0.024471
-1.000025 -5.000115 1.001233 0.250000 0.016139
-1.000379 -5.001955 2.002400 0.250000 0.011725
-1.000549 -4.002139 1.002765 0.250000 0.027865
-1.000994 -4.004103 2.005201 0.250000 0.030265
-1.002659 -3.007797 1.006819 0.250000 0.010448
-1.002401 -3.007307 2.010867 0.250000 0.051172
-1.008919 -2.017634 1.019128 0.250000 -0.025789
-1.005242 -2.010537 2.020896 0.250000 0.068830
-1.019742 -1.019742 1.047506 0.250000 0.078223
-1.009247 -1.009247 2.034537 0.250000 0.103952
-1.025742 -0.000021 1.067251 0.250000 0.207398
-1.011409 0.000081 2.041968 0.250000 0.133802
-1.019735 1.019724 1.047444 0.250000 0.082377
-1.009229 1.009436 2.034431 0.250000 0.107878
-1.008890 2.017695 1.018901 0.250000 -0.019636
-1.005200 2.010781 2.020621 0.250000 0.074760
-1.002599 3.008003 1.006381 0.250000 0.014542
-1.002336 3.007564 2.010418 0.250000 0.055725
-1.000526 4.002629 1.002572 0.250000 0.028456
-1.000943 4.004326 2.004869 0.250000 0.031621
-0.000017 -5.000249 1.001343 0.250000 0.018271
0.000030 -5.002163 2.002594 0.250000 0.014059
-0.000027 -4.002690 1.003075 0.250000 0.029203
0.000038 -4.004588 2.005716 0.250000 0.034281
-0.000027 -3.009810 1.008048 0.250000 0.004523
0.000052 -3.008403 2.012210 0.250000 0.055784
-0.000025 -2.022859 1.025273 0.250000 -0.015123
0.000068 -2.012586 2.024397 0.250000 0.077741
-0.000021 -1.025742 1.067251 0.250000 0.207397
0.000081 -1.011409 2.041968 0.250000 0.133803
-0.000018 -0.000018 1.095773 0.250000 0.422618
0.000087 0.000087 2.051863 0.250000 0.181844
-0.000020 1.025732 1.067183 0.250000 0.211690
0.000082 1.011610 2.041854 0.250000 0.137775
-0.000025 2.022934 1.025029 0.250000 -0.008927
0.000069 2.012848 2.024103 0.250000 0.083624
-0.000027 3.010049 1.007578 0.250000 0.008293
0.000054 3.008685 2.011727 0.250000 0.059992
-0.000016 4.003241 1.002850 0.250000 0.029016
0.000045 4.004840 2.005345 0.250000 0.034925
0.999995 -5.000110 1.001221 0.250000 0.017924
1.000440 -5.001928 2.002380 0.250000 0.013624
1.000501 -4.002134 1.002739 0.250000 0.030429
1.001076 -4.004071 2.005160 0.250000 0.032883
1.002618 -3.007790 1.006781 0.250000 0.013692
1.002519 -3.007274 2.010802 0.250000 0.054411
1.008889 -2.017625 1.019078 0.250000 -0.022023
1.005400 -2.010508 2.020808 0.250000 0.072511
1.019724 -1.019735 1.047444 0.250000 0.082376
1.009436 -1.009229 2.034431 0.250000 0.107879
1.025732 -0.000020 1.067183 0.250000 0.211691
1.011610 0.000082 2.041854 0.250000 0.137774
1.019718 1.019718 1.047381 0.250000 0.086457
1.009418 1.009418 2.034324 0.250000 0.111680
1.008859 2.017686 1.018848 0.250000 -0.016057
1.005358 2.010750 2.020532 0.250000 0.078172
1.002557 3.007993 1.006340 0.250000 0.017425
1.002457 3.007528 2.010354 0.250000 0.058540
1.000503 4.002617 1.002549 0.250000 0.030488
1.001039 4.004290 2.004833 0.250000 0.033692
1.999908 -4.999796 1.000907 0.250000 0.015021
2.000639 -5.001366 2.001856 0.250000 0.010752
2.000479 -4.000981 1.001922 0.250000 0.028391
2.001544 -4.002883 2.003830 0.250000 0.026220
2.002672 -3.003937 1.004357 0.250000 0.029400
2.003408 -3.004859 2.007660 0.250000 0.046361
2.008451 -2.008378 1.009464 0.250000 -0.002255
2.006683 -2.006417 2.013625 0.250000 0.061886
2.017695 -1.008890 1.018901 0.250000 -0.019637
2.010781 -1.005200 2.020621 0.250000 0.074759
2.022934 -0.000025 1.025029 0.250000 -0.008926
2.012848 0.000069 2.024103 0.250000 0.083624
2.017686 1.008859 1.018848 0.250000 -0.016057
2.010750 1.005358 2.020532 0.250000 0.078173
2.008403 2.008403 1.009270 0.250000 0.003137
2.006611 2.006611 2.013398 0.250000 0.067074
2.002575 3.004052 1.003998 0.250000 0.033116
2.003302 3.005045 2.007307 0.250000 0.050467
2.000477 4.001301 1.001831 0.250000 0.029350
2.001478 4.003024 2.003621 0.250000 0.027747
2.999730 -4.999521 1.000575 0.250000 0.010498
3.000554 -5.000743 2.001287 0.250000 0.006892
3.000061 -4.000039 1.001031 0.250000 0.020454
3.001362 -4.001646 2.002383 0.250000 0.016406
3.001314 -3.001183 1.002285 0.250000 0.031262
3.002866 -3.002638 2.004513 0.250000 0.031515
3.004105 -2.002585 1.004143 0.250000 0.028705
3.005128 -2.003166 2.007466 0.250000 0.046097
3.008003 -1.002599 1.006381 0.250000 0.014544
3.007564 -1.002336 2.010418 0.250000 0.055725
3.010049 -0.000027 1.007578 0.250000 0.008292
3.008685 0.000054 2.011727 0.250000 0.059992
3.007993 1.002557 1.006340 0.250000 0.017424
3.007528 1.002457 2.010354 0.250000 0.058540
3.004052 2.002575 1.003998 0.250000 0.033116
3.005045 2.003302 2.007307 0.250000 0.050467
3.001208 3.001208 1.002044 0.250000 0.034624
3.002747 3.002747 2.004288 0.250000 0.035304
3.000065 4.000189 1.001083 0.250000 0.022316
3.001295 4.001706 2.002327 0.250000 0.018548
3.999595 -4.999480 1.000568 0.250000 0.007217
4.000295 -5.000303 2.000994 0.250000 0.004151
3.999716 -3.999677 1.000649 0.250000 0.011711
4.000841 -4.000783 2.001443 0.250000 0.007891
4.000280 -3.000073 1.001184 0.250000 0.019644
4.001810 -3.001236 2.002420 0.250000 0.015471
4.001352 -2.000486 1.001910 0.250000 0.026209
4.003103 -2.001382 2.003705 0.250000 0.024471
4.002629 -1.000526 1.002572 0.250000 0.028456
4.004326 -1.000943 2.004869 0.250000 0.031621
4.003241 -0.000016 1.002850 0.250000 0.029017
4.004840 0.000045 2.005345 0.250000 0.034925
4.002617 1.000503 1.002549 0.250000 0.030488
4.004290 1.001039 2.004833 0.250000 0.033692
4.001301 2.000477 1.001831 0.250000 0.029351
4.003024 2.001478 2.003621 0.250000 0.027747
4.000189 3.000065 1.001083 0.250000 0.022316
4.001706 3.001295 2.002327 0.250000 0.018548
3.999728 3.999728 1.000810 0.250000 0.013851
4.000802 4.000802 2.001518 0.250000 0.010099
0.000000 0.000000 -1.000000 0.250000 0.000000
