-5.000559 -5.000559 0.000920 0.250000 -0.102600
-5.000850 -4.000625 0.000734 0.250000 -0.122098
-5.001310 -3.000675 0.000821 0.250000 -0.140281
-5.001861 -2.000613 0.001055 0.250000 -0.158116
-5.002335 -1.000358 0.001292 0.250000 -0.172476
-5.002522 0.000066 0.001403 0.250000 -0.179130
-5.002315 1.000495 0.001333 0.250000 -0.176374
-5.001826 2.000768 0.001160 0.250000 -0.165736
-5.001288 3.000862 0.001079 0.250000 -0.149123
-5.000901 4.000864 0.001296 0.250000 -0.125579
-4.000625 -5.000850 0.000734 0.250000 -0.122098
-4.001053 -4.001053 0.000552 0.250000 -0.150946
-4.001818 -3.001283 0.000846 0.250000 -0.180343
-4.002875 -2.001321 0.001480 0.250000 -0.209652
-4.003914 -1.000876 0.002180 0.250000 -0.231572
-4.004364 0.000065 0.002510 0.250000 -0.240810
-4.003893 1.001018 0.002216 0.250000 -0.236929
-4.002837 2.001496 0.001583 0.250000 -0.220360
-4.001796 3.001519 0.001141 0.250000 -0.193289
-4.001119 4.001374 0.001261 0.250000 -0.156719
-3.000675 -5.001310 0.000821 0.250000 -0.140281
-3.001283 -4.001818 0.000846 0.250000 -0.180343
-3.002522 -3.002522 0.001752 0.250000 -0.221953
-3.004567 -2.002983 0.003679 0.250000 -0.252058
-3.006967 -1.002247 0.006233 0.250000 -0.250058
-3.008135 0.000074 0.007587 0.250000 -0.239270
-3.006946 1.002410 0.006270 0.250000 -0.256393
-3.004531 2.003196 0.003789 0.250000 -0.264797
-3.002501 3.002827 0.002082 0.250000 -0.237525
-3.001350 4.002237 0.001663 0.250000 -0.187546
-2.000613 -5.001861 0.001055 0.250000 -0.158116
-2.001321 -4.002875 0.001480 0.250000 -0.209652
-2.002983 -3.004567 0.003679 0.250000 -0.252057
-2.006344 -2.006344 0.009285 0.250000 -0.208561
-2.011110 -1.005510 0.019172 0.250000 0.030308
-2.013568 0.000085 0.025563 0.250000 0.227534
-2.011093 1.005700 0.019210 0.250000 0.023273
-2.006315 2.006600 0.009403 0.250000 -0.222595
-2.002965 3.004943 0.004043 0.250000 -0.268943
-2.001372 4.003392 0.002386 0.250000 -0.216754
-1.000358 -5.002335 0.001292 0.250000 -0.172476
-1.000876 -4.003914 0.002180 0.250000 -0.231572
-1.002247 -3.006967 0.006233 0.250000 -0.250057
-1.005510 -2.011110 0.019172 0.250000 0.030308
-1.009532 -1.009532 0.048261 0.250000 1.046508
-1.011960 0.000094 0.064692 0.250000 1.659398
-1.009523 1.009743 0.048297 0.250000 1.038854
-1.005493 2.011398 0.019295 0.250000 0.015409
-1.002234 3.007395 0.006622 0.250000 -0.267433
-1.000898 4.004507 0.003152 0.250000 -0.237764
0.000066 -5.002522 0.001403 0.250000 -0.179129
0.000065 -4.004364 0.002510 0.250000 -0.240811
0.000074 -3.008135 0.007587 0.250000 -0.239270
0.000085 -2.013568 0.025563 0.250000 0.227534
0.000094 -1.011960 0.064692 0.250000 1.659398
0.000097 0.000097 0.088713 0.250000 2.585975
0.000093 1.012177 0.064727 0.250000 1.651520
0.000085 2.013867 0.025687 0.250000 0.212349
0.000078 3.008583 0.007987 0.250000 -0.256557
0.000079 4.004985 0.003510 0.250000 -0.246161
1.000495 -5.002315 0.001333 0.250000 -0.176374
1.001018 -4.003893 0.002216 0.250000 -0.236928
1.002410 -3.006946 0.006270 0.250000 -0.256393
1.005700 -2.011093 0.019210 0.250000 0.023272
1.009743 -1.009523 0.048297 0.250000 1.038856
1.012177 0.000093 0.064727 0.250000 1.651522
1.009732 1.009732 0.048334 0.250000 1.031385
1.005682 2.011379 0.019335 0.250000 0.008774
1.002404 3.007373 0.006665 0.250000 -0.273007
1.001065 4.004484 0.003200 0.250000 -0.241774
2.000768 -5.001826 0.001160 0.250000 -0.165736
2.001496 -4.002837 0.001583 0.250000 -0.220360
2.003196 -3.004531 0.003789 0.250000 -0.264797
2.006600 -2.006315 0.009403 0.250000 -0.222594
2.011398 -1.005493 0.019295 0.250000 0.015410
2.013867 0.000085 0.025687 0.250000 0.212349
2.011379 1.005682 0.019335 0.250000 0.008774
2.006568 2.006568 0.009526 0.250000 -0.235727
2.003181 3.004902 0.004163 0.250000 -0.279965
2.001565 4.003351 0.002508 0.250000 -0.224484
3.000862 -5.001288 0.001079 0.250000 -0.149123
3.001519 -4.001796 0.001141 0.250000 -0.193290
3.002827 -3.002501 0.002082 0.250000 -0.237525
3.004943 -2.002965 0.004043 0.250000 -0.268943
3.007395 -1.002234 0.006622 0.250000 -0.267433
3.008583 0.000078 0.007987 0.250000 -0.256557
3.007373 1.002404 0.006665 0.250000 -0.273008
3.004902 2.003181 0.004163 0.250000 -0.279965
3.002802 3.002802 0.002425 0.250000 -0.249971
3.001589 4.002208 0.001966 0.250000 -0.195760
4.000864 -5.000901 0.001296 0.250000 -0.125579
4.001374 -4.001119 0.001261 0.250000 -0.156719
4.002237 -3.001350 0.001663 0.250000 -0.187546
4.003392 -2.001372 0.002386 0.250000 -0.216754
4.004507 -1.000898 0.003152 0.250000 -0.237764
4.004985 0.000079 0.003510 0.250000 -0.246161
4.004484 1.001065 0.003200 0.250000 -0.241774
4.003351 2.001565 0.002508 0.250000 -0.224484
4.002208 3.001589 0.001966 0.250000 -0.195760
4.001428 4.001428 0.001922 0.250000 -0.157338
-5.000549 -5.000549 1.001155 0.250000 -0.102763
-5.000745 -5.000745 2.001533 0.250000 -0.097751
-5.000864 -4.000722 1.001123 0.250000 -0.117414
-5.001135 -4.000971 2.001688 0.250000 -0.107242
-5.001383 -3.000853 1.001386 0.250000 -0.127999
-5.001707 -3.001102 2.002093 0.250000 -0.112076
-5.002013 -2.000799 1.001800 0.250000 -0.136700
-5.002361 -2.000996 2.002627 0.250000 -0.114023
-5.002555 -1.000480 1.002180 0.250000 -0.143149
-5.002903 -1.000587 2.003092 0.250000 -0.114772
-5.002770 0.000050 1.002345 0.250000 -0.146778
-5.003115 0.000041 2.003289 0.250000 -0.116194
-5.002541 1.000577 1.002216 0.250000 -0.147585
-5.002899 1.000663 2.003135 0.250000 -0.119166
-5.001997 2.000888 1.001895 0.250000 -0.145334
-5.002366 2.001050 2.002737 0.250000 -0.122169
-5.001401 3.000929 1.001620 0.250000 -0.138495
-5.001751 3.001129 2.002332 0.250000 -0.121610
-5.000979 4.000833 1.001640 0.250000 -0.122798
-5.001259 4.001009 2.002137 0.250000 -0.113236
-4.000722 -5.000864 1.001123 0.250000 -0.117415
-4.000971 -5.001135 2.001688 0.250000 -0.107241
-4.001233 -4.001233 1.001232 0.250000 -0.134232
-4.001572 -4.001572 2.002089 0.250000 -0.114354
-4.002122 -3.001588 1.001880 0.250000 -0.144781
-4.002486 -3.001895 2.002957 0.250000 -0.113014
-4.003317 -2.001632 1.002883 0.250000 -0.150917
-4.003607 -2.001821 2.004120 0.250000 -0.105315
-4.004462 -1.001073 1.003868 0.250000 -0.152674
-4.004605 -1.001138 2.005181 0.250000 -0.095991
-4.004951 0.000052 1.004300 0.250000 -0.154102
-4.005014 0.000047 2.005629 0.250000 -0.093351
-4.004447 1.001176 1.003895 0.250000 -0.158880
-4.004599 1.001223 2.005218 0.250000 -0.102129
-4.003297 2.001730 1.002968 0.250000 -0.163315
-4.003607 2.001882 2.004226 0.250000 -0.116953
-4.002133 3.001679 1.002129 0.250000 -0.160637
-4.002520 3.001922 2.003214 0.250000 -0.127251
-4.001346 4.001378 1.001859 0.250000 -0.143642
-4.001680 4.001610 2.002614 0.250000 -0.124396
-3.000853 -5.001383 1.001386 0.250000 -0.127999
-3.001102 -5.001707 2.002093 0.250000 -0.112076
-3.001588 -4.002122 1.001880 0.250000 -0.144781
-3.001895 -4.002486 2.002957 0.250000 -0.113014
-3.002991 -3.002991 1.003375 0.250000 -0.148992
-3.003190 -3.003190 2.004686 0.250000 -0.096981
-3.005169 -2.003423 1.005838 0.250000 -0.134950
-3.004941 -2.003289 2.007134 0.250000 -0.063088
-3.007578 -1.002485 1.008587 0.250000 -0.102477
-3.006656 -1.002190 2.009547 0.250000 -0.022373
-3.008707 0.000060 1.009894 0.250000 -0.084280
-3.007402 0.000056 2.010607 0.250000 -0.004829
-3.007563 1.002607 1.008609 0.250000 -0.110068
-3.006648 1.002293 2.009578 0.250000 -0.030024
-3.005149 2.003547 1.005917 0.250000 -0.150300
-3.004937 2.003367 2.007235 0.250000 -0.077780
-3.002997 3.003119 1.003636 0.250000 -0.169128
-3.003214 3.003231 2.004953 0.250000 -0.115422
-3.001687 4.002321 1.002579 0.250000 -0.157760
-3.001982 4.002540 2.003533 0.250000 -0.126895
-2.000799 -5.002013 1.001800 0.250000 -0.136700
-2.000996 -5.002361 2.002627 0.250000 -0.114023
-2.001632 -4.003317 1.002883 0.250000 -0.150918
-2.001821 -4.003607 2.004120 0.250000 -0.105315
-2.003423 -3.005169 1.005838 0.250000 -0.134949
-2.003289 -3.004941 2.007134 0.250000 -0.063088
-2.006708 -2.006708 1.011433 0.250000 -0.049695
-2.005508 -2.005508 2.011781 0.250000 0.025983
-2.010986 -1.005465 1.018938 0.250000 0.125465
-2.007929 -1.003935 2.016847 0.250000 0.143574
-2.013205 0.000070 1.022966 0.250000 0.234730
-2.009060 0.000065 2.019221 0.250000 0.201789
-2.010974 1.005610 1.018957 0.250000 0.116828
-2.007922 1.004058 2.016874 0.250000 0.134752
-2.006691 2.006863 1.011510 0.250000 -0.067217
-2.005503 2.005606 2.011877 0.250000 0.008940
-2.003424 3.005341 1.006109 0.250000 -0.158122
-2.003304 3.005003 2.007406 0.250000 -0.084756
-2.001706 4.003578 1.003637 0.250000 -0.166026
-2.001882 4.003683 2.004732 0.250000 -0.122047
-1.000480 -5.002555 1.002180 0.250000 -0.143148
-1.000587 -5.002903 2.003092 0.250000 -0.114772
-1.001073 -4.004462 1.003868 0.250000 -0.152674
-1.001138 -4.004605 2.005181 0.250000 -0.095990
-1.002485 -3.007578 1.008587 0.250000 -0.102477
-1.002190 -3.006656 2.009547 0.250000 -0.022373
-1.005465 -2.010986 1.018938 0.250000 0.125466
-1.003935 -2.007929 2.016847 0.250000 0.143574
-1.009827 -1.009827 1.035385 0.250000 0.629938
-1.006024 -1.006024 2.025572 0.250000 0.383451
-1.012107 0.000078 1.045108 0.250000 0.963967
-1.007058 0.000072 2.029915 0.250000 0.511745
-1.009820 1.009989 1.035401 0.250000 0.620577
-1.006020 1.006161 2.025596 0.250000 0.373893
-1.005455 2.011164 1.019012 0.250000 0.106570
-1.003932 2.008042 2.016940 0.250000 0.125082
-1.002484 3.007783 1.008866 0.250000 -0.127408
-1.002196 3.006733 2.009823 0.250000 -0.045970
-1.001109 4.004771 1.004663 0.250000 -0.168608
-1.001168 4.004699 2.005816 0.250000 -0.114269
0.000050 -5.002770 1.002345 0.250000 -0.146778
0.000041 -5.003115 2.003289 0.250000 -0.116194
0.000052 -4.004951 1.004300 0.250000 -0.154103
0.000047 -4.005014 2.005629 0.250000 -0.093351
0.000060 -3.008707 1.009894 0.250000 -0.084280
0.000056 -3.007402 2.010607 0.250000 -0.004829
0.000070 -2.013205 1.022966 0.250000 0.234730
0.000065 -2.009060 2.019221 0.250000 0.201790
0.000078 -1.012107 1.045108 0.250000 0.963968
0.000072 -1.007058 2.029915 0.250000 0.511745
0.000081 0.000081 1.058263 0.250000 1.439518
0.000074 0.000074 2.035369 0.250000 0.682087
0.000078 1.012276 1.045123 0.250000 0.954382
0.000071 1.007199 2.029939 0.250000 0.502013
0.000070 2.013391 1.023040 0.250000 0.215484
0.000064 2.009178 2.019315 0.250000 0.182981
0.000062 3.008924 1.010179 0.250000 -0.109539
0.000056 3.007485 2.010887 0.250000 -0.028782
0.000061 4.005277 1.005115 0.250000 -0.169818
0.000051 4.005114 2.006276 0.250000 -0.111710
1.000577 -5.002541 1.002216 0.250000 -0.147585
1.000663 -5.002899 2.003135 0.250000 -0.119166
1.001176 -4.004447 1.003895 0.250000 -0.158880
1.001223 -4.004599 2.005218 0.250000 -0.102128
1.002607 -3.007563 1.008609 0.250000 -0.110069
1.002293 -3.006648 2.009578 0.250000 -0.030024
1.005610 -2.010974 1.018957 0.250000 0.116828
1.004058 -2.007922 2.016874 0.250000 0.134752
1.009989 -1.009820 1.035401 0.250000 0.620577
1.006161 -1.006020 2.025596 0.250000 0.373893
1.012276 0.000078 1.045123 0.250000 0.954383
1.007199 0.000071 2.029939 0.250000 0.502013
1.009981 1.009981 1.035419 0.250000 0.611456
1.006156 1.006156 2.025623 0.250000 0.364636
1.005598 2.011150 1.019035 0.250000 0.098461
1.004053 2.008034 2.016971 0.250000 0.116895
1.002610 3.007765 1.008896 0.250000 -0.134068
1.002301 3.006724 2.009861 0.250000 -0.052592
1.001230 4.004754 1.004703 0.250000 -0.173335
1.001262 4.004692 2.005863 0.250000 -0.118986
2.000888 -5.001997 1.001895 0.250000 -0.145334
2.001050 -5.002366 2.002737 0.250000 -0.122169
2.001730 -4.003297 1.002968 0.250000 -0.163315
2.001882 -4.003607 2.004226 0.250000 -0.116953
2.003547 -3.005149 1.005917 0.250000 -0.150299
2.003367 -3.004937 2.007235 0.250000 -0.077780
2.006863 -2.006691 1.011510 0.250000 -0.067217
2.005606 -2.005503 2.011877 0.250000 0.008939
2.011164 -1.005455 1.019012 0.250000 0.106570
2.008042 -1.003932 2.016940 0.250000 0.125082
2.013391 0.000070 1.023040 0.250000 0.215484
2.009178 0.000064 2.019315 0.250000 0.182981
2.011150 1.005598 1.019035 0.250000 0.098460
2.008034 1.004053 2.016971 0.250000 0.116895
2.006843 2.006843 1.011594 0.250000 -0.083572
2.005599 2.005599 2.011982 0.250000 -0.006757
2.003551 3.005317 1.006203 0.250000 -0.171403
2.003384 3.004997 2.007520 0.250000 -0.097272
2.001821 4.003556 1.003744 0.250000 -0.175175
2.001954 4.003684 2.004853 0.250000 -0.130718
3.000929 -5.001401 1.001620 0.250000 -0.138495
3.001129 -5.001751 2.002332 0.250000 -0.121610
3.001679 -4.002133 1.002129 0.250000 -0.160637
3.001922 -4.002520 2.003214 0.250000 -0.127251
3.003119 -3.002997 1.003636 0.250000 -0.169127
3.003231 -3.003214 2.004953 0.250000 -0.115422
3.005341 -2.003424 1.006109 0.250000 -0.158122
3.005003 -2.003304 2.007406 0.250000 -0.084756
3.007783 -1.002484 1.008866 0.250000 -0.127409
3.006733 -1.002196 2.009823 0.250000 -0.045970
3.008924 0.000062 1.010179 0.250000 -0.109540
3.007485 0.000056 2.010887 0.250000 -0.028782
3.007765 1.002610 1.008896 0.250000 -0.134068
3.006724 1.002301 2.009861 0.250000 -0.052593
3.005317 2.003551 1.006203 0.250000 -0.171403
3.004997 2.003384 2.007520 0.250000 -0.097272
3.003126 3.003126 1.003916 0.250000 -0.185689
3.003259 3.003259 2.005235 0.250000 -0.130430
3.001794 4.002335 1.002845 0.250000 -0.168415
3.002025 4.002581 2.003800 0.250000 -0.136672
4.000833 -5.000979 1.001640 0.250000 -0.122797
4.001009 -5.001259 2.002137 0.250000 -0.113236
4.001378 -4.001346 1.001859 0.250000 -0.143642
4.001610 -4.001680 2.002614 0.250000 -0.124396
4.002321 -3.001687 1.002579 0.250000 -0.157759
4.002540 -3.001982 2.003533 0.250000 -0.126895
4.003578 -2.001706 1.003637 0.250000 -0.166026
4.003683 -2.001882 2.004732 0.250000 -0.122046
4.004771 -1.001109 1.004664 0.250000 -0.168607
4.004699 -1.001168 2.005816 0.250000 -0.114268
4.005277 0.000061 1.005115 0.250000 -0.169818
4.005114 0.000051 2.006276 0.250000 -0.111710
4.004754 1.001230 1.004703 0.250000 -0.173335
4.004692 1.001262 2.005863 0.250000 -0.118986
4.003556 2.001821 1.003744 0.250000 -0.175175
4.003684 2.001954 2.004853 0.250000 -0.130718
4.002335 3.001794 1.002845 0.250000 -0.168415
4.002581 3.002025 2.003800 0.250000 -0.136672
4.001501 4.001501 1.002457 0.250000 -0.147167
4.001738 4.001738 2.003123 0.250000 -0.129289
0.000000 0.000000 -1.000000 0.250000 0.000000
