-4.999660 -4.999660 0.000544 0.250000 0.006040
-4.999570 -3.999627 0.000368 0.250000 0.009696
-4.999613 -2.999721 0.000377 0.250000 0.016100
-4.999844 -1.999899 0.000351 0.250000 0.022171
-5.000185 -1.000030 0.000262 0.250000 0.025853
-5.000366 -0.000048 0.000212 0.250000 0.027202
-5.000209 0.999936 0.000259 0.250000 0.026818
-4.999859 1.999812 0.000325 0.250000 0.023738
-4.999583 2.999662 0.000379 0.250000 0.017915
-4.999555 3.999639 0.000636 0.250000 0.012805
-3.999627 -4.999570 0.000368 0.250000 0.009695
-3.999664 -3.999664 0.000103 0.250000 0.016905
-4.000170 -3.000111 -0.000088 0.250000 0.025095
-4.001412 -2.000702 -0.000571 0.250000 0.024717
-4.003068 -1.000787 -0.001196 0.250000 0.014537
-4.003906 -0.000065 -0.001483 0.250000 0.008199
-4.003095 1.000654 -0.001202 0.250000 0.015902
-4.001424 2.000575 -0.000622 0.250000 0.026951
-4.000123 3.000042 -0.000139 0.250000 0.027456
-3.999649 3.999735 0.000377 0.250000 0.020553
-2.999721 -4.999613 0.000377 0.250000 0.016100
-3.000111 -4.000170 -0.000088 0.250000 0.025095
-3.001811 -3.001811 -0.000942 0.250000 0.019557
-3.005930 -2.003978 -0.002394 0.250000 -0.026372
-3.011812 -1.004006 -0.003098 0.250000 -0.093022
-3.014931 -0.000075 -0.002877 0.250000 -0.121898
-3.011835 1.003853 -0.003101 0.250000 -0.091310
-3.005930 2.003841 -0.002453 0.250000 -0.023498
-3.001745 3.001788 -0.001022 0.250000 0.022523
-3.000093 4.000396 0.000167 0.250000 0.028922
-1.999899 -4.999844 0.000351 0.250000 0.022170
-2.000702 -4.001412 -0.000571 0.250000 0.024717
-2.003978 -3.005930 -0.002394 0.250000 -0.026372
-2.012808 -2.012808 -0.002016 0.250000 -0.153705
-2.026999 -1.013585 0.009686 0.250000 -0.213623
-2.034662 -0.000085 0.021165 0.250000 -0.178224
-2.027014 1.013413 0.009685 0.250000 -0.211585
-2.012798 2.012672 -0.002080 0.250000 -0.150346
-2.003907 3.005987 -0.002490 0.250000 -0.022996
-2.000681 4.001854 -0.000318 0.250000 0.028449
-1.000030 -5.000185 0.000262 0.250000 0.025853
-1.000787 -4.003068 -0.001196 0.250000 0.014538
-1.004006 -3.011812 -0.003098 0.250000 -0.093022
-1.013585 -2.026999 0.009686 0.250000 -0.213624
-1.026196 -1.026196 0.072230 0.250000 0.150378
-1.033889 -0.000094 0.111271 0.250000 0.427547
-1.026203 1.026009 0.072231 0.250000 0.152908
-1.013574 2.026867 0.009612 0.250000 -0.209847
-1.003961 3.011947 -0.003205 0.250000 -0.089467
-1.000771 4.003708 -0.000939 0.250000 0.017944
-0.000048 -5.000366 0.000212 0.250000 0.027202
-0.000065 -4.003906 -0.001483 0.250000 0.008199
-0.000075 -3.014931 -0.002877 0.250000 -0.121898
-0.000085 -2.034662 0.021165 0.250000 -0.178222
-0.000094 -1.033889 0.111271 0.250000 0.427546
-0.000096 -0.000096 0.171225 0.250000 0.889743
-0.000093 1.033698 0.111272 0.250000 0.430347
-0.000087 2.034534 0.021084 0.250000 -0.174213
-0.000079 3.015098 -0.002990 0.250000 -0.118310
-0.000058 4.004626 -0.001224 0.250000 0.011374
0.999936 -5.000209 0.000259 0.250000 0.026817
1.000654 -4.003095 -0.001202 0.250000 0.015901
1.003853 -3.011835 -0.003101 0.250000 -0.091310
1.013413 -2.027014 0.009685 0.250000 -0.211585
1.026009 -1.026203 0.072231 0.250000 0.152909
1.033698 -0.000093 0.111272 0.250000 0.430347
1.026017 1.026017 0.072230 0.250000 0.155469
1.013399 2.026884 0.009607 0.250000 -0.207786
1.003801 3.011970 -0.003214 0.250000 -0.087832
1.000657 4.003730 -0.000944 0.250000 0.019109
1.999812 -4.999859 0.000325 0.250000 0.023738
2.000575 -4.001424 -0.000622 0.250000 0.026951
2.003841 -3.005930 -0.002453 0.250000 -0.023498
2.012672 -2.012798 -0.002080 0.250000 -0.150347
2.026867 -1.013574 0.009612 0.250000 -0.209847
2.034534 -0.000087 0.021084 0.250000 -0.174213
2.026884 1.013399 0.009607 0.250000 -0.207786
2.012661 2.012661 -0.002154 0.250000 -0.147043
2.003770 3.005985 -0.002556 0.250000 -0.020361
2.000584 4.001857 -0.000356 0.250000 0.030326
2.999662 -4.999583 0.000379 0.250000 0.017915
3.000042 -4.000123 -0.000139 0.250000 0.027456
3.001788 -3.001745 -0.001022 0.250000 0.022523
3.005987 -2.003907 -0.002490 0.250000 -0.022996
3.011947 -1.003961 -0.003205 0.250000 -0.089468
3.015098 -0.000079 -0.002990 0.250000 -0.118310
3.011970 1.003801 -0.003214 0.250000 -0.087833
3.005985 2.003770 -0.002556 0.250000 -0.020362
3.001722 3.001722 -0.001094 0.250000 0.025124
3.000055 4.000345 0.000159 0.250000 0.030980
3.999639 -4.999555 0.000636 0.250000 0.012805
3.999735 -3.999649 0.000377 0.250000 0.020553
4.000396 -3.000093 0.000167 0.250000 0.028921
4.001854 -2.000681 -0.000318 0.250000 0.028450
4.003708 -1.000771 -0.000939 0.250000 0.017944
4.004626 -0.000058 -0.001224 0.250000 0.011373
4.003730 1.000657 -0.000944 0.250000 0.019109
4.001857 2.000584 -0.000356 0.250000 0.030326
4.000345 3.000055 0.000159 0.250000 0.030980
3.999743 3.999743 0.000677 0.250000 0.023786
-4.999442 -4.999442 1.000471 0.250000 0.001012
-4.999974 -4.999974 2.000730 0.250000 -0.001269
-4.999331 -3.999511 1.000407 0.250000 0.000787
-5.000228 -4.000246 2.000874 0.250000 -0.002094
-4.999343 -2.999657 1.000665 0.250000 0.003947
-5.000683 -3.000477 2.001334 0.250000 -0.000044
-4.999484 -1.999829 1.001028 0.250000 0.009125
-5.001256 -2.000542 2.001943 0.250000 0.004313
-4.999693 -0.999965 1.001338 0.250000 0.014095
-5.001762 -1.000364 2.002471 0.250000 0.008978
-4.999802 -0.000029 1.001465 0.250000 0.016644
-5.001965 0.000011 2.002684 0.250000 0.011594
-4.999698 0.999911 1.001339 0.250000 0.015864
-5.001743 1.000388 2.002466 0.250000 0.011029
-4.999469 1.999775 1.001002 0.250000 0.012226
-5.001209 2.000561 2.001921 0.250000 0.007979
-4.999291 2.999578 1.000638 0.250000 0.007623
-5.000615 3.000458 2.001327 0.250000 0.004461
-4.999323 3.999444 1.000612 0.250000 0.005321
-5.000200 4.000186 2.001017 0.250000 0.002720
-3.999511 -4.999331 1.000407 0.250000 0.000787
-4.000246 -5.000228 2.000874 0.250000 -0.002094
-3.999505 -3.999505 1.000580 0.250000 0.003926
-4.000747 -4.000747 2.001428 0.250000 0.000042
-3.999812 -2.999885 1.001290 0.250000 0.013226
-4.001615 -3.001230 2.002585 0.250000 0.007948
-4.000564 -2.000315 1.002190 0.250000 0.023656
-4.002779 -2.001394 2.004077 0.250000 0.019209
-4.001578 -1.000432 1.002970 0.250000 0.030035
-4.003895 -1.000966 2.005409 0.250000 0.029070
-4.002097 -0.000038 1.003293 0.250000 0.032426
-4.004371 0.000017 2.005954 0.250000 0.033748
-4.001585 1.000361 1.002961 0.250000 0.032557
-4.003872 1.001006 2.005387 0.250000 0.031901
-4.000542 2.000249 1.002121 0.250000 0.028071
-4.002719 2.001438 2.004006 0.250000 0.024232
-3.999735 2.999803 1.001167 0.250000 0.018240
-4.001519 3.001233 2.002489 0.250000 0.013966
-3.999478 3.999470 1.000724 0.250000 0.009664
-4.000681 4.000698 2.001493 0.250000 0.006207
-2.999657 -4.999343 1.000665 0.250000 0.003946
-3.000477 -5.000683 2.001334 0.250000 -0.000045
-2.999885 -3.999812 1.001290 0.250000 0.013226
-3.001230 -4.001615 2.002585 0.250000 0.007948
-3.000924 -3.000924 1.002734 0.250000 0.027232
-3.002627 -3.002627 2.004937 0.250000 0.024075
-3.003503 -2.002381 1.004695 0.250000 0.029916
-3.004763 -2.003169 2.008117 0.250000 0.041493
-3.007313 -1.002522 1.006927 0.250000 0.019035
-3.007106 -1.002355 2.011235 0.250000 0.053530
-3.009363 -0.000039 1.008116 0.250000 0.013574
-3.008198 0.000029 2.012612 0.250000 0.058762
-3.007316 1.002452 1.006912 0.250000 0.022259
-3.007079 1.002425 2.011194 0.250000 0.057082
-3.003473 2.002333 1.004589 0.250000 0.035541
-3.004694 2.003260 2.007991 0.250000 0.047724
-3.000829 3.000897 1.002513 0.250000 0.033374
-3.002515 3.002691 2.004734 0.250000 0.031273
-2.999844 3.999895 1.001322 0.250000 0.019509
-3.001141 4.001625 2.002527 0.250000 0.014848
-1.999829 -4.999484 1.001028 0.250000 0.009125
-2.000542 -5.001256 2.001943 0.250000 0.004313
-2.000315 -4.000564 1.002190 0.250000 0.023656
-2.001394 -4.002779 2.004077 0.250000 0.019209
-2.002381 -3.003503 1.004695 0.250000 0.029916
-2.003169 -3.004763 2.008117 0.250000 0.041492
-2.008210 -2.008210 1.009631 0.250000 0.000600
-2.006365 -2.006365 2.014257 0.250000 0.059003
-2.017839 -1.009048 1.018961 0.250000 -0.022049
-2.010461 -1.005220 2.021386 0.250000 0.070880
-2.023364 -0.000040 1.025163 0.250000 -0.015719
-2.012556 0.000042 2.024944 0.250000 0.078574
-2.017838 1.008983 1.018938 0.250000 -0.018250
-2.010437 1.005324 2.021325 0.250000 0.074989
-2.008176 2.008190 1.009486 0.250000 0.007087
-2.006302 2.006510 2.014076 0.250000 0.066072
-2.002288 3.003560 1.004377 0.250000 0.036590
-2.003065 3.004903 2.007802 0.250000 0.049262
-2.000273 4.000820 1.002109 0.250000 0.029721
-2.001308 4.002874 2.003884 0.250000 0.026044
-0.999965 -4.999693 1.001338 0.250000 0.014095
-1.000364 -5.001762 2.002471 0.250000 0.008978
-1.000432 -4.001578 1.002970 0.250000 0.030035
-1.000966 -4.003895 2.005409 0.250000 0.029070
-1.002522 -3.007313 1.006927 0.250000 0.019036
-1.002355 -3.007106 2.011235 0.250000 0.053530
-1.009048 -2.017839 1.018961 0.250000 -0.022049
-1.005220 -2.010461 2.021386 0.250000 0.070879
-1.020564 -1.020564 1.047985 0.250000 0.061926
-1.009342 -1.009342 2.035243 0.250000 0.099006
-1.026987 -0.000039 1.068582 0.250000 0.178336
-1.011594 0.000053 2.042863 0.250000 0.124188
-1.020561 1.020505 1.047953 0.250000 0.066175
-1.009326 1.009474 2.035167 0.250000 0.103461
-1.009025 2.017845 1.018782 0.250000 -0.015054
-1.005180 2.010650 2.021159 0.250000 0.078380
-1.002464 3.007448 1.006529 0.250000 0.025735
-1.002289 3.007311 2.010832 0.250000 0.061358
-1.000403 4.001992 1.002800 0.250000 0.035389
-1.000909 4.004066 2.005107 0.250000 0.035343
-0.000029 -4.999802 1.001465 0.250000 0.016644
0.000011 -5.001965 2.002684 0.250000 0.011594
-0.000038 -4.002097 1.003293 0.250000 0.032426
0.000017 -4.004371 2.005954 0.250000 0.033748
-0.000039 -3.009363 1.008116 0.250000 0.013575
0.000029 -3.008198 2.012612 0.250000 0.058762
-0.000040 -2.023364 1.025163 0.250000 -0.015719
0.000042 -2.012556 2.024944 0.250000 0.078574
-0.000039 -1.026987 1.068582 0.250000 0.178337
0.000053 -1.011594 2.042863 0.250000 0.124189
-0.000037 -0.000037 1.098539 0.250000 0.375951
0.000057 0.000057 2.053069 0.250000 0.165782
-0.000038 1.026934 1.068545 0.250000 0.182775
0.000054 1.011738 2.042780 0.250000 0.128740
-0.000040 2.023382 1.024967 0.250000 -0.008573
0.000043 2.012763 2.024698 0.250000 0.086147
-0.000041 3.009530 1.007685 0.250000 0.020151
0.000031 3.008429 2.012174 0.250000 0.066450
-0.000030 4.002573 1.003088 0.250000 0.037296
0.000024 4.004571 2.005609 0.250000 0.039583
0.999911 -4.999698 1.001339 0.250000 0.015864
1.000388 -5.001743 2.002466 0.250000 0.011029
1.000361 -4.001585 1.002961 0.250000 0.032558
1.001006 -4.003872 2.005387 0.250000 0.031901
1.002452 -3.007316 1.006912 0.250000 0.022260
1.002425 -3.007079 2.011194 0.250000 0.057082
1.008983 -2.017838 1.018938 0.250000 -0.018251
1.005324 -2.010437 2.021325 0.250000 0.074989
1.020505 -1.020561 1.047953 0.250000 0.066174
1.009474 -1.009326 2.035167 0.250000 0.103461
1.026934 -0.000038 1.068545 0.250000 0.182774
1.011738 0.000054 2.042780 0.250000 0.128737
1.020504 1.020504 1.047919 0.250000 0.070392
1.009460 1.009460 2.035089 0.250000 0.107826
1.008959 2.017846 1.018754 0.250000 -0.011365
1.005287 2.010626 2.021096 0.250000 0.082286
1.002391 3.007450 1.006509 0.250000 0.028710
1.002364 3.007283 2.010789 0.250000 0.064574
1.000349 4.001992 1.002792 0.250000 0.037530
1.000962 4.004039 2.005087 0.250000 0.037733
1.999775 -4.999469 1.001002 0.250000 0.012227
2.000561 -5.001209 2.001921 0.250000 0.007979
2.000249 -4.000542 1.002121 0.250000 0.028071
2.001438 -4.002719 2.004006 0.250000 0.024232
2.002333 -3.003473 1.004589 0.250000 0.035540
2.003260 -3.004694 2.007991 0.250000 0.047724
2.008190 -2.008176 1.009486 0.250000 0.007087
2.006510 -2.006302 2.014076 0.250000 0.066072
2.017845 -1.009025 1.018782 0.250000 -0.015054
2.010650 -1.005180 2.021159 0.250000 0.078379
2.023382 -0.000040 1.024967 0.250000 -0.008573
2.012763 0.000043 2.024698 0.250000 0.086147
2.017846 1.008959 1.018754 0.250000 -0.011365
2.010626 1.005287 2.021096 0.250000 0.082286
2.008155 2.008155 1.009333 0.250000 0.013271
2.006446 2.006446 2.013891 0.250000 0.072694
2.002238 3.003524 1.004266 0.250000 0.041636
2.003156 3.004831 2.007679 0.250000 0.054785
2.000229 4.000788 1.002055 0.250000 0.033374
2.001363 4.002809 2.003826 0.250000 0.030191
2.999578 -4.999291 1.000638 0.250000 0.007622
3.000458 -5.000615 2.001327 0.250000 0.004461
2.999803 -3.999735 1.001167 0.250000 0.018240
3.001233 -4.001519 2.002489 0.250000 0.013965
3.000897 -3.000829 1.002513 0.250000 0.033374
3.002691 -3.002515 2.004734 0.250000 0.031273
3.003560 -2.002288 1.004377 0.250000 0.036590
3.004903 -2.003065 2.007802 0.250000 0.049262
3.007448 -1.002464 1.006529 0.250000 0.025735
3.007311 -1.002289 2.010832 0.250000 0.061358
3.009530 -0.000041 1.007685 0.250000 0.020150
3.008429 0.000031 2.012174 0.250000 0.066449
3.007450 1.002391 1.006509 0.250000 0.028711
3.007283 1.002364 2.010789 0.250000 0.064573
3.003524 2.002238 1.004266 0.250000 0.041636
3.004831 2.003156 2.007679 0.250000 0.054785
3.000799 3.000799 1.002304 0.250000 0.038616
3.002578 3.002578 2.004545 0.250000 0.037417
2.999791 3.999816 1.001245 0.250000 0.023542
3.001160 4.001530 2.002462 0.250000 0.019634
3.999444 -4.999323 1.000612 0.250000 0.005321
4.000186 -5.000200 2.001017 0.250000 0.002719
3.999470 -3.999478 1.000724 0.250000 0.009664
4.000698 -4.000681 2.001493 0.250000 0.006207
3.999895 -2.999844 1.001322 0.250000 0.019509
4.001625 -3.001141 2.002527 0.250000 0.014848
4.000820 -2.000273 1.002109 0.250000 0.029721
4.002874 -2.001308 2.003884 0.250000 0.026044
4.001992 -1.000403 1.002800 0.250000 0.035389
4.004066 -1.000909 2.005107 0.250000 0.035343
4.002573 -0.000030 1.003088 0.250000 0.037296
4.004571 0.000024 2.005609 0.250000 0.039583
4.001992 1.000349 1.002792 0.250000 0.037530
4.004039 1.000962 2.005087 0.250000 0.037733
4.000788 2.000229 1.002055 0.250000 0.033374
4.002809 2.001363 2.003826 0.250000 0.030191
3.999816 2.999791 1.001245 0.250000 0.023542
4.001530 3.001160 2.002462 0.250000 0.019634
3.999473 3.999473 1.000909 0.250000 0.014207
4.000658 4.000658 2.001594 0.250000 0.010920
0.000000 0.000000 -1.000000 0.250000 0.000000
