-5.000464 -5.000464 0.000480 0.250000 -0.054676
-5.000750 -4.000534 0.000211 0.250000 -0.064846
-5.001239 -3.000609 0.000206 0.250000 -0.077935
-5.001844 -2.000585 0.000337 0.250000 -0.094225
-5.002375 -1.000357 0.000485 0.250000 -0.108960
-5.002585 0.000055 0.000555 0.250000 -0.116044
-5.002349 1.000475 0.000502 0.250000 -0.113009
-5.001797 2.000726 0.000391 0.250000 -0.102844
-5.001202 3.000796 0.000396 0.250000 -0.090377
-5.000804 4.000792 0.000718 0.250000 -0.076663
-4.000534 -5.000750 0.000211 0.250000 -0.064846
-4.000973 -4.000973 -0.000104 0.250000 -0.082499
-4.001819 -3.001267 0.000024 0.250000 -0.108561
-4.003030 -2.001384 0.000464 0.250000 -0.141946
-4.004251 -1.000958 0.001004 0.250000 -0.171258
-4.004785 0.000049 0.001264 0.250000 -0.184154
-4.004224 1.001069 0.001008 0.250000 -0.176451
-4.002979 2.001539 0.000499 0.250000 -0.153330
-4.001780 3.001507 0.000223 0.250000 -0.125603
-4.001046 4.001331 0.000527 0.250000 -0.099073
-3.000609 -5.001239 0.000206 0.250000 -0.077934
-3.001267 -4.001819 0.000024 0.250000 -0.108561
-3.002699 -3.002699 0.000657 0.250000 -0.155847
-3.005151 -2.003368 0.002317 0.250000 -0.208733
-3.008087 -1.002627 0.004772 0.250000 -0.236542
-3.009529 0.000055 0.006138 0.250000 -0.239861
-3.008061 1.002757 0.004771 0.250000 -0.242534
-3.005101 2.003565 0.002346 0.250000 -0.222035
-3.002663 3.003022 0.000873 0.250000 -0.176073
-3.001343 4.002305 0.000746 0.250000 -0.128569
-2.000585 -5.001844 0.000337 0.250000 -0.094226
-2.001384 -4.003030 0.000464 0.250000 -0.141946
-2.003368 -3.005151 0.002317 0.250000 -0.208732
-2.007513 -2.007513 0.007960 0.250000 -0.225900
-2.013484 -1.006707 0.019003 0.250000 -0.063100
-2.016584 0.000066 0.026444 0.250000 0.097262
-2.013463 1.006865 0.018999 0.250000 -0.069708
-2.007472 2.007759 0.007989 0.250000 -0.240546
-2.003336 3.005563 0.002556 0.250000 -0.230894
-2.001440 4.003649 0.001270 0.250000 -0.163572
-1.000357 -5.002375 0.000485 0.250000 -0.108960
-1.000958 -4.004251 0.001004 0.250000 -0.171259
-1.002627 -3.008087 0.004772 0.250000 -0.236542
-1.006707 -2.013484 0.019003 0.250000 -0.063101
-1.011790 -1.011790 0.053694 0.250000 0.815884
-1.014862 0.000075 0.073565 0.250000 1.363157
-1.011778 1.011971 0.053684 0.250000 0.808708
-1.006683 2.013768 0.019031 0.250000 -0.078735
-1.002605 3.008568 0.005032 0.250000 -0.259755
-1.000980 4.004973 0.001876 0.250000 -0.193306
0.000055 -5.002585 0.000555 0.250000 -0.116044
0.000049 -4.004785 0.001264 0.250000 -0.184153
0.000055 -3.009529 0.006138 0.250000 -0.239861
0.000066 -2.016584 0.026444 0.250000 0.097262
0.000075 -1.014862 0.073565 0.250000 1.363156
0.000079 0.000079 0.102834 0.250000 2.202905
0.000075 1.015051 0.073553 0.250000 1.355728
0.000066 2.016882 0.026470 0.250000 0.081204
0.000061 3.010036 0.006408 0.250000 -0.263342
0.000069 4.005545 0.002167 0.250000 -0.206043
1.000475 -5.002349 0.000502 0.250000 -0.113009
1.001069 -4.004224 0.001008 0.250000 -0.176452
1.002757 -3.008061 0.004771 0.250000 -0.242533
1.006865 -2.013463 0.018999 0.250000 -0.069708
1.011971 -1.011778 0.053684 0.250000 0.808708
1.015051 0.000075 0.073553 0.250000 1.355729
1.011958 1.011958 0.053676 0.250000 0.801579
1.006842 2.013745 0.019031 0.250000 -0.085210
1.002746 3.008540 0.005039 0.250000 -0.265403
1.001129 4.004943 0.001897 0.250000 -0.197713
2.000726 -5.001797 0.000391 0.250000 -0.102844
2.001539 -4.002979 0.000499 0.250000 -0.153329
2.003565 -3.005101 0.002346 0.250000 -0.222034
2.007759 -2.007472 0.007989 0.250000 -0.240545
2.013768 -1.006683 0.019031 0.250000 -0.078735
2.016882 0.000066 0.026470 0.250000 0.081203
2.013745 1.006842 0.019031 0.250000 -0.085210
2.007717 2.007717 0.008027 0.250000 -0.254816
2.003539 3.005509 0.002603 0.250000 -0.243244
2.001624 4.003594 0.001338 0.250000 -0.172924
3.000796 -5.001202 0.000396 0.250000 -0.090377
3.001507 -4.001780 0.000223 0.250000 -0.125603
3.003022 -3.002663 0.000873 0.250000 -0.176073
3.005563 -2.003336 0.002556 0.250000 -0.230895
3.008568 -1.002605 0.005032 0.250000 -0.259755
3.010036 0.000061 0.006408 0.250000 -0.263342
3.008540 1.002746 0.005039 0.250000 -0.265403
3.005509 2.003539 0.002603 0.250000 -0.243245
3.002984 3.002984 0.001117 0.250000 -0.194123
3.001593 4.002260 0.000980 0.250000 -0.141707
4.000792 -5.000804 0.000718 0.250000 -0.076663
4.001331 -4.001046 0.000527 0.250000 -0.099073
4.002305 -3.001343 0.000746 0.250000 -0.128568
4.003649 -2.001440 0.001270 0.250000 -0.163572
4.004973 -1.000980 0.001876 0.250000 -0.193306
4.005545 0.000069 0.002167 0.250000 -0.206044
4.004943 1.001129 0.001897 0.250000 -0.197714
4.003594 2.001624 0.001338 0.250000 -0.172924
4.002260 3.001593 0.000980 0.250000 -0.141707
4.001395 4.001395 0.001142 0.250000 -0.110383
-5.000412 -5.000412 1.000701 0.250000 -0.058289
-5.000647 -5.000647 2.001092 0.250000 -0.057653
-5.000709 -4.000590 1.000608 0.250000 -0.065380
-5.001045 -4.000895 2.001209 0.250000 -0.061902
-5.001236 -3.000746 1.000821 0.250000 -0.072338
-5.001647 -3.001052 2.001593 0.250000 -0.064588
-5.001891 -2.000728 1.001183 0.250000 -0.080445
-5.002344 -2.000968 2.002113 0.250000 -0.066865
-5.002464 -1.000446 1.001521 0.250000 -0.087703
-5.002925 -1.000570 2.002568 0.250000 -0.068924
-5.002689 0.000053 1.001661 0.250000 -0.091845
-5.003149 0.000060 2.002753 0.250000 -0.071092
-5.002439 1.000551 1.001528 0.250000 -0.092263
-5.002908 1.000682 2.002582 0.250000 -0.073744
-5.001853 2.000826 1.001221 0.250000 -0.090079
-5.002324 2.001055 2.002167 0.250000 -0.076527
-5.001226 3.000831 1.000976 0.250000 -0.086365
-5.001661 3.001103 2.001758 0.250000 -0.077954
-5.000813 4.000714 1.001061 0.250000 -0.078784
-5.001147 4.000947 2.001593 0.250000 -0.075120
-4.000590 -5.000709 1.000608 0.250000 -0.065380
-4.000895 -5.001045 2.001209 0.250000 -0.061902
-4.001093 -4.001093 1.000649 0.250000 -0.073436
-4.001523 -4.001523 2.001587 0.250000 -0.063663
-4.002025 -3.001500 1.001239 0.250000 -0.082050
-4.002504 -3.001895 2.002463 0.250000 -0.062166
-4.003319 -2.001613 1.002189 0.250000 -0.092116
-4.003727 -2.001857 2.003656 0.250000 -0.058671
-4.004585 -1.001091 1.003139 0.250000 -0.100037
-4.004827 -1.001168 2.004751 0.250000 -0.054763
-4.005129 0.000053 1.003551 0.250000 -0.104357
-4.005276 0.000069 2.005205 0.250000 -0.054618
-4.004559 1.001199 1.003129 0.250000 -0.106066
-4.004807 1.001299 2.004749 0.250000 -0.061188
-4.003276 2.001721 1.002194 0.250000 -0.105227
-4.003700 2.001961 2.003684 0.250000 -0.071814
-4.002009 3.001607 1.001375 0.250000 -0.101920
-4.002507 3.001955 2.002615 0.250000 -0.080871
-4.001200 4.001264 1.001177 0.250000 -0.093106
-4.001610 4.001581 2.002015 0.250000 -0.082714
-3.000746 -5.001236 1.000821 0.250000 -0.072338
-3.001052 -5.001647 2.001593 0.250000 -0.064587
-3.001500 -4.002025 1.001239 0.250000 -0.082050
-3.001895 -4.002504 2.002463 0.250000 -0.062166
-3.003028 -3.003028 1.002687 0.250000 -0.091405
-3.003312 -3.003312 2.004267 0.250000 -0.051626
-3.005492 -2.003629 1.005167 0.250000 -0.095254
-3.005269 -2.003492 2.006866 0.250000 -0.031516
-3.008290 -1.002717 1.008026 0.250000 -0.085331
-3.007215 -1.002353 2.009464 0.250000 -0.006472
-3.009617 0.000063 1.009403 0.250000 -0.077603
-3.008067 0.000083 2.010603 0.250000 0.004015
-3.008265 1.002848 1.008003 0.250000 -0.092572
-3.007195 1.002512 2.009447 0.250000 -0.014341
-3.005451 2.003772 1.005149 0.250000 -0.111233
-3.005242 2.003624 2.006870 0.250000 -0.047807
-3.003010 3.003186 1.002807 0.250000 -0.116142
-3.003308 3.003399 2.004400 0.250000 -0.075220
-3.001597 4.002272 1.001811 0.250000 -0.107193
-3.001964 4.002588 2.002913 0.250000 -0.086679
-2.000728 -5.001891 1.001183 0.250000 -0.080445
-2.000968 -5.002344 2.002113 0.250000 -0.066865
-2.001613 -4.003319 1.002189 0.250000 -0.092116
-2.001857 -4.003727 2.003656 0.250000 -0.058671
-2.003629 -3.005492 1.005167 0.250000 -0.095254
-2.003492 -3.005269 2.006866 0.250000 -0.031516
-2.007488 -2.007488 1.011105 0.250000 -0.055660
-2.006027 -2.006027 2.011935 0.250000 0.027170
-2.012648 -1.006297 1.019457 0.250000 0.063720
-2.008851 -1.004380 2.017580 0.250000 0.110581
-2.015357 0.000075 1.024044 0.250000 0.146740
-2.010182 0.000097 2.020247 0.250000 0.153273
-2.012629 1.006457 1.019424 0.250000 0.055506
-2.008835 1.004567 2.017552 0.250000 0.101542
-2.007455 2.007671 1.011071 0.250000 -0.073892
-2.006005 2.006191 2.011919 0.250000 0.008339
-2.003612 3.005710 1.005275 0.250000 -0.123708
-2.003486 3.005389 2.006983 0.250000 -0.059038
-2.001685 4.003652 1.002797 0.250000 -0.121095
-2.001906 4.003845 2.004118 0.250000 -0.087476
-1.000446 -5.002464 1.001521 0.250000 -0.087703
-1.000570 -5.002925 2.002568 0.250000 -0.068924
-1.001091 -4.004585 1.003139 0.250000 -0.100036
-1.001168 -4.004827 2.004751 0.250000 -0.054763
-1.002717 -3.008290 1.008026 0.250000 -0.085332
-1.002353 -3.007215 2.009464 0.250000 -0.006473
-1.006297 -2.012648 1.019457 0.250000 0.063721
-1.004380 -2.008851 2.017580 0.250000 0.110580
-1.011663 -1.011663 1.038578 0.250000 0.471088
-1.006860 -1.006860 2.027542 0.250000 0.294947
-1.014495 0.000085 1.050137 0.250000 0.758595
-1.008102 0.000106 2.032561 0.250000 0.397740
-1.011653 1.011846 1.038538 0.250000 0.462149
-1.006852 1.007068 2.027507 0.250000 0.285125
-1.006279 2.012862 1.019411 0.250000 0.043946
-1.004368 2.009038 2.017552 0.250000 0.090084
-1.002705 3.008555 1.008130 0.250000 -0.116173
-1.002349 3.007360 2.009571 0.250000 -0.036528
-1.001125 4.004986 1.003778 0.250000 -0.131193
-1.001192 4.004972 2.005224 0.250000 -0.086233
0.000053 -5.002689 1.001661 0.250000 -0.091845
0.000060 -5.003149 2.002753 0.250000 -0.071092
0.000053 -4.005129 1.003551 0.250000 -0.104358
0.000069 -4.005276 2.005205 0.250000 -0.054618
0.000063 -3.009617 1.009403 0.250000 -0.077601
0.000083 -3.008067 2.010603 0.250000 0.004015
0.000075 -2.015357 1.024044 0.250000 0.146740
0.000097 -2.010182 2.020247 0.250000 0.153273
0.000085 -1.014495 1.050137 0.250000 0.758595
0.000106 -1.008102 2.032561 0.250000 0.397741
0.000089 0.000089 1.065941 0.250000 1.177603
0.000110 0.000110 2.038928 0.250000 0.537878
0.000084 1.014685 1.050094 0.250000 0.749382
0.000105 1.008316 2.032524 0.250000 0.387680
0.000074 2.015581 1.023996 0.250000 0.126445
0.000094 2.010377 2.020216 0.250000 0.132285
0.000065 3.009899 1.009509 0.250000 -0.109160
0.000082 3.008221 2.010710 0.250000 -0.026748
0.000066 4.005556 1.004208 0.250000 -0.135992
0.000073 4.005432 2.005687 0.250000 -0.086730
1.000551 -5.002439 1.001528 0.250000 -0.092263
1.000682 -5.002908 2.002582 0.250000 -0.073745
1.001199 -4.004559 1.003128 0.250000 -0.106066
1.001299 -4.004807 2.004749 0.250000 -0.061187
1.002848 -3.008265 1.008003 0.250000 -0.092572
1.002512 -3.007195 2.009447 0.250000 -0.014341
1.006457 -2.012629 1.019424 0.250000 0.055506
1.004567 -2.008835 2.017552 0.250000 0.101542
1.011846 -1.011653 1.038538 0.250000 0.462150
1.007068 -1.006852 2.027507 0.250000 0.285125
1.014685 0.000084 1.050094 0.250000 0.749381
1.008316 0.000105 2.032524 0.250000 0.387680
1.011832 1.011832 1.038501 0.250000 0.453309
1.007057 1.007057 2.027475 0.250000 0.275470
1.006436 2.012839 1.019385 0.250000 0.035973
1.004550 2.009019 2.017531 0.250000 0.081423
1.002840 3.008526 1.008118 0.250000 -0.122910
1.002506 3.007338 2.009566 0.250000 -0.043726
1.001257 4.004957 1.003787 0.250000 -0.136298
1.001330 4.004951 2.005238 0.250000 -0.091659
2.000826 -5.001853 1.001221 0.250000 -0.090079
2.001055 -5.002324 2.002167 0.250000 -0.076526
2.001721 -4.003276 1.002194 0.250000 -0.105227
2.001961 -4.003700 2.003684 0.250000 -0.071814
2.003772 -3.005451 1.005149 0.250000 -0.111232
2.003624 -3.005242 2.006870 0.250000 -0.047807
2.007671 -2.007455 1.011071 0.250000 -0.073892
2.006191 -2.006005 2.011919 0.250000 0.008338
2.012862 -1.006279 1.019411 0.250000 0.043946
2.009038 -1.004368 2.017552 0.250000 0.090084
2.015581 0.000074 1.023996 0.250000 0.126445
2.010377 0.000094 2.020216 0.250000 0.132286
2.012839 1.006436 1.019385 0.250000 0.035972
2.009019 1.004550 2.017531 0.250000 0.081423
2.007634 2.007634 1.011050 0.250000 -0.091512
2.006164 2.006164 2.011918 0.250000 -0.009625
2.003756 3.005663 1.005282 0.250000 -0.138400
2.003617 3.005357 2.007011 0.250000 -0.073791
2.001815 4.003606 1.002841 0.250000 -0.131895
2.002019 4.003818 2.004177 0.250000 -0.098346
3.000831 -5.001226 1.000976 0.250000 -0.086366
3.001103 -5.001661 2.001758 0.250000 -0.077953
3.001607 -4.002009 1.001375 0.250000 -0.101919
3.001955 -4.002507 2.002615 0.250000 -0.080871
3.003186 -3.003010 1.002807 0.250000 -0.116142
3.003399 -3.003308 2.004400 0.250000 -0.075220
3.005710 -2.003612 1.005275 0.250000 -0.123708
3.005389 -2.003486 2.006983 0.250000 -0.059038
3.008555 -1.002705 1.008130 0.250000 -0.116173
3.007360 -1.002349 2.009571 0.250000 -0.036526
3.009899 0.000065 1.009509 0.250000 -0.109159
3.008221 0.000082 2.010710 0.250000 -0.026747
3.008526 1.002840 1.008118 0.250000 -0.122910
3.007338 1.002506 2.009566 0.250000 -0.043726
3.005663 2.003756 1.005282 0.250000 -0.138400
3.005357 2.003617 2.007011 0.250000 -0.073791
3.003167 3.003167 1.002963 0.250000 -0.138266
3.003395 3.003395 2.004567 0.250000 -0.096124
3.001721 4.002257 1.001993 0.250000 -0.122722
3.002039 4.002597 2.003100 0.250000 -0.101550
4.000714 -5.000813 1.001061 0.250000 -0.078784
4.000947 -5.001147 2.001593 0.250000 -0.075120
4.001264 -4.001200 1.001177 0.250000 -0.093106
4.001581 -4.001610 2.002015 0.250000 -0.082714
4.002272 -3.001597 1.001811 0.250000 -0.107193
4.002588 -3.001964 2.002913 0.250000 -0.086679
4.003652 -2.001685 1.002797 0.250000 -0.121096
4.003845 -2.001906 2.004118 0.250000 -0.087476
4.004986 -1.001125 1.003778 0.250000 -0.131192
4.004972 -1.001192 2.005224 0.250000 -0.086232
4.005556 0.000066 1.004208 0.250000 -0.135991
4.005432 0.000073 2.005687 0.250000 -0.086731
4.004957 1.001257 1.003787 0.250000 -0.136299
4.004951 1.001330 2.005238 0.250000 -0.091658
4.003606 2.001815 1.002841 0.250000 -0.131894
4.003818 2.002019 2.004177 0.250000 -0.098346
4.002257 3.001721 1.001993 0.250000 -0.122723
4.002597 3.002039 2.003100 0.250000 -0.101550
4.001382 4.001382 1.001714 0.250000 -0.106939
4.001688 4.001688 2.002459 0.250000 -0.096753
0.000000 0.000000 -1.000000 0.250000 0.000000
