-4.999620 -4.999620 0.000588 0.250000 0.000101
-4.999411 -3.999533 0.000458 0.250000 0.002249
-4.999248 -2.999569 0.000571 0.250000 0.008492
-4.999254 -1.999734 0.000659 0.250000 0.016194
-4.999430 -0.999921 0.000650 0.250000 0.022177
-4.999557 -0.000049 0.000631 0.250000 0.024457
-4.999472 0.999819 0.000659 0.250000 0.022696
-4.999305 1.999620 0.000652 0.250000 0.017083
-4.999250 2.999454 0.000599 0.250000 0.009842
-4.999375 3.999448 0.000782 0.250000 0.005770
-3.999533 -4.999411 0.000458 0.250000 0.002249
-3.999406 -3.999406 0.000307 0.250000 0.009046
-3.999657 -2.999775 0.000285 0.250000 0.021238
-4.000683 -2.000394 -0.000132 0.250000 0.028821
-4.002262 -1.000613 -0.000854 0.250000 0.026078
-4.003104 -0.000057 -0.001220 0.250000 0.022362
-4.002308 1.000487 -0.000844 0.250000 0.026755
-4.000734 2.000241 -0.000156 0.250000 0.030022
-3.999641 2.999624 0.000268 0.250000 0.022973
-3.999358 3.999332 0.000651 0.250000 0.013611
-2.999569 -4.999248 0.000571 0.250000 0.008492
-2.999775 -3.999657 0.000285 0.250000 0.021238
-3.001299 -3.001299 -0.000546 0.250000 0.028143
-3.005572 -2.003762 -0.002606 0.250000 -0.003060
-3.012030 -1.004097 -0.004318 0.250000 -0.062624
-3.015521 -0.000066 -0.004555 0.250000 -0.090873
-3.012071 1.003946 -0.004301 0.250000 -0.061782
-3.005609 2.003579 -0.002629 0.250000 -0.001435
-3.001257 3.001153 -0.000581 0.250000 0.030607
-2.999717 3.999682 0.000622 0.250000 0.026939
-1.999734 -4.999254 0.000659 0.250000 0.016193
-2.000394 -4.000683 -0.000132 0.250000 0.028821
-2.003762 -3.005572 -0.002606 0.250000 -0.003060
-2.013633 -2.013633 -0.004205 0.250000 -0.122634
-2.029964 -1.015085 0.006383 0.250000 -0.199099
-2.038858 -0.000081 0.018297 0.250000 -0.178409
-2.029995 1.014901 0.006407 0.250000 -0.198069
-2.013652 2.013424 -0.004227 0.250000 -0.120639
-2.003708 3.005464 -0.002647 0.250000 0.000089
-2.000341 4.000880 0.000211 0.250000 0.035569
-0.999921 -4.999430 0.000650 0.250000 0.022177
-1.000613 -4.002262 -0.000854 0.250000 0.026078
-1.004097 -3.012030 -0.004318 0.250000 -0.062624
-1.015085 -2.029964 0.006383 0.250000 -0.199099
-1.029712 -1.029712 0.074144 0.250000 0.096938
-1.038649 -0.000095 0.117248 0.250000 0.332051
-1.029728 1.029500 0.074177 0.250000 0.098382
-1.015091 2.029736 0.006360 0.250000 -0.196703
-1.004061 3.011969 -0.004364 0.250000 -0.059016
-1.000585 4.002632 -0.000504 0.250000 0.033432
-0.000049 -4.999557 0.000631 0.250000 0.024458
-0.000057 -4.003104 -0.001220 0.250000 0.022362
-0.000066 -3.015521 -0.004555 0.250000 -0.090873
-0.000081 -2.038858 0.018297 0.250000 -0.178409
-0.000095 -1.038649 0.117248 0.250000 0.332051
-0.000100 -0.000100 0.184041 0.250000 0.731380
-0.000093 1.038427 0.117284 0.250000 0.333771
-0.000082 2.038626 0.018270 0.250000 -0.175722
-0.000074 3.015485 -0.004606 0.250000 -0.087061
-0.000064 4.003548 -0.000868 0.250000 0.029917
0.999819 -4.999472 0.000659 0.250000 0.022696
1.000487 -4.002308 -0.000844 0.250000 0.026755
1.003946 -3.012071 -0.004301 0.250000 -0.061783
1.014901 -2.029995 0.006407 0.250000 -0.198069
1.029500 -1.029728 0.074177 0.250000 0.098384
1.038427 -0.000093 0.117284 0.250000 0.333771
1.029519 1.029519 0.074208 0.250000 0.099897
1.014906 2.029772 0.006380 0.250000 -0.195568
1.003897 3.012015 -0.004353 0.250000 -0.058090
1.000449 4.002677 -0.000494 0.250000 0.034169
1.999620 -4.999305 0.000652 0.250000 0.017083
2.000241 -4.000734 -0.000156 0.250000 0.030022
2.003579 -3.005609 -0.002629 0.250000 -0.001435
2.013424 -2.013652 -0.004227 0.250000 -0.120640
2.029736 -1.015091 0.006360 0.250000 -0.196703
2.038626 -0.000082 0.018270 0.250000 -0.175723
2.029772 1.014906 0.006380 0.250000 -0.195568
2.013444 2.013444 -0.004256 0.250000 -0.118514
2.003520 3.005503 -0.002678 0.250000 0.001798
2.000196 4.000927 0.000200 0.250000 0.036909
2.999454 -4.999250 0.000599 0.250000 0.009842
2.999624 -3.999641 0.000268 0.250000 0.022973
3.001153 -3.001257 -0.000581 0.250000 0.030607
3.005464 -2.003708 -0.002647 0.250000 0.000090
3.011969 -1.004061 -0.004364 0.250000 -0.059014
3.015485 -0.000074 -0.004606 0.250000 -0.087061
3.012015 1.003897 -0.004353 0.250000 -0.058090
3.005503 2.003520 -0.002678 0.250000 0.001797
3.001112 3.001112 -0.000608 0.250000 0.033208
2.999588 3.999665 0.000649 0.250000 0.029081
3.999448 -4.999375 0.000782 0.250000 0.005770
3.999332 -3.999358 0.000651 0.250000 0.013611
3.999682 -2.999717 0.000622 0.250000 0.026940
4.000880 -2.000341 0.000211 0.250000 0.035569
4.002632 -1.000585 -0.000504 0.250000 0.033432
4.003548 -0.000064 -0.000868 0.250000 0.029917
4.002677 1.000449 -0.000494 0.250000 0.034169
4.000927 2.000196 0.000200 0.250000 0.036909
3.999665 2.999588 0.000649 0.250000 0.029081
3.999308 3.999308 0.001021 0.250000 0.018584
-4.999290 -4.999290 1.000441 0.250000 -0.004224
-4.999818 -4.999818 2.000666 0.250000 -0.006342
-4.999046 -3.999320 1.000354 0.250000 -0.006696
-5.000007 -4.000099 2.000778 0.250000 -0.009229
-4.998854 -2.999436 1.000652 0.250000 -0.004984
-5.000385 -3.000356 2.001260 0.250000 -0.008628
-4.998767 -1.999620 1.001100 0.250000 0.000235
-5.000888 -2.000461 2.001937 0.250000 -0.004620
-4.998795 -0.999840 1.001500 0.250000 0.006135
-5.001346 -1.000339 2.002544 0.250000 0.000396
-4.998840 -0.000047 1.001671 0.250000 0.009057
-5.001538 -0.000030 2.002801 0.250000 0.003175
-4.998821 0.999746 1.001525 0.250000 0.007459
-5.001347 1.000280 2.002571 0.250000 0.002254
-4.998790 1.999513 1.001120 0.250000 0.002836
-5.000876 2.000395 2.001975 0.250000 -0.000963
-4.998839 2.999282 1.000687 0.250000 -0.001222
-5.000353 3.000247 2.001333 0.250000 -0.003412
-4.999036 3.999150 1.000645 0.250000 -0.000968
-4.999996 3.999946 2.001017 0.250000 -0.002735
-3.999320 -4.999046 1.000354 0.250000 -0.006696
-4.000099 -5.000007 2.000778 0.250000 -0.009229
-3.999138 -3.999138 1.000556 0.250000 -0.006209
-4.000542 -4.000542 2.001344 0.250000 -0.009717
-3.999153 -2.999442 1.001422 0.250000 0.003627
-4.001331 -3.001056 2.002625 0.250000 -0.002419
-3.999564 -1.999883 1.002528 0.250000 0.018371
-4.002407 -2.001267 2.004315 0.250000 0.010704
-4.000311 -1.000165 1.003455 0.250000 0.029761
-4.003449 -1.000912 2.005828 0.250000 0.023152
-4.000738 -0.000053 1.003834 0.250000 0.034041
-4.003901 -0.000030 2.006458 0.250000 0.028873
-4.000338 1.000057 1.003483 0.250000 0.031679
-4.003446 1.000857 2.005850 0.250000 0.025781
-3.999583 1.999758 1.002526 0.250000 0.022181
-4.002382 2.001211 2.004328 0.250000 0.015890
-3.999111 2.999261 1.001385 0.250000 0.009065
-4.001270 3.000951 2.002639 0.250000 0.004945
-3.999097 3.998959 1.000814 0.250000 0.001788
-4.000488 4.000375 2.001537 0.250000 -0.000683
-2.999436 -4.998854 1.000652 0.250000 -0.004984
-3.000356 -5.000385 2.001260 0.250000 -0.008628
-2.999442 -3.999153 1.001422 0.250000 0.003627
-3.001056 -4.001331 2.002625 0.250000 -0.002419
-3.000119 -3.000119 1.003150 0.250000 0.024283
-3.002362 -3.002362 2.005259 0.250000 0.016291
-3.002354 -2.001656 1.005250 0.250000 0.038018
-3.004375 -2.002945 2.008769 0.250000 0.039600
-3.006058 -1.002154 1.007370 0.250000 0.034464
-3.006621 -1.002243 2.012121 0.250000 0.056502
-3.008144 -0.000058 1.008484 0.250000 0.030586
-3.007689 -0.000026 2.013594 0.250000 0.063234
-3.006081 1.002037 1.007401 0.250000 0.037025
-3.006613 1.002202 2.012137 0.250000 0.059941
-3.002360 2.001528 1.005232 0.250000 0.043161
-3.004338 2.002916 2.008750 0.250000 0.046373
-3.000053 2.999959 1.003041 0.250000 0.031599
-3.002278 3.002295 2.005194 0.250000 0.025816
-2.999379 3.999050 1.001593 0.250000 0.013805
-3.000972 4.001201 2.002720 0.250000 0.008990
-1.999620 -4.998767 1.001100 0.250000 0.000235
-2.000461 -5.000888 2.001937 0.250000 -0.004620
-1.999883 -3.999564 1.002528 0.250000 0.018371
-2.001267 -4.002407 2.004315 0.250000 0.010703
-2.001656 -3.002354 1.005250 0.250000 0.038017
-2.002945 -3.004375 2.008769 0.250000 0.039600
-2.007558 -2.007558 1.009797 0.250000 0.018491
-2.006044 -2.006044 2.015250 0.250000 0.064513
-2.017983 -1.009181 1.018710 0.250000 -0.009545
-2.010163 -1.005106 2.022575 0.250000 0.077633
-2.024115 -0.000065 1.024950 0.250000 -0.010113
-2.012322 -0.000021 2.026242 0.250000 0.083941
-2.017999 1.009052 1.018743 0.250000 -0.006404
-2.010152 1.005082 2.022582 0.250000 0.081766
-2.007553 2.007434 1.009756 0.250000 0.024748
-2.006004 2.006051 2.015193 0.250000 0.072598
-2.001583 3.002244 1.005061 0.250000 0.046791
-2.002859 3.004366 2.008612 0.250000 0.050796
-1.999821 3.999602 1.002599 0.250000 0.030150
-2.001179 4.002345 2.004290 0.250000 0.023800
-0.999840 -4.998795 1.001500 0.250000 0.006134
-1.000339 -5.001346 2.002544 0.250000 0.000396
-1.000165 -4.000311 1.003455 0.250000 0.029760
-1.000912 -4.003449 2.005828 0.250000 0.023151
-1.002154 -3.006058 1.007370 0.250000 0.034464
-1.002243 -3.006621 2.012121 0.250000 0.056502
-1.009181 -2.017983 1.018710 0.250000 -0.009544
-1.005106 -2.010163 2.022575 0.250000 0.077633
-1.022142 -1.022142 1.048775 0.250000 0.041199
-1.009417 -1.009417 2.036792 0.250000 0.096340
-1.029464 -0.000070 1.071030 0.250000 0.134673
-1.011837 -0.000015 2.044745 0.250000 0.113837
-1.022148 1.022007 1.048807 0.250000 0.044838
-1.009409 1.009410 2.036790 0.250000 0.100953
-1.009173 2.017868 1.018646 0.250000 -0.002512
-1.005078 2.010203 2.022483 0.250000 0.086563
-1.002106 3.006005 1.007108 0.250000 0.044048
-1.002186 3.006666 2.011884 0.250000 0.068655
-1.000128 4.000490 1.003439 0.250000 0.042288
-1.000853 4.003453 2.005697 0.250000 0.037072
-0.000047 -4.998840 1.001671 0.250000 0.009057
-0.000030 -5.001538 2.002801 0.250000 0.003175
-0.000053 -4.000738 1.003834 0.250000 0.034041
-0.000030 -4.003901 2.006458 0.250000 0.028873
-0.000058 -3.008144 1.008484 0.250000 0.030586
-0.000026 -3.007689 2.013594 0.250000 0.063234
-0.000065 -2.024115 1.024950 0.250000 -0.010113
-0.000021 -2.012322 2.026242 0.250000 0.083940
-0.000070 -1.029464 1.071030 0.250000 0.134673
-0.000015 -1.011837 2.044745 0.250000 0.113837
-0.000071 -0.000071 1.103860 0.250000 0.299819
-0.000012 -0.000012 2.055517 0.250000 0.144427
-0.000068 1.029330 1.071061 0.250000 0.138552
-0.000014 1.011838 2.044738 0.250000 0.118622
-0.000064 2.024007 1.024873 0.250000 -0.002769
-0.000019 2.012376 2.026135 0.250000 0.093144
-0.000062 3.008117 1.008191 0.250000 0.040411
-0.000024 3.007756 2.013324 0.250000 0.075645
-0.000055 4.000977 1.003779 0.250000 0.046728
-0.000027 4.003933 2.006282 0.250000 0.042958
0.999746 -4.998821 1.001525 0.250000 0.007459
1.000280 -5.001347 2.002571 0.250000 0.002254
1.000057 -4.000338 1.003483 0.250000 0.031679
1.000857 -4.003446 2.005850 0.250000 0.025781
1.002037 -3.006081 1.007401 0.250000 0.037024
1.002202 -3.006613 2.012137 0.250000 0.059941
1.009052 -2.017999 1.018743 0.250000 -0.006405
1.005082 -2.010152 2.022582 0.250000 0.081766
1.022007 -1.022148 1.048807 0.250000 0.044838
1.009410 -1.009409 2.036790 0.250000 0.100952
1.029330 -0.000068 1.071061 0.250000 0.138552
1.011838 -0.000014 2.044738 0.250000 0.118623
1.022017 1.022017 1.048837 0.250000 0.048495
1.009404 1.009404 2.036785 0.250000 0.105538
1.009046 2.017887 1.018673 0.250000 0.000636
1.005058 2.010194 2.022485 0.250000 0.090616
1.001981 3.006030 1.007132 0.250000 0.046549
1.002148 3.006659 2.011895 0.250000 0.071937
1.000017 4.000515 1.003463 0.250000 0.044111
1.000805 4.003449 2.005717 0.250000 0.039508
1.999513 -4.998790 1.001120 0.250000 0.002836
2.000395 -5.000876 2.001975 0.250000 -0.000963
1.999758 -3.999583 1.002526 0.250000 0.022180
2.001211 -4.002382 2.004328 0.250000 0.015890
2.001528 -3.002360 1.005232 0.250000 0.043161
2.002916 -3.004338 2.008750 0.250000 0.046373
2.007434 -2.007553 1.009756 0.250000 0.024749
2.006051 -2.006004 2.015193 0.250000 0.072598
2.017868 -1.009173 1.018646 0.250000 -0.002512
2.010203 -1.005078 2.022483 0.250000 0.086563
2.024007 -0.000064 1.024873 0.250000 -0.002769
2.012376 -0.000019 2.026135 0.250000 0.093144
2.017887 1.009046 1.018673 0.250000 0.000636
2.010194 1.005058 2.022485 0.250000 0.090616
2.007431 2.007431 1.009704 0.250000 0.030937
2.006013 2.006013 2.015128 0.250000 0.080475
2.001450 3.002250 1.005032 0.250000 0.051716
2.002832 3.004328 2.008587 0.250000 0.057200
1.999703 3.999614 1.002604 0.250000 0.033718
2.001130 4.002317 2.004306 0.250000 0.028544
2.999282 -4.998839 1.000687 0.250000 -0.001222
3.000247 -5.000353 2.001333 0.250000 -0.003412
2.999261 -3.999111 1.001385 0.250000 0.009066
3.000951 -4.001270 2.002639 0.250000 0.004946
2.999959 -3.000053 1.003041 0.250000 0.031599
3.002295 -3.002278 2.005194 0.250000 0.025817
3.002244 -2.001583 1.005061 0.250000 0.046791
3.004366 -2.002859 2.008612 0.250000 0.050797
3.006005 -1.002106 1.007108 0.250000 0.044048
3.006666 -1.002186 2.011884 0.250000 0.068655
3.008117 -0.000062 1.008191 0.250000 0.040411
3.007756 -0.000024 2.013324 0.250000 0.075645
3.006030 1.001981 1.007132 0.250000 0.046548
3.006659 1.002148 2.011895 0.250000 0.071938
3.002250 2.001450 1.005032 0.250000 0.051716
3.004328 2.002832 2.008587 0.250000 0.057199
2.999890 2.999890 1.002934 0.250000 0.038523
3.002212 3.002212 2.005131 0.250000 0.034736
2.999221 3.999009 1.001593 0.250000 0.018914
3.000881 4.001142 2.002751 0.250000 0.015635
3.999150 -4.999036 1.000645 0.250000 -0.000968
3.999946 -4.999996 2.001017 0.250000 -0.002735
3.998959 -3.999097 1.000814 0.250000 0.001788
4.000375 -4.000488 2.001537 0.250000 -0.000683
3.999050 -2.999379 1.001593 0.250000 0.013805
4.001201 -3.000972 2.002720 0.250000 0.008990
3.999602 -1.999821 1.002599 0.250000 0.030150
4.002345 -2.001179 2.004290 0.250000 0.023800
4.000490 -1.000128 1.003439 0.250000 0.042288
4.003453 -1.000853 2.005697 0.250000 0.037072
4.000977 -0.000055 1.003779 0.250000 0.046728
4.003933 -0.000027 2.006282 0.250000 0.042959
4.000515 1.000017 1.003463 0.250000 0.044110
4.003449 1.000805 2.005717 0.250000 0.039507
3.999614 1.999703 1.002604 0.250000 0.033717
4.002317 2.001130 2.004306 0.250000 0.028544
3.999009 2.999221 1.001593 0.250000 0.018913
4.001142 3.000881 2.002751 0.250000 0.015635
3.998951 3.998951 1.001102 0.250000 0.009255
4.000348 4.000348 2.001745 0.250000 0.007375
0.000000 0.000000 -1.000000 0.250000 0.000000
