-4.999637 -4.999637 0.000569 0.250000 0.004020
-4.999508 -3.999588 0.000409 0.250000 0.007234
-4.999485 -2.999665 0.000451 0.250000 0.013770
-4.999646 -1.999842 0.000458 0.250000 0.020606
-4.999937 -0.999995 0.000389 0.250000 0.025214
-5.000102 -0.000049 0.000348 0.250000 0.026934
-4.999968 0.999895 0.000391 0.250000 0.026056
-4.999673 1.999744 0.000439 0.250000 0.022018
-4.999465 2.999586 0.000462 0.250000 0.015581
-4.999485 3.999567 0.000694 0.250000 0.010724
-3.999588 -4.999508 0.000409 0.250000 0.007234
-3.999572 -3.999572 0.000180 0.250000 0.014454
-4.000001 -3.000000 0.000035 0.250000 0.024243
-4.001180 -2.000605 -0.000441 0.250000 0.026717
-4.002819 -1.000735 -0.001109 0.250000 0.019075
-4.003661 -0.000064 -0.001425 0.250000 0.013615
-4.002853 1.000601 -0.001109 0.250000 0.020236
-4.001205 2.000467 -0.000482 0.250000 0.028691
-3.999963 2.999902 -0.000005 0.250000 0.026587
-3.999546 3.999597 0.000475 0.250000 0.018721
-2.999665 -4.999485 0.000451 0.250000 0.013770
-3.000000 -4.000001 0.000035 0.250000 0.024243
-3.001652 -3.001652 -0.000833 0.250000 0.023020
-3.005832 -2.003921 -0.002501 0.250000 -0.018127
-3.011908 -1.004045 -0.003532 0.250000 -0.082721
-3.015150 -0.000074 -0.003455 0.250000 -0.111544
-3.011937 1.003889 -0.003527 0.250000 -0.081270
-3.005844 2.003766 -0.002547 0.250000 -0.015568
-3.001592 3.001588 -0.000898 0.250000 0.026045
-2.999968 4.000165 0.000312 0.250000 0.029041
-1.999842 -4.999646 0.000458 0.250000 0.020606
-2.000605 -4.001180 -0.000441 0.250000 0.026717
-2.003921 -3.005832 -0.002501 0.250000 -0.018127
-2.013094 -2.013094 -0.002754 0.250000 -0.143564
-2.027974 -1.014079 0.008629 0.250000 -0.209791
-2.036031 -0.000086 0.020269 0.250000 -0.179618
-2.027994 1.013898 0.008637 0.250000 -0.208050
-2.013093 2.012931 -0.002802 0.250000 -0.140541
-2.003855 3.005836 -0.002579 0.250000 -0.014577
-2.000574 4.001549 -0.000166 0.250000 0.031807
-0.999995 -4.999937 0.000389 0.250000 0.025214
-1.000735 -4.002819 -0.001109 0.250000 0.019075
-1.004045 -3.011908 -0.003532 0.250000 -0.082721
-1.014079 -2.027974 0.008629 0.250000 -0.209791
-1.027337 -1.027337 0.072921 0.250000 0.130520
-1.035429 -0.000097 0.113305 0.250000 0.393288
-1.027347 1.027137 0.072934 0.250000 0.132741
-1.014073 2.027808 0.008573 0.250000 -0.206335
-1.004002 3.011981 -0.003620 0.250000 -0.078881
-1.000715 4.003380 -0.000830 0.250000 0.024142
-0.000049 -5.000102 0.000348 0.250000 0.026934
-0.000064 -4.003661 -0.001425 0.250000 0.013615
-0.000074 -3.015150 -0.003455 0.250000 -0.111544
-0.000086 -2.036031 0.020269 0.250000 -0.179617
-0.000097 -1.035429 0.113305 0.250000 0.393289
-0.000100 -0.000100 0.175504 0.250000 0.834142
-0.000096 1.035224 0.113318 0.250000 0.395791
-0.000088 2.035867 0.020207 0.250000 -0.175895
-0.000080 3.015253 -0.003549 0.250000 -0.107601
-0.000062 4.004302 -0.001145 0.250000 0.018596
0.999895 -4.999968 0.000391 0.250000 0.026055
1.000601 -4.002853 -0.001109 0.250000 0.020237
1.003889 -3.011937 -0.003527 0.250000 -0.081270
1.013898 -2.027994 0.008637 0.250000 -0.208049
1.027137 -1.027347 0.072934 0.250000 0.132742
1.035224 -0.000096 0.113318 0.250000 0.395792
1.027149 1.027149 0.072944 0.250000 0.135015
1.013891 2.027831 0.008578 0.250000 -0.204531
1.003837 3.012012 -0.003622 0.250000 -0.077438
1.000591 4.003411 -0.000830 0.250000 0.025207
1.999744 -4.999673 0.000439 0.250000 0.022018
2.000467 -4.001205 -0.000482 0.250000 0.028691
2.003766 -3.005844 -0.002547 0.250000 -0.015568
2.012931 -2.013093 -0.002802 0.250000 -0.140540
2.027808 -1.014073 0.008573 0.250000 -0.206334
2.035867 -0.000088 0.020207 0.250000 -0.175897
2.027831 1.013891 0.008578 0.250000 -0.204531
2.012930 2.012930 -0.002860 0.250000 -0.137487
2.003697 3.005847 -0.002633 0.250000 -0.012124
2.000458 4.001566 -0.000194 0.250000 0.033610
2.999586 -4.999465 0.000462 0.250000 0.015581
2.999902 -3.999963 -0.000005 0.250000 0.026587
3.001588 -3.001592 -0.000898 0.250000 0.026045
3.005836 -2.003855 -0.002579 0.250000 -0.014578
3.011981 -1.004002 -0.003620 0.250000 -0.078882
3.015253 -0.000080 -0.003549 0.250000 -0.107600
3.012012 1.003837 -0.003622 0.250000 -0.077438
3.005847 2.003697 -0.002633 0.250000 -0.012124
3.001529 3.001529 -0.000956 0.250000 0.028896
2.999900 4.000124 0.000315 0.250000 0.031328
3.999567 -4.999485 0.000694 0.250000 0.010724
3.999597 -3.999546 0.000475 0.250000 0.018721
4.000165 -2.999968 0.000312 0.250000 0.029041
4.001549 -2.000574 -0.000166 0.250000 0.031806
4.003380 -1.000715 -0.000830 0.250000 0.024143
4.004302 -0.000062 -0.001145 0.250000 0.018596
4.003411 1.000591 -0.000830 0.250000 0.025207
4.001566 2.000458 -0.000194 0.250000 0.033611
4.000124 2.999900 0.000315 0.250000 0.031328
3.999594 3.999594 0.000793 0.250000 0.022821
-4.999388 -4.999388 1.000471 0.250000 -0.000750
-4.999923 -4.999923 2.000719 0.250000 -0.002923
-4.999234 -3.999444 1.000403 0.250000 -0.001694
-5.000157 -4.000197 2.000856 0.250000 -0.004410
-4.999180 -2.999582 1.000677 0.250000 0.001126
-5.000587 -3.000437 2.001325 0.250000 -0.002750
-4.999249 -1.999759 1.001066 0.250000 0.006508
-5.001138 -2.000514 2.001956 0.250000 0.001617
-4.999402 -0.999924 1.001403 0.250000 0.011937
-5.001628 -1.000355 2.002509 0.250000 0.006507
-4.999491 -0.000035 1.001542 0.250000 0.014678
-5.001827 -0.000002 2.002735 0.250000 0.009235
-4.999414 0.999855 1.001411 0.250000 0.013608
-5.001615 1.000353 2.002514 0.250000 0.008558
-4.999247 1.999687 1.001055 0.250000 0.009556
-5.001101 2.000507 2.001953 0.250000 0.005415
-4.999139 2.999478 1.000669 0.250000 0.005023
-5.000529 3.000390 2.001342 0.250000 0.002192
-4.999224 3.999345 1.000633 0.250000 0.003498
-5.000132 4.000110 2.001027 0.250000 0.001204
-3.999444 -4.999234 1.000403 0.250000 -0.001694
-4.000197 -5.000157 2.000856 0.250000 -0.004410
-3.999382 -3.999382 1.000590 0.250000 0.000668
-4.000680 -4.000680 2.001418 0.250000 -0.003080
-3.999597 -2.999739 1.001348 0.250000 0.010371
-4.001522 -3.001172 2.002615 0.250000 0.004762
-4.000244 -2.000177 1.002304 0.250000 0.022439
-4.002658 -2.001351 2.004166 0.250000 0.016776
-4.001179 -1.000348 1.003122 0.250000 0.030580
-4.003750 -1.000947 2.005550 0.250000 0.027573
-4.001671 -0.000044 1.003459 0.250000 0.033635
-4.004219 0.000002 2.006120 0.250000 0.032644
-4.001192 1.000264 1.003126 0.250000 0.032964
-4.003733 1.000958 2.005542 0.250000 0.030421
-4.000235 2.000090 1.002258 0.250000 0.026797
-4.002608 2.001364 2.004121 0.250000 0.022024
-3.999530 2.999626 1.001251 0.250000 0.015776
-4.001435 3.001143 2.002551 0.250000 0.011485
-3.999349 3.999302 1.000766 0.250000 0.007494
-4.000615 4.000596 2.001518 0.250000 0.004347
-2.999582 -4.999180 1.000677 0.250000 0.001126
-3.000437 -5.000587 2.001325 0.250000 -0.002750
-2.999739 -3.999597 1.001348 0.250000 0.010371
-3.001172 -4.001522 2.002615 0.250000 0.004763
-3.000669 -3.000669 1.002869 0.250000 0.026769
-3.002540 -3.002540 2.005051 0.250000 0.021858
-3.003150 -2.002159 1.004854 0.250000 0.033090
-3.004639 -2.003097 2.008324 0.250000 0.041224
-3.006940 -1.002414 1.007039 0.250000 0.024446
-3.006956 -1.002320 2.011507 0.250000 0.054775
-3.009008 -0.000046 1.008202 0.250000 0.019422
-3.008043 0.000011 2.012911 0.250000 0.060473
-3.006950 1.002327 1.007039 0.250000 0.027526
-3.006935 1.002356 2.011484 0.250000 0.058388
-3.003131 2.002084 1.004776 0.250000 0.038729
-3.004579 2.003152 2.008230 0.250000 0.047838
-3.000582 3.000601 1.002681 0.250000 0.033595
-3.002434 3.002566 2.004887 0.250000 0.030127
-2.999690 3.999625 1.001416 0.250000 0.018326
-3.001082 4.001491 2.002597 0.250000 0.013506
-1.999759 -4.999249 1.001066 0.250000 0.006508
-2.000514 -5.001138 2.001956 0.250000 0.001617
-2.000177 -4.000244 1.002304 0.250000 0.022439
-2.001351 -4.002658 2.004166 0.250000 0.016776
-2.002159 -3.003150 1.004854 0.250000 0.033090
-2.003097 -3.004639 2.008324 0.250000 0.041223
-2.008028 -2.008028 1.009652 0.250000 0.006525
-2.006269 -2.006269 2.014558 0.250000 0.060886
-2.017928 -1.009112 1.018861 0.250000 -0.018544
-2.010384 -1.005192 2.021746 0.250000 0.072778
-2.023653 -0.000049 1.025087 0.250000 -0.014766
-2.012504 0.000022 2.025340 0.250000 0.079864
-2.017932 1.009024 1.018857 0.250000 -0.014877
-2.010363 1.005257 2.021706 0.250000 0.077009
-2.008003 2.007974 1.009540 0.250000 0.013134
-2.006212 2.006373 2.014413 0.250000 0.068520
-2.002070 3.003156 1.004573 0.250000 0.040780
-2.002996 3.004737 2.008053 0.250000 0.050452
-2.000127 4.000438 1.002261 0.250000 0.030782
-2.001262 4.002709 2.004014 0.250000 0.026044
-0.999924 -4.999402 1.001403 0.250000 0.011937
-1.000355 -5.001628 2.002509 0.250000 0.006507
-1.000348 -4.001179 1.003122 0.250000 0.030580
-1.000947 -4.003750 2.005550 0.250000 0.027573
-1.002414 -3.006940 1.007039 0.250000 0.024447
-1.002320 -3.006956 2.011507 0.250000 0.054774
-1.009112 -2.017928 1.018861 0.250000 -0.018543
-1.005192 -2.010384 2.021746 0.250000 0.072778
-1.021098 -1.021098 1.048268 0.250000 0.053408
-1.009384 -1.009384 2.035732 0.250000 0.097126
-1.027812 -0.000050 1.069423 0.250000 0.161820
-1.011694 0.000031 2.043470 0.250000 0.119515
-1.021098 1.021013 1.048257 0.250000 0.057556
-1.009371 1.009474 2.035679 0.250000 0.101757
-1.009093 2.017895 1.018718 0.250000 -0.011319
-1.005155 2.010529 2.021559 0.250000 0.080995
-1.002358 3.007018 1.006678 0.250000 0.032436
-1.002256 3.007116 2.011148 0.250000 0.064369
-1.000316 4.001526 1.002988 0.250000 0.038684
-1.000889 4.003876 2.005288 0.250000 0.036733
-0.000035 -4.999491 1.001542 0.250000 0.014678
-0.000002 -5.001827 2.002735 0.250000 0.009235
-0.000044 -4.001671 1.003459 0.250000 0.033635
0.000002 -4.004219 2.006120 0.250000 0.032644
-0.000046 -3.009008 1.008202 0.250000 0.019422
0.000011 -3.008043 2.012911 0.250000 0.060473
-0.000049 -2.023653 1.025087 0.250000 -0.014765
0.000022 -2.012504 2.025340 0.250000 0.079864
-0.000050 -1.027812 1.069423 0.250000 0.161821
0.000031 -1.011694 2.043470 0.250000 0.119516
-0.000049 -0.000049 1.100334 0.250000 0.348241
0.000036 0.000036 2.053871 0.250000 0.157176
-0.000049 1.027731 1.069408 0.250000 0.166177
0.000033 1.011794 2.043410 0.250000 0.124269
-0.000049 2.023631 1.024928 0.250000 -0.007326
0.000024 2.012667 2.025135 0.250000 0.088225
-0.000049 3.009117 1.007808 0.250000 0.027414
0.000014 3.008228 2.012517 0.250000 0.070062
-0.000039 4.002081 1.003287 0.250000 0.041464
0.000008 4.004373 2.005814 0.250000 0.041560
0.999855 -4.999414 1.001411 0.250000 0.013608
1.000353 -5.001615 2.002514 0.250000 0.008558
1.000264 -4.001192 1.003126 0.250000 0.032964
1.000958 -4.003733 2.005542 0.250000 0.030420
1.002327 -3.006950 1.007039 0.250000 0.027526
1.002356 -3.006935 2.011484 0.250000 0.058388
1.009024 -2.017932 1.018857 0.250000 -0.014877
1.005257 -2.010363 2.021706 0.250000 0.077009
1.021013 -1.021098 1.048257 0.250000 0.057557
1.009474 -1.009371 2.035678 0.250000 0.101757
1.027731 -0.000049 1.069408 0.250000 0.166178
1.011794 0.000033 2.043410 0.250000 0.124270
1.021016 1.021016 1.048244 0.250000 0.061692
1.009462 1.009462 2.035623 0.250000 0.106319
1.009005 2.017902 1.018708 0.250000 -0.007715
1.005223 2.010509 2.021516 0.250000 0.085064
1.002267 3.007028 1.006673 0.250000 0.035338
1.002296 3.007094 2.011122 0.250000 0.067708
1.000242 4.001535 1.002990 0.250000 0.040789
1.000910 4.003856 2.005280 0.250000 0.039219
1.999687 -4.999247 1.001055 0.250000 0.009556
2.000507 -5.001101 2.001953 0.250000 0.005415
2.000090 -4.000235 1.002258 0.250000 0.026798
2.001364 -4.002608 2.004121 0.250000 0.022024
2.002084 -3.003131 1.004776 0.250000 0.038730
2.003152 -3.004579 2.008230 0.250000 0.047838
2.007974 -2.008003 1.009540 0.250000 0.013134
2.006373 -2.006212 2.014413 0.250000 0.068520
2.017895 -1.009093 1.018718 0.250000 -0.011319
2.010529 -1.005155 2.021559 0.250000 0.080995
2.023631 -0.000049 1.024928 0.250000 -0.007325
2.012667 0.000024 2.025135 0.250000 0.088225
2.017902 1.009005 1.018708 0.250000 -0.007714
2.010509 1.005223 2.021516 0.250000 0.085066
2.007949 2.007949 1.009418 0.250000 0.019533
2.006317 2.006317 2.014264 0.250000 0.075788
2.001993 3.003134 1.004488 0.250000 0.045972
2.003052 3.004675 2.007958 0.250000 0.056469
2.000058 4.000419 1.002226 0.250000 0.034557
2.001286 4.002654 2.003979 0.250000 0.030553
2.999478 -4.999139 1.000669 0.250000 0.005023
3.000390 -5.000529 2.001342 0.250000 0.002192
2.999626 -3.999530 1.001251 0.250000 0.015777
3.001143 -4.001435 2.002551 0.250000 0.011485
3.000601 -3.000582 1.002681 0.250000 0.033595
3.002566 -3.002434 2.004887 0.250000 0.030127
3.003156 -2.002070 1.004573 0.250000 0.040780
3.004737 -2.002996 2.008053 0.250000 0.050452
3.007018 -1.002358 1.006678 0.250000 0.032435
3.007116 -1.002256 2.011148 0.250000 0.064369
3.009117 -0.000049 1.007808 0.250000 0.027415
3.008228 0.000014 2.012517 0.250000 0.070062
3.007028 1.002267 1.006673 0.250000 0.035338
3.007094 1.002296 2.011122 0.250000 0.067708
3.003134 2.001993 1.004488 0.250000 0.045973
3.004675 2.003052 2.007958 0.250000 0.056469
3.000510 3.000510 1.002501 0.250000 0.039694
3.002460 3.002460 2.004732 0.250000 0.037480
2.999604 3.999557 1.001362 0.250000 0.022954
3.001069 4.001407 2.002559 0.250000 0.019143
3.999345 -4.999224 1.000633 0.250000 0.003498
4.000110 -5.000132 2.001027 0.250000 0.001204
3.999302 -3.999349 1.000766 0.250000 0.007495
4.000596 -4.000615 2.001518 0.250000 0.004348
3.999625 -2.999690 1.001416 0.250000 0.018326
4.001491 -3.001082 2.002597 0.250000 0.013507
4.000438 -2.000127 1.002261 0.250000 0.030782
4.002709 -2.001262 2.004014 0.250000 0.026044
4.001526 -1.000316 1.002988 0.250000 0.038684
4.003876 -1.000889 2.005288 0.250000 0.036733
4.002081 -0.000039 1.003287 0.250000 0.041465
4.004373 0.000008 2.005814 0.250000 0.041559
4.001535 1.000242 1.002990 0.250000 0.040789
4.003856 1.000910 2.005280 0.250000 0.039220
4.000419 2.000058 1.002226 0.250000 0.034557
4.002654 2.001286 2.003979 0.250000 0.030552
3.999557 2.999604 1.001362 0.250000 0.022954
4.001407 3.001069 2.002559 0.250000 0.019143
3.999301 3.999301 1.000978 0.250000 0.013302
4.000558 4.000558 2.001647 0.250000 0.010433
0.000000 0.000000 -1.000000 0.250000 0.000000
