-4.999666 -4.999666 0.000538 0.250000 0.006450
-4.999584 -3.999636 0.000359 0.250000 0.010188
-4.999640 -2.999733 0.000361 0.250000 0.016541
-4.999885 -1.999911 0.000329 0.250000 0.022428
-5.000235 -1.000038 0.000236 0.250000 0.025899
-5.000419 -0.000047 0.000185 0.250000 0.027164
-5.000258 0.999944 0.000232 0.250000 0.026884
-4.999898 1.999826 0.000301 0.250000 0.024014
-4.999608 2.999678 0.000361 0.250000 0.018334
-4.999570 3.999654 0.000623 0.250000 0.013186
-3.999636 -4.999584 0.000359 0.250000 0.010188
-3.999683 -3.999683 0.000086 0.250000 0.017375
-4.000205 -3.000134 -0.000113 0.250000 0.025205
-4.001458 -2.000721 -0.000595 0.250000 0.024215
-4.003117 -1.000797 -0.001210 0.250000 0.013505
-4.003954 -0.000065 -0.001491 0.250000 0.006984
-4.003143 1.000665 -0.001218 0.250000 0.014905
-4.001467 2.000598 -0.000649 0.250000 0.026487
-4.000156 3.000071 -0.000167 0.250000 0.027539
-3.999671 3.999764 0.000357 0.250000 0.020855
-2.999733 -4.999640 0.000361 0.250000 0.016541
-3.000134 -4.000205 -0.000113 0.250000 0.025204
-3.001843 -3.001843 -0.000961 0.250000 0.018756
-3.005948 -2.003988 -0.002368 0.250000 -0.028139
-3.011790 -1.003997 -0.003005 0.250000 -0.095171
-3.014883 -0.000075 -0.002755 0.250000 -0.124039
-3.011811 1.003845 -0.003010 0.250000 -0.093415
-3.005945 2.003855 -0.002430 0.250000 -0.025220
-3.001775 3.001827 -0.001045 0.250000 0.021678
-3.000119 4.000443 0.000138 0.250000 0.028784
-1.999911 -4.999885 0.000329 0.250000 0.022427
-2.000721 -4.001458 -0.000595 0.250000 0.024215
-2.003988 -3.005948 -0.002368 0.250000 -0.028140
-2.012748 -2.012748 -0.001862 0.250000 -0.155768
-2.026798 -1.013483 0.009899 0.250000 -0.214274
-2.034382 -0.000085 0.021344 0.250000 -0.177748
-2.026812 1.013313 0.009897 0.250000 -0.212180
-2.012735 2.012617 -0.001930 0.250000 -0.152362
-2.003916 3.006015 -0.002467 0.250000 -0.024837
-2.000703 4.001914 -0.000347 0.250000 0.027621
-1.000038 -5.000235 0.000236 0.250000 0.025899
-1.000797 -4.003117 -0.001210 0.250000 0.013505
-1.003997 -3.011790 -0.003005 0.250000 -0.095171
-1.013483 -2.026798 0.009899 0.250000 -0.214274
-1.025963 -1.025963 0.072080 0.250000 0.154781
-1.033575 -0.000093 0.110844 0.250000 0.434985
-1.025969 1.025779 0.072078 0.250000 0.157363
-1.013471 2.026674 0.009822 0.250000 -0.210454
-1.003951 3.011936 -0.003115 0.250000 -0.091715
-1.000782 4.003772 -0.000957 0.250000 0.016524
-0.000047 -5.000419 0.000185 0.250000 0.027164
-0.000065 -4.003954 -0.001491 0.250000 0.006984
-0.000075 -3.014883 -0.002755 0.250000 -0.124039
-0.000085 -2.034382 0.021344 0.250000 -0.177746
-0.000093 -1.033575 0.110844 0.250000 0.434982
-0.000095 -0.000095 0.170335 0.250000 0.901661
-0.000092 1.033387 0.110841 0.250000 0.437833
-0.000087 2.034261 0.021258 0.250000 -0.173702
-0.000079 3.015063 -0.002872 0.250000 -0.120563
-0.000058 4.004688 -0.001236 0.250000 0.009741
0.999944 -5.000258 0.000232 0.250000 0.026884
1.000665 -4.003143 -0.001218 0.250000 0.014905
1.003845 -3.011811 -0.003010 0.250000 -0.093414
1.013313 -2.026812 0.009897 0.250000 -0.212180
1.025779 -1.025969 0.072078 0.250000 0.157362
1.033387 -0.000092 0.110841 0.250000 0.437834
1.025787 1.025787 0.072074 0.250000 0.159976
1.013299 2.026690 0.009815 0.250000 -0.208349
1.003793 3.011958 -0.003126 0.250000 -0.090050
1.000670 4.003793 -0.000963 0.250000 0.017703
1.999826 -4.999898 0.000301 0.250000 0.024014
2.000598 -4.001467 -0.000649 0.250000 0.026487
2.003855 -3.005945 -0.002430 0.250000 -0.025218
2.012617 -2.012735 -0.001930 0.250000 -0.152362
2.026674 -1.013471 0.009822 0.250000 -0.210454
2.034261 -0.000087 0.021258 0.250000 -0.173701
2.026690 1.013299 0.009815 0.250000 -0.208350
2.012604 2.012604 -0.002007 0.250000 -0.149029
2.003784 3.006010 -0.002536 0.250000 -0.022184
2.000609 4.001914 -0.000386 0.250000 0.029496
2.999678 -4.999608 0.000361 0.250000 0.018334
3.000071 -4.000156 -0.000167 0.250000 0.027539
3.001827 -3.001775 -0.001045 0.250000 0.021678
3.006015 -2.003916 -0.002467 0.250000 -0.024837
3.011936 -1.003951 -0.003115 0.250000 -0.091714
3.015063 -0.000079 -0.002872 0.250000 -0.120563
3.011958 1.003793 -0.003126 0.250000 -0.090050
3.006010 2.003784 -0.002536 0.250000 -0.022184
3.001761 3.001761 -0.001119 0.250000 0.024193
3.000087 4.000390 0.000128 0.250000 0.030768
3.999654 -4.999570 0.000623 0.250000 0.013186
3.999764 -3.999671 0.000357 0.250000 0.020855
4.000443 -3.000119 0.000138 0.250000 0.028784
4.001914 -2.000703 -0.000347 0.250000 0.027621
4.003772 -1.000782 -0.000957 0.250000 0.016524
4.004688 -0.000058 -0.001236 0.250000 0.009741
4.003793 1.000670 -0.000963 0.250000 0.017703
4.001914 2.000609 -0.000386 0.250000 0.029496
4.000390 3.000087 0.000128 0.250000 0.030768
3.999774 3.999774 0.000653 0.250000 0.023872
-4.999454 -4.999454 1.000470 0.250000 0.001368
-4.999984 -4.999984 2.000732 0.250000 -0.000943
-4.999352 -3.999525 1.000406 0.250000 0.001286
-5.000243 -4.000256 2.000876 0.250000 -0.001634
-4.999377 -2.999673 1.000661 0.250000 0.004497
-5.000702 -3.000486 2.001334 0.250000 0.000484
-4.999532 -1.999843 1.001019 0.250000 0.009611
-5.001280 -2.000547 2.001938 0.250000 0.004824
-4.999752 -0.999973 1.001324 0.250000 0.014468
-5.001790 -1.000366 2.002462 0.250000 0.009430
-4.999865 -0.000027 1.001448 0.250000 0.016968
-5.001993 0.000014 2.002672 0.250000 0.012016
-4.999756 0.999922 1.001323 0.250000 0.016250
-5.001769 1.000396 2.002455 0.250000 0.011472
-4.999515 1.999793 1.000989 0.250000 0.012706
-5.001231 2.000572 2.001913 0.250000 0.008444
-4.999323 2.999599 1.000631 0.250000 0.008100
-5.000633 3.000471 2.001322 0.250000 0.004872
-4.999345 3.999465 1.000606 0.250000 0.005650
-5.000214 4.000202 2.001015 0.250000 0.002983
-3.999525 -4.999352 1.000406 0.250000 0.001285
-4.000256 -5.000243 2.000876 0.250000 -0.001634
-3.999531 -3.999531 1.000577 0.250000 0.004571
-4.000761 -4.000761 2.001428 0.250000 0.000659
-3.999856 -2.999914 1.001277 0.250000 0.013761
-4.001634 -3.001242 2.002577 0.250000 0.008562
-4.000629 -2.000343 1.002166 0.250000 0.023831
-4.002804 -2.001403 2.004058 0.250000 0.019654
-4.001659 -1.000449 1.002940 0.250000 0.029835
-4.003925 -1.000969 2.005380 0.250000 0.029314
-4.002182 -0.000036 1.003261 0.250000 0.032086
-4.004401 0.000020 2.005921 0.250000 0.033906
-4.001663 1.000381 1.002929 0.250000 0.032377
-4.003900 1.001016 2.005355 0.250000 0.032129
-4.000604 2.000281 1.002093 0.250000 0.028235
-4.002741 2.001453 2.003982 0.250000 0.024607
-3.999778 2.999839 1.001148 0.250000 0.018659
-4.001536 3.001251 2.002475 0.250000 0.014401
-3.999505 3.999504 1.000714 0.250000 0.010039
-4.000695 4.000718 2.001486 0.250000 0.006525
-2.999673 -4.999377 1.000661 0.250000 0.004497
-3.000486 -5.000702 2.001334 0.250000 0.000483
-2.999914 -3.999856 1.001277 0.250000 0.013761
-3.001242 -4.001634 2.002577 0.250000 0.008562
-3.000975 -3.000975 1.002707 0.250000 0.027255
-3.002645 -3.002645 2.004913 0.250000 0.024479
-3.003573 -2.002424 1.004665 0.250000 0.029197
-3.004788 -2.003183 2.008076 0.250000 0.041500
-3.007385 -1.002542 1.006908 0.250000 0.017883
-3.007135 -1.002361 2.011182 0.250000 0.053240
-3.009431 -0.000038 1.008102 0.250000 0.012344
-3.008229 0.000032 2.012554 0.250000 0.058382
-3.007387 1.002477 1.006889 0.250000 0.021126
-3.007107 1.002439 2.011137 0.250000 0.056766
-3.003540 2.002382 1.004553 0.250000 0.034794
-3.004718 2.003281 2.007943 0.250000 0.047624
-3.000879 3.000957 1.002480 0.250000 0.033216
-3.002532 3.002716 2.004702 0.250000 0.031417
-2.999875 3.999950 1.001303 0.250000 0.019651
-3.001154 4.001651 2.002512 0.250000 0.015038
-1.999843 -4.999532 1.001019 0.250000 0.009612
-2.000547 -5.001280 2.001938 0.250000 0.004824
-2.000343 -4.000629 1.002166 0.250000 0.023831
-2.001403 -4.002804 2.004058 0.250000 0.019654
-2.002424 -3.003573 1.004665 0.250000 0.029197
-2.003183 -3.004788 2.008076 0.250000 0.041500
-2.008244 -2.008244 1.009630 0.250000 -0.000618
-2.006384 -2.006384 2.014198 0.250000 0.058609
-2.017816 -1.009033 1.018983 0.250000 -0.022678
-2.010475 -1.005224 2.021315 0.250000 0.070536
-2.023299 -0.000038 1.025179 0.250000 -0.015788
-2.012564 0.000046 2.024865 0.250000 0.078378
-2.017814 1.008972 1.018956 0.250000 -0.018868
-2.010449 1.005336 2.021250 0.250000 0.074605
-2.008208 2.008230 1.009479 0.250000 0.005816
-2.006319 2.006536 2.014010 0.250000 0.065531
-2.002331 3.003640 1.004340 0.250000 0.035619
-2.003079 3.004936 2.007753 0.250000 0.048926
-2.000303 4.000896 1.002079 0.250000 0.029377
-2.001318 4.002907 2.003858 0.250000 0.025942
-0.999973 -4.999752 1.001324 0.250000 0.014468
-1.000366 -5.001790 2.002462 0.250000 0.009431
-1.000449 -4.001659 1.002940 0.250000 0.029835
-1.000969 -4.003925 2.005380 0.250000 0.029314
-1.002542 -3.007385 1.006908 0.250000 0.017883
-1.002361 -3.007135 2.011182 0.250000 0.053240
-1.009033 -2.017816 1.018983 0.250000 -0.022678
-1.005224 -2.010475 2.021315 0.250000 0.070536
-1.020452 -1.020452 1.047923 0.250000 0.063914
-1.009331 -1.009331 2.035144 0.250000 0.099531
-1.026816 -0.000037 1.068404 0.250000 0.182028
-1.011571 0.000057 2.042739 0.250000 0.125323
-1.020448 1.020399 1.047887 0.250000 0.068170
-1.009315 1.009472 2.035063 0.250000 0.103933
-1.009008 2.017830 1.018797 0.250000 -0.015763
-1.005184 2.010672 2.021080 0.250000 0.077856
-1.002484 3.007531 1.006503 0.250000 0.024272
-1.002296 3.007349 2.010771 0.250000 0.060662
-1.000421 4.002084 1.002765 0.250000 0.034577
-1.000913 4.004104 2.005071 0.250000 0.034949
-0.000027 -4.999865 1.001448 0.250000 0.016968
0.000014 -5.001993 2.002672 0.250000 0.012016
-0.000036 -4.002182 1.003261 0.250000 0.032085
0.000020 -4.004401 2.005921 0.250000 0.033905
-0.000038 -3.009431 1.008102 0.250000 0.012344
0.000032 -3.008229 2.012554 0.250000 0.058382
-0.000038 -2.023299 1.025179 0.250000 -0.015789
0.000046 -2.012564 2.024865 0.250000 0.078377
-0.000037 -1.026816 1.068404 0.250000 0.182028
0.000057 -1.011571 2.042739 0.250000 0.125324
-0.000035 -0.000035 1.098163 0.250000 0.382012
0.000062 0.000062 2.052903 0.250000 0.167768
-0.000036 1.026769 1.068362 0.250000 0.186468
0.000058 1.011723 2.042651 0.250000 0.129815
-0.000038 2.023326 1.024976 0.250000 -0.008735
0.000047 2.012779 2.024612 0.250000 0.085753
-0.000039 3.009608 1.007664 0.250000 0.018582
0.000034 3.008467 2.012107 0.250000 0.065633
-0.000028 4.002670 1.003051 0.250000 0.036300
0.000027 4.004610 2.005570 0.250000 0.039062
0.999922 -4.999756 1.001323 0.250000 0.016250
1.000396 -5.001769 2.002455 0.250000 0.011472
1.000381 -4.001663 1.002929 0.250000 0.032377
1.001016 -4.003900 2.005355 0.250000 0.032128
1.002477 -3.007387 1.006889 0.250000 0.021126
1.002439 -3.007107 2.011137 0.250000 0.056765
1.008972 -2.017814 1.018956 0.250000 -0.018867
1.005336 -2.010449 2.021250 0.250000 0.074605
1.020399 -1.020448 1.047887 0.250000 0.068170
1.009472 -1.009315 2.035063 0.250000 0.103932
1.026769 -0.000036 1.068362 0.250000 0.186468
1.011723 0.000058 2.042651 0.250000 0.129814
1.020397 1.020397 1.047848 0.250000 0.072385
1.009457 1.009457 2.034981 0.250000 0.108239
1.008947 2.017829 1.018765 0.250000 -0.012071
1.005298 2.010647 2.021013 0.250000 0.081713
1.002416 3.007531 1.006480 0.250000 0.027251
1.002377 3.007319 2.010725 0.250000 0.063837
1.000371 4.002083 1.002755 0.250000 0.036716
1.000973 4.004076 2.005049 0.250000 0.037307
1.999793 -4.999515 1.000989 0.250000 0.012706
2.000572 -5.001231 2.001913 0.250000 0.008444
2.000281 -4.000604 1.002093 0.250000 0.028235
2.001453 -4.002741 2.003982 0.250000 0.024607
2.002382 -3.003540 1.004553 0.250000 0.034793
2.003281 -3.004718 2.007943 0.250000 0.047625
2.008230 -2.008208 1.009479 0.250000 0.005815
2.006536 -2.006319 2.014010 0.250000 0.065532
2.017830 -1.009008 1.018797 0.250000 -0.015763
2.010672 -1.005184 2.021080 0.250000 0.077856
2.023326 -0.000038 1.024976 0.250000 -0.008734
2.012779 0.000047 2.024612 0.250000 0.085753
2.017829 1.008947 1.018765 0.250000 -0.012071
2.010647 1.005298 2.021013 0.250000 0.081713
2.008193 2.008193 1.009320 0.250000 0.011926
2.006471 2.006471 2.013818 0.250000 0.071989
2.002287 3.003601 1.004224 0.250000 0.040608
2.003177 3.004862 2.007624 0.250000 0.054319
2.000264 4.000861 1.002021 0.250000 0.032984
2.001379 4.002840 2.003796 0.250000 0.029993
2.999599 -4.999323 1.000631 0.250000 0.008100
3.000471 -5.000633 2.001322 0.250000 0.004872
2.999839 -3.999778 1.001148 0.250000 0.018659
3.001251 -4.001536 2.002475 0.250000 0.014401
3.000957 -3.000879 1.002480 0.250000 0.033215
3.002716 -3.002532 2.004702 0.250000 0.031417
3.003640 -2.002331 1.004340 0.250000 0.035618
3.004936 -2.003079 2.007753 0.250000 0.048926
3.007531 -1.002484 1.006503 0.250000 0.024272
3.007349 -1.002296 2.010771 0.250000 0.060662
3.009608 -0.000039 1.007664 0.250000 0.018581
3.008467 0.000034 2.012107 0.250000 0.065633
3.007531 1.002416 1.006480 0.250000 0.027250
3.007319 1.002377 2.010725 0.250000 0.063838
3.003601 2.002287 1.004224 0.250000 0.040608
3.004862 2.003177 2.007624 0.250000 0.054319
3.000857 3.000857 1.002266 0.250000 0.038241
3.002602 3.002602 2.004507 0.250000 0.037273
2.999829 3.999869 1.001222 0.250000 0.023530
3.001179 4.001555 2.002443 0.250000 0.019620
3.999465 -4.999345 1.000606 0.250000 0.005650
4.000202 -5.000214 2.001015 0.250000 0.002983
3.999504 -3.999505 1.000714 0.250000 0.010039
4.000718 -4.000695 2.001486 0.250000 0.006525
3.999950 -2.999875 1.001303 0.250000 0.019651
4.001651 -3.001154 2.002512 0.250000 0.015038
4.000896 -2.000303 1.002079 0.250000 0.029377
4.002907 -2.001318 2.003858 0.250000 0.025942
4.002084 -1.000421 1.002765 0.250000 0.034577
4.004104 -1.000913 2.005071 0.250000 0.034949
4.002670 -0.000028 1.003051 0.250000 0.036301
4.004610 0.000027 2.005570 0.250000 0.039063
4.002083 1.000371 1.002755 0.250000 0.036715
4.004076 1.000973 2.005049 0.250000 0.037306
4.000861 2.000264 1.002021 0.250000 0.032984
4.002840 2.001379 2.003796 0.250000 0.029993
3.999869 2.999829 1.001222 0.250000 0.023529
4.001555 3.001179 2.002443 0.250000 0.019620
3.999508 3.999508 1.000895 0.250000 0.014287
4.000678 4.000678 2.001583 0.250000 0.010922
0.000000 0.000000 -1.000000 0.250000 0.000000
