-5.000144 -5.000144 0.000210 0.250000 0.002397
-5.000349 -4.000202 -0.000102 0.250000 0.003903
-5.000793 -3.000324 -0.000213 0.250000 0.001272
-5.001399 -2.000399 -0.000261 0.250000 -0.006511
-5.001969 -1.000289 -0.000294 0.250000 -0.015553
-5.002205 0.000012 -0.000312 0.250000 -0.019834
-5.001945 1.000323 -0.000317 0.250000 -0.016709
-5.001345 2.000464 -0.000300 0.250000 -0.009995
-5.000732 3.000451 -0.000179 0.250000 -0.005874
-5.000392 4.000433 0.000223 0.250000 -0.005879
-4.000202 -5.000349 -0.000102 0.250000 0.003904
-4.000577 -4.000577 -0.000534 0.250000 0.002458
-4.001462 -3.000993 -0.000697 0.250000 -0.010970
-4.002870 -2.001308 -0.000727 0.250000 -0.038419
-4.004386 -1.001019 -0.000653 0.250000 -0.068347
-4.005075 -0.000007 -0.000599 0.250000 -0.081697
-4.004362 1.001021 -0.000695 0.250000 -0.069435
-4.002810 2.001366 -0.000809 0.250000 -0.042445
-4.001396 3.001166 -0.000706 0.250000 -0.020372
-4.000642 4.000926 -0.000158 0.250000 -0.011348
-3.000324 -5.000793 -0.000213 0.250000 0.001272
-3.000993 -4.001462 -0.000697 0.250000 -0.010970
-3.002707 -3.002707 -0.000750 0.250000 -0.052450
-3.005928 -2.003902 -0.000076 0.250000 -0.123288
-3.009993 -1.003305 0.001632 0.250000 -0.185997
-3.012040 -0.000008 0.002787 0.250000 -0.206668
-3.009969 1.003313 0.001580 0.250000 -0.187033
-3.005867 2.003994 -0.000180 0.250000 -0.127728
-3.002640 3.002978 -0.000780 0.250000 -0.063629
-3.001062 4.001988 -0.000287 0.250000 -0.028278
-2.000399 -5.001399 -0.000261 0.250000 -0.006511
-2.001308 -4.002870 -0.000727 0.250000 -0.038419
-2.003902 -3.005928 -0.000076 0.250000 -0.123288
-2.009753 -2.009753 0.004574 0.250000 -0.220445
-2.018494 -1.009253 0.017012 0.250000 -0.176225
-2.023098 -0.000002 0.026334 0.250000 -0.075926
-2.018473 1.009281 0.016953 0.250000 -0.177273
-2.009700 2.009894 0.004456 0.250000 -0.225326
-2.003841 3.006314 -0.000110 0.250000 -0.135878
-2.001358 4.003596 -0.000270 0.250000 -0.058306
-1.000289 -5.001969 -0.000294 0.250000 -0.015553
-1.001019 -4.004386 -0.000653 0.250000 -0.068347
-1.003305 -3.009993 0.001632 0.250000 -0.185996
-1.009253 -2.018494 0.017012 0.250000 -0.176226
-1.016824 -1.016824 0.062833 0.250000 0.464592
-1.021414 0.000006 0.089908 0.250000 0.894206
-1.016811 1.016871 0.062763 0.250000 0.463475
-1.009221 2.018677 0.016882 0.250000 -0.181592
-1.003265 3.010474 0.001601 0.250000 -0.199657
-1.001034 4.005273 -0.000148 0.250000 -0.089946
0.000012 -5.002205 -0.000312 0.250000 -0.019834
-0.000007 -4.005075 -0.000599 0.250000 -0.081697
-0.000008 -3.012040 0.002787 0.250000 -0.206668
-0.000002 -2.023098 0.026334 0.250000 -0.075925
0.000006 -1.021414 0.089908 0.250000 0.894206
0.000009 0.000009 0.130412 0.250000 1.573922
0.000005 1.021469 0.089833 0.250000 0.892989
-0.000002 2.023297 0.026197 0.250000 -0.081643
-0.000001 3.012556 0.002759 0.250000 -0.220895
0.000021 4.006022 -0.000070 0.250000 -0.104074
1.000323 -5.001945 -0.000317 0.250000 -0.016709
1.001021 -4.004362 -0.000695 0.250000 -0.069435
1.003313 -3.009969 0.001580 0.250000 -0.187033
1.009281 -2.018473 0.016953 0.250000 -0.177273
1.016871 -1.016811 0.062763 0.250000 0.463475
1.021469 0.000005 0.089833 0.250000 0.892989
1.016857 1.016857 0.062694 0.250000 0.462209
1.009248 2.018654 0.016824 0.250000 -0.182952
1.003285 3.010446 0.001555 0.250000 -0.201146
1.001090 4.005243 -0.000172 0.250000 -0.091493
2.000464 -5.001345 -0.000300 0.250000 -0.009995
2.001366 -4.002810 -0.000809 0.250000 -0.042446
2.003994 -3.005867 -0.000180 0.250000 -0.127728
2.009894 -2.009700 0.004456 0.250000 -0.225326
2.018677 -1.009221 0.016882 0.250000 -0.181591
2.023297 -0.000002 0.026197 0.250000 -0.081642
2.018654 1.009248 0.016824 0.250000 -0.182953
2.009839 2.009839 0.004344 0.250000 -0.230802
2.003941 3.006248 -0.000197 0.250000 -0.141041
2.001462 4.003527 -0.000309 0.250000 -0.062801
3.000451 -5.000732 -0.000179 0.250000 -0.005874
3.001166 -4.001396 -0.000706 0.250000 -0.020373
3.002978 -3.002640 -0.000780 0.250000 -0.063629
3.006314 -2.003841 -0.000110 0.250000 -0.135878
3.010474 -1.003265 0.001601 0.250000 -0.199657
3.012556 -0.000001 0.002759 0.250000 -0.220894
3.010446 1.003285 0.001555 0.250000 -0.201147
3.006248 2.003941 -0.000197 0.250000 -0.141042
3.002910 3.002910 -0.000773 0.250000 -0.075296
3.001261 4.001915 -0.000232 0.250000 -0.037288
4.000433 -5.000392 0.000223 0.250000 -0.005878
4.000926 -4.000642 -0.000158 0.250000 -0.011348
4.001988 -3.001062 -0.000287 0.250000 -0.028278
4.003596 -2.001358 -0.000270 0.250000 -0.058306
4.005273 -1.001034 -0.000148 0.250000 -0.089946
4.006022 0.000021 -0.000070 0.250000 -0.104074
4.005243 1.001090 -0.000172 0.250000 -0.091493
4.003527 2.001462 -0.000309 0.250000 -0.062801
4.001915 3.001261 -0.000232 0.250000 -0.037288
4.000992 4.000992 0.000253 0.250000 -0.023561
-5.000050 -5.000050 1.000346 0.250000 -0.004160
-5.000411 -5.000411 2.000707 0.250000 -0.007347
-5.000249 -4.000207 1.000229 0.250000 -0.002801
-5.000792 -4.000675 2.000817 0.250000 -0.005910
-5.000689 -3.000385 1.000397 0.250000 -0.002977
-5.001394 -3.000862 2.001196 0.250000 -0.004657
-5.001279 -2.000451 1.000679 0.250000 -0.005714
-5.002106 -2.000827 2.001700 0.250000 -0.004343
-5.001819 -1.000304 1.000933 0.250000 -0.009179
-5.002707 -1.000490 2.002134 0.250000 -0.004652
-5.002035 0.000038 1.001027 0.250000 -0.010974
-5.002935 0.000078 2.002296 0.250000 -0.005261
-5.001784 1.000382 1.000897 0.250000 -0.010421
-5.002668 1.000642 2.002097 0.250000 -0.006409
-5.001210 2.000531 1.000614 0.250000 -0.009515
-5.002038 2.000957 2.001644 0.250000 -0.008780
-5.000625 3.000456 1.000379 0.250000 -0.010872
-5.001337 3.000948 2.001190 0.250000 -0.012638
-5.000306 4.000320 1.000481 0.250000 -0.013424
-5.000821 4.000738 2.001005 0.250000 -0.016303
-4.000207 -5.000249 1.000229 0.250000 -0.002801
-4.000675 -5.000792 2.000817 0.250000 -0.005910
-4.000600 -4.000600 1.000252 0.250000 0.000021
-4.001300 -4.001300 2.001229 0.250000 -0.001504
-4.001463 -3.001058 1.000774 0.250000 -0.001079
-4.002320 -3.001728 2.002150 0.250000 0.002864
-4.002771 -2.001317 1.001584 0.250000 -0.007980
-4.003630 -2.001766 2.003381 0.250000 0.005931
-4.004134 -1.000974 1.002395 0.250000 -0.016453
-4.004834 -1.001133 2.004506 0.250000 0.007812
-4.004739 0.000032 1.002737 0.250000 -0.020431
-4.005328 0.000092 2.004957 0.250000 0.008051
-4.004098 1.001047 1.002330 0.250000 -0.017804
-4.004792 1.001314 2.004438 0.250000 0.005620
-4.002698 2.001405 1.001454 0.250000 -0.012775
-4.003554 2.001928 2.003262 0.250000 0.000069
-4.001389 3.001157 1.000668 0.250000 -0.012071
-4.002249 3.001841 2.002066 0.250000 -0.008238
-4.000661 4.000779 1.000490 0.250000 -0.015557
-4.001313 4.001383 2.001378 0.250000 -0.016425
-3.000385 -5.000689 1.000397 0.250000 -0.002977
-3.000862 -5.001394 2.001196 0.250000 -0.004656
-3.001058 -4.001463 1.000774 0.250000 -0.001079
-3.001728 -4.002320 2.002150 0.250000 0.002863
-3.002640 -3.002640 1.002083 0.250000 -0.008229
-3.003259 -3.003259 2.004080 0.250000 0.010979
-3.005460 -2.003607 1.004358 0.250000 -0.025544
-3.005465 -2.003598 2.006858 0.250000 0.019197
-3.008891 -1.002933 1.007132 0.250000 -0.039756
-3.007737 -1.002498 2.009674 0.250000 0.028164
-3.010576 0.000041 1.008518 0.250000 -0.043205
-3.008749 0.000112 2.010907 0.250000 0.032322
-3.008858 1.003029 1.007044 0.250000 -0.041284
-3.007697 1.002722 2.009578 0.250000 0.025468
-3.005389 2.003738 1.004175 0.250000 -0.031389
-3.005392 2.003812 2.006680 0.250000 0.011786
-3.002566 3.002816 1.001899 0.250000 -0.022262
-3.003186 3.003427 2.003914 0.250000 -0.003414
-3.001116 4.001762 1.000970 0.250000 -0.021622
-3.001731 4.002455 2.002239 0.250000 -0.016819
-2.000451 -5.001279 1.000679 0.250000 -0.005714
-2.000827 -5.002106 2.001700 0.250000 -0.004343
-2.001317 -4.002771 1.001584 0.250000 -0.007980
-2.001766 -4.003630 2.003381 0.250000 0.005931
-2.003607 -3.005460 1.004358 0.250000 -0.025543
-2.003598 -3.005465 2.006858 0.250000 0.019198
-2.008476 -2.008476 1.010359 0.250000 -0.042851
-2.006606 -2.006606 2.012463 0.250000 0.041393
-2.015423 -1.007714 1.019766 0.250000 -0.005676
-2.010115 -1.004993 2.018935 0.250000 0.078109
-2.019175 0.000054 1.025247 0.250000 0.037575
-2.011810 0.000132 2.022053 0.250000 0.099975
-2.015396 1.007841 1.019660 0.250000 -0.007460
-2.010083 1.005262 2.018814 0.250000 0.074886
-2.008418 2.008660 1.010134 0.250000 -0.049814
-2.006547 2.006874 2.012234 0.250000 0.032460
-2.003544 3.005727 1.004112 0.250000 -0.042444
-2.003538 3.005696 2.006620 0.250000 0.001691
-2.001361 4.003212 1.001751 0.250000 -0.032873
-2.001763 4.003828 2.003413 0.250000 -0.018139
-1.000304 -5.001819 1.000933 0.250000 -0.009179
-1.000490 -5.002707 2.002134 0.250000 -0.004652
-1.000974 -4.004134 1.002395 0.250000 -0.016453
-1.001133 -4.004834 2.004506 0.250000 0.007813
-1.002933 -3.008891 1.007132 0.250000 -0.039756
-1.002498 -3.007737 2.009674 0.250000 0.028164
-1.007714 -2.015423 1.019766 0.250000 -0.005675
-1.004993 -2.010115 2.018935 0.250000 0.078109
-1.015277 -1.015277 1.043601 0.250000 0.241536
-1.008213 -1.008213 2.030907 0.250000 0.177145
-1.019348 0.000065 1.058791 0.250000 0.450121
-1.009867 0.000147 2.037121 0.250000 0.240548
-1.015261 1.015431 1.043480 0.250000 0.239473
-1.008195 1.008514 2.030769 0.250000 0.173485
-1.007680 2.015649 1.019510 0.250000 -0.013624
-1.004961 2.010423 2.018671 0.250000 0.067971
-1.002894 3.009232 1.006845 0.250000 -0.058920
-1.002464 3.008016 2.009388 0.250000 0.008280
-1.000991 4.004690 1.002548 0.250000 -0.044560
-1.001128 4.005084 2.004501 0.250000 -0.019525
0.000038 -5.002035 1.001027 0.250000 -0.010973
0.000078 -5.002935 2.002296 0.250000 -0.005260
0.000032 -4.004739 1.002737 0.250000 -0.020432
0.000092 -4.005328 2.004957 0.250000 0.008050
0.000041 -3.010576 1.008518 0.250000 -0.043206
0.000112 -3.008749 2.010907 0.250000 0.032322
0.000054 -2.019175 1.025247 0.250000 0.037575
0.000132 -2.011810 2.022053 0.250000 0.099975
0.000065 -1.019348 1.058791 0.250000 0.450122
0.000147 -1.009867 2.037121 0.250000 0.240548
0.000070 0.000070 1.080030 0.250000 0.770233
0.000152 0.000152 2.045166 0.250000 0.332382
0.000064 1.019513 1.058663 0.250000 0.447875
0.000145 1.010179 2.036978 0.250000 0.236668
0.000052 2.019417 1.024980 0.250000 0.029114
0.000129 2.012132 2.021778 0.250000 0.089298
0.000044 3.010943 1.008218 0.250000 -0.063386
0.000110 3.009045 2.010607 0.250000 0.011444
0.000050 4.005338 1.002893 0.250000 -0.049901
0.000097 4.005597 2.004945 0.250000 -0.020607
1.000382 -5.001784 1.000897 0.250000 -0.010421
1.000642 -5.002668 2.002097 0.250000 -0.006408
1.001047 -4.004098 1.002330 0.250000 -0.017805
1.001314 -4.004792 2.004438 0.250000 0.005621
1.003029 -3.008858 1.007044 0.250000 -0.041284
1.002722 -3.007697 2.009578 0.250000 0.025468
1.007841 -2.015396 1.019660 0.250000 -0.007461
1.005262 -2.010083 2.018814 0.250000 0.074887
1.015431 -1.015261 1.043480 0.250000 0.239475
1.008514 -1.008195 2.030769 0.250000 0.173484
1.019513 0.000064 1.058663 0.250000 0.447873
1.010179 0.000145 2.036978 0.250000 0.236669
1.015413 1.015413 1.043360 0.250000 0.237245
1.008493 1.008493 2.030635 0.250000 0.169696
1.007804 2.015618 1.019409 0.250000 -0.015722
1.005224 2.010387 2.018558 0.250000 0.064524
1.002994 3.009193 1.006768 0.250000 -0.060869
1.002685 3.007971 2.009305 0.250000 0.005320
1.001097 4.004648 1.002505 0.250000 -0.046329
1.001318 4.005038 2.004455 0.250000 -0.021940
2.000531 -5.001210 1.000614 0.250000 -0.009516
2.000957 -5.002038 2.001644 0.250000 -0.008780
2.001405 -4.002698 1.001454 0.250000 -0.012775
2.001928 -4.003554 2.003262 0.250000 0.000069
2.003738 -3.005389 1.004175 0.250000 -0.031389
2.003812 -3.005392 2.006680 0.250000 0.011786
2.008660 -2.008418 1.010134 0.250000 -0.049814
2.006874 -2.006547 2.012234 0.250000 0.032460
2.015649 -1.007680 1.019510 0.250000 -0.013624
2.010423 -1.004961 2.018671 0.250000 0.067972
2.019417 0.000052 1.024980 0.250000 0.029115
2.012132 0.000129 2.021778 0.250000 0.089298
2.015618 1.007804 1.019409 0.250000 -0.015722
2.010387 1.005224 2.018558 0.250000 0.064524
2.008595 2.008595 1.009921 0.250000 -0.057340
2.006808 2.006808 2.012022 0.250000 0.023162
2.003674 3.005646 1.003956 0.250000 -0.048922
2.003747 3.005614 2.006473 0.250000 -0.006054
2.001478 4.003129 1.001671 0.250000 -0.038047
2.001934 4.003748 2.003340 0.250000 -0.024113
3.000456 -5.000625 1.000379 0.250000 -0.010872
3.000948 -5.001337 2.001190 0.250000 -0.012639
3.001157 -4.001389 1.000668 0.250000 -0.012071
3.001841 -4.002249 2.002066 0.250000 -0.008238
3.002816 -3.002566 1.001899 0.250000 -0.022263
3.003427 -3.003186 2.003914 0.250000 -0.003413
3.005727 -2.003544 1.004112 0.250000 -0.042444
3.005696 -2.003538 2.006620 0.250000 0.001691
3.009232 -1.002894 1.006845 0.250000 -0.058919
3.008016 -1.002464 2.009388 0.250000 0.008280
3.010943 0.000044 1.008218 0.250000 -0.063386
3.009045 0.000110 2.010607 0.250000 0.011443
3.009193 1.002994 1.006768 0.250000 -0.060869
3.007971 1.002685 2.009305 0.250000 0.005320
3.005646 2.003674 1.003956 0.250000 -0.048923
3.005614 2.003747 2.006473 0.250000 -0.006054
3.002737 3.002737 1.001767 0.250000 -0.036638
3.003349 3.003349 2.003799 0.250000 -0.017849
3.001239 4.001685 1.000944 0.250000 -0.032079
3.001855 4.002386 2.002221 0.250000 -0.027376
4.000320 -5.000306 1.000481 0.250000 -0.013424
4.000738 -5.000821 2.001005 0.250000 -0.016303
4.000779 -4.000661 1.000490 0.250000 -0.015558
4.001383 -4.001313 2.001378 0.250000 -0.016425
4.001762 -3.001116 1.000970 0.250000 -0.021622
4.002455 -3.001731 2.002239 0.250000 -0.016819
4.003212 -2.001361 1.001751 0.250000 -0.032872
4.003828 -2.001763 2.003413 0.250000 -0.018139
4.004690 -1.000991 1.002548 0.250000 -0.044559
4.005084 -1.001128 2.004501 0.250000 -0.019524
4.005338 0.000050 1.002893 0.250000 -0.049901
4.005597 0.000097 2.004945 0.250000 -0.020607
4.004648 1.001097 1.002505 0.250000 -0.046329
4.005038 1.001318 2.004455 0.250000 -0.021940
4.003129 2.001478 1.001671 0.250000 -0.038047
4.003748 2.001934 2.003340 0.250000 -0.024113
4.001685 3.001239 1.000944 0.250000 -0.032079
4.002386 3.001855 2.002221 0.250000 -0.027376
4.000856 4.000856 1.000792 0.250000 -0.029355
4.001416 4.001416 2.001591 0.250000 -0.029899
0.000000 0.000000 -1.000000 0.250000 0.000000
