-4.999624 -4.999624 0.000586 0.250000 -0.001069
-4.999389 -3.999523 0.000463 0.250000 0.000686
-4.999176 -2.999542 0.000600 0.250000 0.006668
-4.999126 -1.999699 0.000719 0.250000 0.014454
-4.999260 -0.999897 0.000735 0.250000 0.020744
-4.999372 -0.000047 0.000726 0.250000 0.023160
-4.999305 0.999795 0.000746 0.250000 0.021151
-4.999185 1.999582 0.000716 0.250000 0.015135
-4.999186 2.999417 0.000633 0.250000 0.007765
-4.999349 3.999417 0.000801 0.250000 0.004024
-3.999523 -4.999389 0.000463 0.250000 0.000686
-3.999357 -3.999357 0.000338 0.250000 0.007217
-3.999542 -2.999700 0.000366 0.250000 0.019951
-4.000508 -2.000319 -0.000016 0.250000 0.029023
-4.002059 -1.000568 -0.000745 0.250000 0.027832
-4.002898 -0.000053 -0.001124 0.250000 0.024689
-4.002108 1.000446 -0.000733 0.250000 0.028346
-4.000567 2.000163 -0.000036 0.250000 0.029930
-3.999534 2.999533 0.000356 0.250000 0.021357
-3.999301 3.999249 0.000700 0.250000 0.011626
-2.999542 -4.999176 0.000600 0.250000 0.006668
-2.999700 -3.999542 0.000366 0.250000 0.019951
-3.001170 -3.001170 -0.000431 0.250000 0.029352
-3.005465 -2.003694 -0.002607 0.250000 0.001506
-3.012048 -1.004105 -0.004552 0.250000 -0.056147
-3.015624 -0.000061 -0.004901 0.250000 -0.084074
-3.012093 1.003959 -0.004533 0.250000 -0.055510
-3.005510 2.003505 -0.002624 0.250000 0.002779
-3.001135 3.000997 -0.000456 0.250000 0.031477
-2.999633 3.999518 0.000726 0.250000 0.025663
-1.999699 -4.999126 0.000719 0.250000 0.014454
-2.000319 -4.000508 -0.000016 0.250000 0.029023
-2.003694 -3.005465 -0.002607 0.250000 0.001506
-2.013802 -2.013802 -0.004678 0.250000 -0.115581
-2.030640 -1.015426 0.005597 0.250000 -0.194793
-2.039827 -0.000077 0.017586 0.250000 -0.176977
-2.030674 1.015245 0.005625 0.250000 -0.194004
-2.013828 2.013580 -0.004693 0.250000 -0.113983
-2.003647 3.005319 -0.002636 0.250000 0.004350
-2.000258 4.000641 0.000354 0.250000 0.036019
-0.999897 -4.999260 0.000735 0.250000 0.020745
-1.000568 -4.002059 -0.000745 0.250000 0.027832
-1.004105 -3.012048 -0.004552 0.250000 -0.056147
-1.015426 -2.030640 0.005597 0.250000 -0.194793
-1.030533 -1.030533 0.074508 0.250000 0.087361
-1.039767 -0.000092 0.118529 0.250000 0.313594
-1.030551 1.030321 0.074545 0.250000 0.088534
-1.015436 2.030395 0.005582 0.250000 -0.192824
-1.004073 3.011941 -0.004585 0.250000 -0.052808
-1.000536 4.002355 -0.000364 0.250000 0.035640
-0.000047 -4.999372 0.000726 0.250000 0.023160
-0.000053 -4.002898 -0.001124 0.250000 0.024689
-0.000061 -3.015624 -0.004901 0.250000 -0.084075
-0.000077 -2.039827 0.017586 0.250000 -0.176979
-0.000092 -1.039767 0.118529 0.250000 0.313595
-0.000097 -0.000097 0.186886 0.250000 0.699418
-0.000090 1.039544 0.118572 0.250000 0.315032
-0.000078 2.039576 0.017569 0.250000 -0.174721
-0.000071 3.015539 -0.004938 0.250000 -0.080512
-0.000063 4.003265 -0.000741 0.250000 0.032792
0.999795 -4.999305 0.000746 0.250000 0.021151
1.000446 -4.002108 -0.000733 0.250000 0.028346
1.003959 -3.012093 -0.004533 0.250000 -0.055510
1.015245 -2.030674 0.005625 0.250000 -0.194003
1.030321 -1.030551 0.074545 0.250000 0.088534
1.039544 -0.000090 0.118572 0.250000 0.315033
1.030342 1.030342 0.074582 0.250000 0.089774
1.015254 2.030434 0.005607 0.250000 -0.191926
1.003912 3.011991 -0.004570 0.250000 -0.052073
1.000400 4.002405 -0.000352 0.250000 0.036249
1.999582 -4.999185 0.000716 0.250000 0.015135
2.000163 -4.000567 -0.000036 0.250000 0.029929
2.003505 -3.005510 -0.002624 0.250000 0.002779
2.013580 -2.013828 -0.004693 0.250000 -0.113983
2.030395 -1.015436 0.005582 0.250000 -0.192824
2.039576 -0.000078 0.017569 0.250000 -0.174721
2.030434 1.015254 0.005607 0.250000 -0.191926
2.013608 2.013608 -0.004715 0.250000 -0.112245
2.003451 3.005367 -0.002661 0.250000 0.005738
2.000105 4.000697 0.000348 0.250000 0.037139
2.999417 -4.999186 0.000633 0.250000 0.007765
2.999533 -3.999534 0.000356 0.250000 0.021357
3.000997 -3.001135 -0.000456 0.250000 0.031477
3.005319 -2.003647 -0.002636 0.250000 0.004350
3.011941 -1.004073 -0.004585 0.250000 -0.052808
3.015539 -0.000071 -0.004938 0.250000 -0.080511
3.011991 1.003912 -0.004570 0.250000 -0.052073
3.005367 2.003451 -0.002661 0.250000 0.005738
3.000964 3.000964 -0.000474 0.250000 0.033810
2.999486 3.999509 0.000762 0.250000 0.027605
3.999417 -4.999349 0.000801 0.250000 0.004023
3.999249 -3.999301 0.000700 0.250000 0.011627
3.999518 -2.999633 0.000726 0.250000 0.025663
4.000641 -2.000258 0.000354 0.250000 0.036019
4.002355 -1.000536 -0.000364 0.250000 0.035641
4.003265 -0.000063 -0.000741 0.250000 0.032792
4.002405 1.000400 -0.000352 0.250000 0.036249
4.000697 2.000105 0.000348 0.250000 0.037139
3.999509 2.999486 0.000762 0.250000 0.027604
3.999217 3.999217 0.001090 0.250000 0.016637
-4.999260 -4.999260 1.000421 0.250000 -0.005273
-4.999783 -4.999783 2.000638 0.250000 -0.007430
-4.998986 -3.999282 1.000323 0.250000 -0.008263
-4.999954 -4.000065 2.000737 0.250000 -0.010790
-4.998746 -2.999389 1.000627 0.250000 -0.007042
-5.000314 -3.000329 2.001220 0.250000 -0.010623
-4.998604 -1.999574 1.001096 0.250000 -0.002053
-5.000801 -2.000444 2.001912 0.250000 -0.006853
-4.998587 -0.999811 1.001519 0.250000 0.003862
-5.001249 -1.000334 2.002540 0.250000 -0.001896
-4.998616 -0.000050 1.001702 0.250000 0.006785
-5.001437 -0.000040 2.002808 0.250000 0.000849
-4.998617 0.999710 1.001549 0.250000 0.005040
-5.001255 1.000255 2.002574 0.250000 -0.000149
-4.998635 1.999456 1.001125 0.250000 0.000323
-5.000798 2.000357 2.001965 0.250000 -0.003345
-4.998740 2.999219 1.000676 0.250000 -0.003469
-5.000293 3.000198 2.001314 0.250000 -0.005478
-4.998977 3.999087 1.000637 0.250000 -0.002572
-4.999951 3.999887 2.001002 0.250000 -0.004210
-3.999282 -4.998986 1.000323 0.250000 -0.008263
-4.000065 -4.999954 2.000737 0.250000 -0.010791
-3.999058 -3.999058 1.000525 0.250000 -0.008481
-4.000494 -4.000494 2.001300 0.250000 -0.011936
-3.999001 -2.999340 1.001430 0.250000 0.001181
-4.001266 -3.001017 2.002609 0.250000 -0.004954
-3.999325 -1.999780 1.002597 0.250000 0.016607
-4.002322 -2.001239 2.004352 0.250000 0.008398
-4.000001 -1.000099 1.003573 0.250000 0.028971
-4.003346 -1.000900 2.005916 0.250000 0.021311
-4.000403 -0.000055 1.003969 0.250000 0.033627
-4.003792 -0.000041 2.006569 0.250000 0.027209
-4.000033 0.999985 1.003607 0.250000 0.030699
-4.003349 1.000823 2.005948 0.250000 0.023809
-3.999353 1.999642 1.002610 0.250000 0.020139
-4.002307 2.001158 2.004385 0.250000 0.013434
-3.998970 2.999136 1.001415 0.250000 0.006442
-4.001215 3.000884 2.002653 0.250000 0.002416
-3.999016 3.998843 1.000816 0.250000 -0.000382
-4.000446 4.000296 2.001529 0.250000 -0.002635
-2.999389 -4.998746 1.000627 0.250000 -0.007041
-3.000329 -5.000314 2.001220 0.250000 -0.010624
-2.999340 -3.999001 1.001430 0.250000 0.001181
-3.001017 -4.001266 2.002609 0.250000 -0.004954
-2.999924 -2.999924 1.003244 0.250000 0.023049
-3.002302 -3.002302 2.005318 0.250000 0.014165
-3.002060 -2.001470 1.005405 0.250000 0.039237
-3.004283 -2.002893 2.008925 0.250000 0.038761
-3.005721 -1.002053 1.007515 0.250000 0.037523
-3.006501 -1.002215 2.012348 0.250000 0.056846
-3.007808 -0.000060 1.008616 0.250000 0.034105
-3.007559 -0.000039 2.013849 0.250000 0.063949
-3.005749 1.001928 1.007557 0.250000 0.039867
-3.006498 1.002146 2.012377 0.250000 0.060153
-3.002076 2.001325 1.005407 0.250000 0.044098
-3.004255 2.002833 2.008933 0.250000 0.045428
-2.999867 2.999731 1.003164 0.250000 0.030302
-3.002228 3.002200 2.005292 0.250000 0.023863
-2.999275 3.998849 1.001643 0.250000 0.011773
-3.000938 4.001096 2.002751 0.250000 0.007035
-1.999574 -4.998604 1.001096 0.250000 -0.002053
-2.000444 -5.000801 2.001912 0.250000 -0.006854
-1.999780 -3.999325 1.002597 0.250000 0.016607
-2.001239 -4.002322 2.004352 0.250000 0.008398
-2.001470 -3.002060 1.005405 0.250000 0.039237
-2.002893 -3.004283 2.008925 0.250000 0.038760
-2.007367 -2.007367 1.009881 0.250000 0.022438
-2.005960 -2.005960 2.015511 0.250000 0.065647
-2.017962 -1.009185 1.018681 0.250000 -0.006068
-2.010070 -1.005068 2.022890 0.250000 0.079500
-2.024231 -0.000069 1.024915 0.250000 -0.007868
-2.012238 -0.000036 2.026582 0.250000 0.085677
-2.017981 1.009045 1.018725 0.250000 -0.003160
-2.010063 1.005012 2.022913 0.250000 0.083517
-2.007370 2.007220 1.009864 0.250000 0.028439
-2.005926 2.005930 2.015486 0.250000 0.073706
-2.001403 3.001908 1.005251 0.250000 0.048120
-2.002814 3.004232 2.008814 0.250000 0.050343
-1.999715 3.999303 1.002717 0.250000 0.029193
-2.001154 4.002214 2.004382 0.250000 0.022451
-0.999811 -4.998587 1.001519 0.250000 0.003862
-1.000334 -5.001249 2.002540 0.250000 -0.001897
-1.000099 -4.000001 1.003573 0.250000 0.028971
-1.000900 -4.003346 2.005916 0.250000 0.021310
-1.002053 -3.005721 1.007515 0.250000 0.037523
-1.002215 -3.006501 2.012348 0.250000 0.056847
-1.009185 -2.017962 1.018681 0.250000 -0.006068
-1.005068 -2.010070 2.022890 0.250000 0.079501
-1.022482 -1.022482 1.048933 0.250000 0.038411
-1.009412 -1.009412 2.037179 0.250000 0.096866
-1.030015 -0.000075 1.071550 0.250000 0.127220
-1.011867 -0.000032 2.045198 0.250000 0.112938
-1.022490 1.022332 1.048979 0.250000 0.041812
-1.009406 1.009369 2.037195 0.250000 0.101381
-1.009181 2.017819 1.018644 0.250000 0.000745
-1.005044 2.010069 2.022834 0.250000 0.088478
-1.002009 3.005618 1.007293 0.250000 0.047372
-1.002162 3.006499 2.012161 0.250000 0.069569
-1.000061 4.000113 1.003609 0.250000 0.042640
-1.000844 4.003301 2.005844 0.250000 0.036500
-0.000050 -4.998616 1.001702 0.250000 0.006785
-0.000040 -5.001437 2.002808 0.250000 0.000848
-0.000055 -4.000403 1.003969 0.250000 0.033627
-0.000041 -4.003792 2.006569 0.250000 0.027208
-0.000060 -3.007808 1.008616 0.250000 0.034106
-0.000039 -3.007559 2.013849 0.250000 0.063948
-0.000069 -2.024231 1.024915 0.250000 -0.007867
-0.000036 -2.012238 2.026582 0.250000 0.085676
-0.000075 -1.030015 1.071550 0.250000 0.127218
-0.000032 -1.011867 2.045198 0.250000 0.112938
-0.000077 -0.000077 1.105023 0.250000 0.285595
-0.000029 -0.000029 2.056087 0.250000 0.141406
-0.000073 1.029864 1.071595 0.250000 0.130863
-0.000030 1.011832 2.045210 0.250000 0.117634
-0.000068 2.024093 1.024867 0.250000 -0.000723
-0.000034 2.012251 2.026512 0.250000 0.094962
-0.000065 3.007729 1.008362 0.250000 0.044266
-0.000038 3.007578 2.013630 0.250000 0.077012
-0.000060 4.000572 1.003969 0.250000 0.047598
-0.000039 4.003774 2.006454 0.250000 0.042699
0.999710 -4.998617 1.001549 0.250000 0.005040
1.000255 -5.001255 2.002574 0.250000 -0.000149
0.999985 -4.000033 1.003607 0.250000 0.030699
1.000823 -4.003349 2.005948 0.250000 0.023808
1.001928 -3.005749 1.007557 0.250000 0.039867
1.002146 -3.006498 2.012377 0.250000 0.060153
1.009045 -2.017981 1.018725 0.250000 -0.003160
1.005012 -2.010063 2.022913 0.250000 0.083516
1.022332 -1.022490 1.048979 0.250000 0.041811
1.009369 -1.009406 2.037195 0.250000 0.101381
1.029864 -0.000073 1.071595 0.250000 0.130864
1.011832 -0.000030 2.045210 0.250000 0.117635
1.022344 1.022344 1.049022 0.250000 0.045241
1.009366 1.009366 2.037208 0.250000 0.105878
1.009043 2.017842 1.018683 0.250000 0.003674
1.004992 2.010065 2.022852 0.250000 0.092434
1.001875 3.005649 1.007326 0.250000 0.049683
1.002096 3.006497 2.012185 0.250000 0.072756
0.999939 4.000143 1.003640 0.250000 0.044320
1.000770 4.003302 2.005873 0.250000 0.038854
1.999456 -4.998635 1.001125 0.250000 0.000323
2.000357 -5.000798 2.001965 0.250000 -0.003345
1.999642 -3.999353 1.002610 0.250000 0.020138
2.001158 -4.002307 2.004385 0.250000 0.013434
2.001325 -3.002076 1.005407 0.250000 0.044098
2.002833 -3.004255 2.008933 0.250000 0.045429
2.007220 -2.007370 1.009864 0.250000 0.028440
2.005930 -2.005926 2.015486 0.250000 0.073706
2.017819 -1.009181 1.018644 0.250000 0.000744
2.010069 -1.005044 2.022834 0.250000 0.088477
2.024093 -0.000068 1.024867 0.250000 -0.000723
2.012251 -0.000034 2.026512 0.250000 0.094963
2.017842 1.009043 1.018683 0.250000 0.003673
2.010065 1.004992 2.022852 0.250000 0.092436
2.007224 2.007224 1.009837 0.250000 0.034404
2.005900 2.005900 2.015453 0.250000 0.081599
2.001253 3.001924 1.005242 0.250000 0.052820
2.002756 3.004204 2.008815 0.250000 0.056712
1.999581 3.999325 1.002736 0.250000 0.032580
2.001078 4.002196 2.004416 0.250000 0.027140
2.999219 -4.998740 1.000676 0.250000 -0.003469
3.000198 -5.000293 2.001314 0.250000 -0.005477
2.999136 -3.998970 1.001415 0.250000 0.006442
3.000884 -4.001215 2.002653 0.250000 0.002415
2.999731 -2.999867 1.003164 0.250000 0.030303
3.002200 -3.002228 2.005292 0.250000 0.023864
3.001908 -2.001403 1.005251 0.250000 0.048120
3.004232 -2.002814 2.008814 0.250000 0.050342
3.005618 -1.002009 1.007293 0.250000 0.047372
3.006499 -1.002162 2.012161 0.250000 0.069568
3.007729 -0.000065 1.008362 0.250000 0.044266
3.007578 -0.000038 2.013630 0.250000 0.077012
3.005649 1.001875 1.007326 0.250000 0.049683
3.006497 1.002096 2.012185 0.250000 0.072755
3.001924 2.001253 1.005242 0.250000 0.052820
3.004204 2.002756 2.008815 0.250000 0.056713
2.999671 2.999671 1.003085 0.250000 0.037259
3.002126 3.002126 2.005266 0.250000 0.033057
2.999091 3.998818 1.001663 0.250000 0.016847
3.000818 4.001049 2.002809 0.250000 0.013818
3.999087 -4.998977 1.000637 0.250000 -0.002573
3.999887 -4.999951 2.001002 0.250000 -0.004210
3.998843 -3.999016 1.000816 0.250000 -0.000382
4.000296 -4.000446 2.001529 0.250000 -0.002636
3.998849 -2.999275 1.001643 0.250000 0.011773
4.001096 -3.000938 2.002751 0.250000 0.007035
3.999303 -1.999715 1.002717 0.250000 0.029193
4.002214 -2.001154 2.004382 0.250000 0.022452
4.000113 -1.000061 1.003609 0.250000 0.042639
4.003301 -1.000844 2.005844 0.250000 0.036500
4.000572 -0.000060 1.003969 0.250000 0.047598
4.003774 -0.000039 2.006454 0.250000 0.042699
4.000143 0.999939 1.003640 0.250000 0.044320
4.003302 1.000770 2.005873 0.250000 0.038854
3.999325 1.999581 1.002736 0.250000 0.032580
4.002196 2.001078 2.004416 0.250000 0.027140
3.998818 2.999091 1.001663 0.250000 0.016847
4.001049 3.000818 2.002809 0.250000 0.013818
3.998833 3.998833 1.001134 0.250000 0.007373
4.000275 4.000275 2.001771 0.250000 0.005840
0.000000 0.000000 -1.000000 0.250000 0.000000
