-5.000546 -5.000546 0.000827 0.250000 -0.093636
-5.000838 -4.000614 0.000623 0.250000 -0.111373
-5.001306 -3.000667 0.000692 0.250000 -0.128733
-5.001868 -2.000612 0.000908 0.250000 -0.146502
-5.002354 -1.000359 0.001131 0.250000 -0.161148
-5.002545 0.000065 0.001235 0.250000 -0.168008
-5.002332 1.000494 0.001168 0.250000 -0.165206
-5.001831 2.000765 0.001005 0.250000 -0.154577
-5.001281 3.000856 0.000940 0.250000 -0.138651
-5.000890 4.000857 0.001180 0.250000 -0.116917
-4.000614 -5.000838 0.000623 0.250000 -0.111373
-4.001045 -4.001045 0.000413 0.250000 -0.138171
-4.001827 -3.001286 0.000679 0.250000 -0.167216
-4.002913 -2.001337 0.001282 0.250000 -0.197677
-4.003986 -1.000893 0.001958 0.250000 -0.221322
-4.004451 0.000063 0.002278 0.250000 -0.231424
-4.003963 1.001031 0.001989 0.250000 -0.226818
-4.002873 2.001510 0.001374 0.250000 -0.208861
-4.001802 3.001525 0.000959 0.250000 -0.181453
-4.001113 4.001374 0.001115 0.250000 -0.146621
-3.000667 -5.001306 0.000692 0.250000 -0.128733
-3.001286 -4.001827 0.000679 0.250000 -0.167216
-3.002561 -3.002561 0.001542 0.250000 -0.210347
-3.004679 -2.003056 0.003434 0.250000 -0.245232
-3.007172 -1.002316 0.005984 0.250000 -0.249162
-3.008387 0.000071 0.007345 0.250000 -0.241182
-3.007150 1.002475 0.006014 0.250000 -0.255631
-3.004640 2.003269 0.003530 0.250000 -0.258482
-3.002538 3.002871 0.001855 0.250000 -0.227399
-3.001355 4.002260 0.001485 0.250000 -0.177567
-2.000612 -5.001868 0.000908 0.250000 -0.146502
-2.001337 -4.002913 0.001282 0.250000 -0.197677
-2.003056 -3.004679 0.003434 0.250000 -0.245231
-2.006553 -2.006553 0.009071 0.250000 -0.213519
-2.011524 -1.005718 0.019183 0.250000 0.011050
-2.014090 0.000083 0.025764 0.250000 0.201384
-2.011506 1.005904 0.019213 0.250000 0.003875
-2.006521 2.006809 0.009175 0.250000 -0.228110
-2.003036 3.005063 0.003779 0.250000 -0.263763
-2.001389 4.003450 0.002177 0.250000 -0.208296
-1.000359 -5.002354 0.001131 0.250000 -0.161147
-1.000893 -4.003986 0.001958 0.250000 -0.221321
-1.002316 -3.007172 0.005984 0.250000 -0.249162
-1.005718 -2.011524 0.019183 0.250000 0.011050
-1.009920 -1.009920 0.049263 0.250000 1.002092
-1.012456 0.000091 0.066295 0.250000 1.603012
-1.009910 1.010127 0.049291 0.250000 0.994293
-1.005699 2.011813 0.019290 0.250000 -0.004454
-1.002302 3.007612 0.006354 0.250000 -0.268314
-1.000915 4.004603 0.002921 0.250000 -0.231293
0.000065 -5.002545 0.001235 0.250000 -0.168008
0.000063 -4.004451 0.002278 0.250000 -0.231424
0.000071 -3.008387 0.007345 0.250000 -0.241182
0.000083 -2.014090 0.025764 0.250000 0.201383
0.000091 -1.012456 0.066295 0.250000 1.603011
0.000095 0.000095 0.091227 0.250000 2.513866
0.000091 1.012671 0.066322 0.250000 1.594979
0.000083 2.014392 0.025873 0.250000 0.185562
0.000076 3.008848 0.007726 0.250000 -0.260313
0.000078 4.005097 0.003269 0.250000 -0.240675
1.000494 -5.002332 0.001168 0.250000 -0.165207
1.001031 -4.003963 0.001989 0.250000 -0.226817
1.002475 -3.007150 0.006014 0.250000 -0.255631
1.005904 -2.011506 0.019213 0.250000 0.003875
1.010127 -1.009910 0.049291 0.250000 0.994293
1.012671 0.000091 0.066322 0.250000 1.594979
1.010117 1.010117 0.049321 0.250000 0.986657
1.005886 2.011794 0.019324 0.250000 -0.011266
1.002469 3.007588 0.006391 0.250000 -0.274079
1.001080 4.004578 0.002964 0.250000 -0.235517
2.000765 -5.001831 0.001005 0.250000 -0.154578
2.001510 -4.002873 0.001374 0.250000 -0.208860
2.003269 -3.004640 0.003530 0.250000 -0.258482
2.006809 -2.006521 0.009175 0.250000 -0.228111
2.011813 -1.005699 0.019290 0.250000 -0.004454
2.014392 0.000083 0.025873 0.250000 0.185562
2.011794 1.005886 0.019324 0.250000 -0.011266
2.006775 2.006775 0.009285 0.250000 -0.241874
2.003251 3.005020 0.003888 0.250000 -0.275393
2.001582 4.003406 0.002292 0.250000 -0.216608
3.000856 -5.001281 0.000940 0.250000 -0.138651
3.001525 -4.001802 0.000959 0.250000 -0.181454
3.002871 -3.002538 0.001855 0.250000 -0.227399
3.005063 -2.003036 0.003779 0.250000 -0.263764
3.007612 -1.002302 0.006354 0.250000 -0.268315
3.008848 0.000076 0.007726 0.250000 -0.260314
3.007588 1.002469 0.006391 0.250000 -0.274078
3.005020 2.003251 0.003888 0.250000 -0.275393
3.002845 3.002845 0.002184 0.250000 -0.241423
3.001598 4.002228 0.001779 0.250000 -0.187108
4.000857 -5.000890 0.001180 0.250000 -0.116917
4.001374 -4.001113 0.001115 0.250000 -0.146620
4.002260 -3.001355 0.001485 0.250000 -0.177567
4.003450 -2.001389 0.002177 0.250000 -0.208297
4.004603 -1.000915 0.002921 0.250000 -0.231293
4.005097 0.000078 0.003269 0.250000 -0.240676
4.004578 1.001080 0.002964 0.250000 -0.235518
4.003406 2.001582 0.002292 0.250000 -0.216608
4.002228 3.001598 0.001779 0.250000 -0.187108
4.001431 4.001431 0.001772 0.250000 -0.149725
-5.000527 -5.000527 1.001061 0.250000 -0.094511
-5.000729 -5.000729 2.001442 0.250000 -0.090401
-5.000841 -4.000702 1.001015 0.250000 -0.107720
-5.001121 -4.000959 2.001589 0.250000 -0.098901
-5.001364 -3.000838 1.001268 0.250000 -0.117716
-5.001699 -3.001096 2.001990 0.250000 -0.103404
-5.002000 -2.000790 1.001673 0.250000 -0.126481
-5.002363 -2.000993 2.002521 0.250000 -0.105547
-5.002550 -1.000476 1.002047 0.250000 -0.133264
-5.002913 -1.000586 2.002986 0.250000 -0.106684
-5.002767 0.000051 1.002208 0.250000 -0.137106
-5.003128 0.000045 2.003181 0.250000 -0.108347
-5.002534 1.000576 1.002078 0.250000 -0.137865
-5.002907 1.000668 2.003023 0.250000 -0.111299
-5.001980 2.000881 1.001759 0.250000 -0.135587
-5.002364 2.001053 2.002623 0.250000 -0.114253
-5.001377 3.000916 1.001490 0.250000 -0.129288
-5.001739 3.001127 2.002218 0.250000 -0.114048
-5.000955 4.000816 1.001525 0.250000 -0.115106
-5.001242 4.001000 2.002030 0.250000 -0.106706
-4.000702 -5.000841 1.001015 0.250000 -0.107720
-4.000959 -5.001121 2.001589 0.250000 -0.098901
-4.001214 -4.001214 1.001109 0.250000 -0.122900
-4.001567 -4.001567 2.001984 0.250000 -0.105025
-4.002114 -3.001579 1.001747 0.250000 -0.133282
-4.002495 -3.001900 2.002853 0.250000 -0.103793
-4.003331 -2.001635 1.002743 0.250000 -0.140465
-4.003637 -2.001832 2.004023 0.250000 -0.097102
-4.004500 -1.001080 1.003724 0.250000 -0.143667
-4.004655 -1.001146 2.005092 0.250000 -0.089010
-4.004999 0.000052 1.004154 0.250000 -0.145805
-4.005072 0.000051 2.005542 0.250000 -0.086977
-4.004483 1.001185 1.003745 0.250000 -0.150021
-4.004646 1.001240 2.005122 0.250000 -0.095380
-4.003306 2.001736 1.002814 0.250000 -0.153364
-4.003632 2.001900 2.004116 0.250000 -0.109375
-4.002121 3.001674 1.001979 0.250000 -0.150432
-4.002524 3.001932 2.003094 0.250000 -0.119369
-4.001327 4.001364 1.001724 0.250000 -0.134888
-4.001672 4.001608 2.002497 0.250000 -0.117339
-3.000838 -5.001364 1.001268 0.250000 -0.117716
-3.001096 -5.001699 2.001990 0.250000 -0.103404
-3.001579 -4.002114 1.001747 0.250000 -0.133282
-3.001900 -4.002495 2.002853 0.250000 -0.103793
-3.003009 -3.003009 1.003236 0.250000 -0.138801
-3.003219 -3.003219 2.004597 0.250000 -0.089022
-3.005242 -2.003469 1.005709 0.250000 -0.128544
-3.005011 -2.003333 2.007076 0.250000 -0.058020
-3.007722 -1.002532 1.008486 0.250000 -0.100629
-3.006769 -1.002223 2.009526 0.250000 -0.020501
-3.008887 0.000061 1.009809 0.250000 -0.084569
-3.007535 0.000061 2.010603 0.250000 -0.004441
-3.007705 1.002656 1.008500 0.250000 -0.108370
-3.006759 1.002337 2.009549 0.250000 -0.028404
-3.005218 2.003598 1.005773 0.250000 -0.144444
-3.005003 2.003420 2.007161 0.250000 -0.073426
-3.003011 3.003143 1.003475 0.250000 -0.160435
-3.003239 3.003268 2.004844 0.250000 -0.109017
-3.001679 4.002322 1.002430 0.250000 -0.149300
-3.001985 4.002554 2.003413 0.250000 -0.120348
-2.000790 -5.002000 1.001673 0.250000 -0.126481
-2.000993 -5.002363 2.002521 0.250000 -0.105548
-2.001635 -4.003331 1.002743 0.250000 -0.140465
-2.001832 -4.003637 2.004023 0.250000 -0.097102
-2.003469 -3.005242 1.005709 0.250000 -0.128544
-2.003333 -3.005011 2.007076 0.250000 -0.058020
-2.006859 -2.006859 1.011381 0.250000 -0.052259
-2.005611 -2.005611 2.011806 0.250000 0.025028
-2.011292 -1.005618 1.019050 0.250000 0.112285
-2.008105 -1.004020 2.016983 0.250000 0.136005
-2.013596 0.000072 1.023182 0.250000 0.216555
-2.009272 0.000071 2.019412 0.250000 0.191185
-2.011278 1.005766 1.019060 0.250000 0.103490
-2.008097 1.004155 2.017001 0.250000 0.126909
-2.006839 2.007019 1.011439 0.250000 -0.070391
-2.005603 2.005720 2.011884 0.250000 0.007191
-2.003468 3.005422 1.005956 0.250000 -0.153402
-2.003344 3.005082 2.007325 0.250000 -0.081430
-2.001710 4.003604 1.003478 0.250000 -0.158989
-2.001892 4.003719 2.004615 0.250000 -0.116835
-1.000476 -5.002550 1.002047 0.250000 -0.133264
-1.000586 -5.002913 2.002986 0.250000 -0.106683
-1.001080 -4.004500 1.003724 0.250000 -0.143667
-1.001146 -4.004655 2.005092 0.250000 -0.089009
-1.002532 -3.007722 1.008486 0.250000 -0.100629
-1.002223 -3.006769 2.009526 0.250000 -0.020502
-1.005618 -2.011292 1.019050 0.250000 0.112285
-1.004020 -2.008105 2.016983 0.250000 0.136004
-1.010153 -1.010153 1.035984 0.250000 0.598738
-1.006179 -1.006179 2.025937 0.250000 0.365410
-1.012528 0.000080 1.046032 0.250000 0.924158
-1.007249 0.000078 2.030403 0.250000 0.488874
-1.010145 1.010320 1.035990 0.250000 0.589203
-1.006175 1.006329 2.025952 0.250000 0.355557
-1.005606 2.011477 1.019105 0.250000 0.092722
-1.004016 2.008231 2.017056 0.250000 0.116656
-1.002529 3.007938 1.008739 0.250000 -0.127393
-1.002229 3.006857 2.009777 0.250000 -0.045985
-1.001116 4.004825 1.004500 0.250000 -0.163290
-1.001176 4.004757 2.005706 0.250000 -0.110523
0.000051 -5.002767 1.002208 0.250000 -0.137106
0.000045 -5.003128 2.003181 0.250000 -0.108347
0.000052 -4.004999 1.004154 0.250000 -0.145804
0.000051 -4.005072 2.005542 0.250000 -0.086977
0.000061 -3.008887 1.009809 0.250000 -0.084569
0.000061 -3.007535 2.010603 0.250000 -0.004442
0.000072 -2.013596 1.023182 0.250000 0.216555
0.000071 -2.009272 2.019412 0.250000 0.191184
0.000080 -1.012528 1.046032 0.250000 0.924157
0.000078 -1.007249 2.030403 0.250000 0.488874
0.000083 0.000083 1.059653 0.250000 1.389327
0.000081 0.000081 2.036022 0.250000 0.653545
0.000079 1.012701 1.046038 0.250000 0.914386
0.000077 1.007404 2.030418 0.250000 0.478832
0.000071 2.013789 1.023237 0.250000 0.196606
0.000070 2.009404 2.019486 0.250000 0.171484
0.000063 3.009115 1.010067 0.250000 -0.111736
0.000061 3.007630 2.010856 0.250000 -0.030346
0.000062 4.005343 1.004949 0.250000 -0.165337
0.000055 4.005181 2.006167 0.250000 -0.108675
1.000576 -5.002534 1.002078 0.250000 -0.137865
1.000668 -5.002907 2.003023 0.250000 -0.111299
1.001185 -4.004483 1.003745 0.250000 -0.150022
1.001240 -4.004646 2.005122 0.250000 -0.095380
1.002656 -3.007705 1.008500 0.250000 -0.108370
1.002337 -3.006759 2.009549 0.250000 -0.028404
1.005766 -2.011278 1.019060 0.250000 0.103489
1.004155 -2.008097 2.017001 0.250000 0.126909
1.010320 -1.010145 1.035990 0.250000 0.589202
1.006329 -1.006175 2.025952 0.250000 0.355556
1.012701 0.000079 1.046038 0.250000 0.914387
1.007404 0.000077 2.030418 0.250000 0.478833
1.010310 1.010310 1.035999 0.250000 0.579888
1.006322 1.006322 2.025969 0.250000 0.345985
1.005753 2.011461 1.019120 0.250000 0.084414
1.004148 2.008221 2.017080 0.250000 0.108164
1.002657 3.007918 1.008761 0.250000 -0.134259
1.002342 3.006846 2.009808 0.250000 -0.052901
1.001240 4.004806 1.004535 0.250000 -0.168237
1.001278 4.004748 2.005747 0.250000 -0.115520
2.000881 -5.001980 1.001759 0.250000 -0.135587
2.001053 -5.002364 2.002623 0.250000 -0.114253
2.001736 -4.003306 1.002814 0.250000 -0.153365
2.001900 -4.003632 2.004116 0.250000 -0.109375
2.003598 -3.005218 1.005773 0.250000 -0.144445
2.003420 -3.005003 2.007161 0.250000 -0.073426
2.007019 -2.006839 1.011439 0.250000 -0.070391
2.005720 -2.005603 2.011884 0.250000 0.007191
2.011477 -1.005606 1.019105 0.250000 0.092722
2.008231 -1.004016 2.017056 0.250000 0.116656
2.013789 0.000071 1.023237 0.250000 0.196606
2.009404 0.000070 2.019486 0.250000 0.171484
2.011461 1.005753 1.019120 0.250000 0.084415
2.008221 1.004148 2.017080 0.250000 0.108163
2.006996 2.006996 1.011507 0.250000 -0.087430
2.005710 2.005710 2.011972 0.250000 -0.009355
2.003599 3.005394 1.006035 0.250000 -0.167330
2.003433 3.005072 2.007425 0.250000 -0.094729
2.001828 4.003578 1.003576 0.250000 -0.168742
2.001971 4.003716 2.004727 0.250000 -0.126203
3.000916 -5.001377 1.001490 0.250000 -0.129288
3.001127 -5.001739 2.002218 0.250000 -0.114048
3.001674 -4.002121 1.001979 0.250000 -0.150432
3.001932 -4.002524 2.003094 0.250000 -0.119368
3.003143 -3.003011 1.003475 0.250000 -0.160435
3.003268 -3.003239 2.004844 0.250000 -0.109018
3.005422 -2.003468 1.005956 0.250000 -0.153401
3.005082 -2.003344 2.007325 0.250000 -0.081430
3.007938 -1.002529 1.008739 0.250000 -0.127393
3.006857 -1.002229 2.009777 0.250000 -0.045985
3.009115 0.000063 1.010067 0.250000 -0.111736
3.007630 0.000061 2.010856 0.250000 -0.030346
3.007918 1.002657 1.008761 0.250000 -0.134259
3.006846 1.002342 2.009808 0.250000 -0.052902
3.005394 2.003599 1.006035 0.250000 -0.167330
3.005072 2.003433 2.007425 0.250000 -0.094728
3.003145 3.003145 1.003737 0.250000 -0.178589
3.003291 3.003291 2.005109 0.250000 -0.125638
3.001790 4.002332 1.002684 0.250000 -0.161288
3.002033 4.002590 2.003669 0.250000 -0.131472
4.000816 -5.000955 1.001525 0.250000 -0.115105
4.001000 -5.001242 2.002030 0.250000 -0.106706
4.001364 -4.001327 1.001724 0.250000 -0.134888
4.001608 -4.001672 2.002497 0.250000 -0.117339
4.002322 -3.001679 1.002430 0.250000 -0.149300
4.002554 -3.001985 2.003413 0.250000 -0.120347
4.003604 -2.001710 1.003478 0.250000 -0.158989
4.003719 -2.001892 2.004615 0.250000 -0.116835
4.004825 -1.001116 1.004500 0.250000 -0.163290
4.004757 -1.001176 2.005706 0.250000 -0.110523
4.005343 0.000062 1.004949 0.250000 -0.165336
4.005181 0.000055 2.006167 0.250000 -0.108674
4.004806 1.001240 1.004535 0.250000 -0.168237
4.004748 1.001278 2.005747 0.250000 -0.115520
4.003578 2.001828 1.003576 0.250000 -0.168742
4.003716 2.001971 2.004727 0.250000 -0.126203
4.002332 3.001790 1.002684 0.250000 -0.161288
4.002590 3.002033 2.003669 0.250000 -0.131472
4.001488 4.001488 1.002317 0.250000 -0.140829
4.001734 4.001734 2.002999 0.250000 -0.124391
0.000000 0.000000 -1.000000 0.250000 0.000000
