-5.000500 -5.000500 0.000596 0.250000 -0.068935
-5.000790 -4.000569 0.000348 0.250000 -0.081871
-5.001274 -3.000636 0.000371 0.250000 -0.096666
-5.001864 -2.000599 0.000535 0.250000 -0.113730
-5.002379 -1.000360 0.000713 0.250000 -0.128653
-5.002583 0.000059 0.000796 0.250000 -0.135784
-5.002355 1.000486 0.000737 0.250000 -0.132842
-5.001821 2.000747 0.000606 0.250000 -0.122424
-5.001241 3.000825 0.000585 0.250000 -0.108592
-5.000844 4.000823 0.000879 0.250000 -0.091896
-4.000569 -5.000790 0.000348 0.250000 -0.081871
-4.001008 -4.001008 0.000071 0.250000 -0.102936
-4.001832 -3.001281 0.000252 0.250000 -0.130375
-4.002997 -2.001371 0.000759 0.250000 -0.163079
-4.004162 -1.000936 0.001356 0.250000 -0.190642
-4.004670 0.000055 0.001641 0.250000 -0.202684
-4.004136 1.001059 0.001370 0.250000 -0.196119
-4.002950 2.001535 0.000816 0.250000 -0.174745
-4.001798 3.001523 0.000484 0.250000 -0.146923
-4.001079 4.001357 0.000734 0.250000 -0.117193
-3.000636 -5.001274 0.000371 0.250000 -0.096665
-3.001281 -4.001832 0.000252 0.250000 -0.130375
-3.002655 -3.002655 0.000979 0.250000 -0.176589
-3.004978 -2.003254 0.002742 0.250000 -0.223328
-3.007741 -1.002509 0.005249 0.250000 -0.242631
-3.009095 0.000062 0.006619 0.250000 -0.241920
-3.007717 1.002652 0.005260 0.250000 -0.249000
-3.004933 2.003459 0.002797 0.250000 -0.237026
-3.002624 3.002975 0.001235 0.250000 -0.196273
-3.001355 4.002299 0.001013 0.250000 -0.147601
-2.000599 -5.001864 0.000535 0.250000 -0.113730
-2.001371 -4.002997 0.000759 0.250000 -0.163079
-2.003254 -3.004978 0.002742 0.250000 -0.223328
-2.007145 -2.007145 0.008410 0.250000 -0.222775
-2.012720 -1.006321 0.019117 0.250000 -0.037057
-2.015609 0.000073 0.026231 0.250000 0.134473
-2.012701 1.006493 0.019126 0.250000 -0.044097
-2.007107 2.007397 0.008469 0.250000 -0.237855
-2.003226 3.005382 0.003025 0.250000 -0.244832
-2.001426 4.003586 0.001606 0.250000 -0.181474
-1.000360 -5.002379 0.000713 0.250000 -0.128653
-1.000936 -4.004162 0.001356 0.250000 -0.190642
-1.002509 -3.007741 0.005249 0.250000 -0.242631
-1.006321 -2.012720 0.019117 0.250000 -0.037057
-1.011055 -1.011055 0.052028 0.250000 0.884199
-1.013914 0.000083 0.070796 0.250000 1.451786
-1.011044 1.011249 0.052034 0.250000 0.876554
-1.006299 2.013009 0.019176 0.250000 -0.053122
-1.002490 3.008209 0.005554 0.250000 -0.265051
-1.000958 4.004845 0.002271 0.250000 -0.209079
0.000059 -5.002583 0.000796 0.250000 -0.135784
0.000055 -4.004670 0.001641 0.250000 -0.202684
0.000062 -3.009095 0.006619 0.250000 -0.241920
0.000073 -2.015609 0.026231 0.250000 0.134475
0.000083 -1.013914 0.070796 0.250000 1.451786
0.000086 0.000086 0.098372 0.250000 2.318586
0.000082 1.014116 0.070799 0.250000 1.443892
0.000074 2.015911 0.026290 0.250000 0.118017
0.000068 3.009586 0.006935 0.250000 -0.264506
0.000073 4.005388 0.002586 0.250000 -0.220751
1.000486 -5.002355 0.000737 0.250000 -0.132842
1.001059 -4.004136 0.001370 0.250000 -0.196119
1.002652 -3.007717 0.005260 0.250000 -0.249001
1.006493 -2.012701 0.019126 0.250000 -0.044097
1.011249 -1.011044 0.052034 0.250000 0.876554
1.014116 0.000082 0.070799 0.250000 1.443891
1.011237 1.011237 0.052040 0.250000 0.869003
1.006471 2.012988 0.019189 0.250000 -0.059934
1.002643 3.008183 0.005573 0.250000 -0.270926
1.001115 4.004818 0.002301 0.250000 -0.213562
2.000747 -5.001821 0.000606 0.250000 -0.122424
2.001535 -4.002950 0.000816 0.250000 -0.174744
2.003459 -3.004933 0.002797 0.250000 -0.237026
2.007397 -2.007107 0.008469 0.250000 -0.237854
2.013009 -1.006299 0.019176 0.250000 -0.053121
2.015911 0.000074 0.026290 0.250000 0.118017
2.012988 1.006471 0.019189 0.250000 -0.059934
2.007358 2.007358 0.008536 0.250000 -0.252369
2.003436 3.005332 0.003096 0.250000 -0.257288
2.001616 4.003535 0.001693 0.250000 -0.190729
3.000825 -5.001241 0.000585 0.250000 -0.108592
3.001523 -4.001798 0.000484 0.250000 -0.146923
3.002975 -3.002624 0.001235 0.250000 -0.196272
3.005382 -2.003226 0.003025 0.250000 -0.244831
3.008209 -1.002490 0.005554 0.250000 -0.265051
3.009586 0.000068 0.006935 0.250000 -0.264506
3.008183 1.002643 0.005573 0.250000 -0.270926
3.005332 2.003436 0.003096 0.250000 -0.257288
3.002941 3.002941 0.001515 0.250000 -0.213387
3.001604 4.002259 0.001272 0.250000 -0.159834
4.000823 -5.000844 0.000879 0.250000 -0.091896
4.001357 -4.001079 0.000734 0.250000 -0.117193
4.002299 -3.001355 0.001013 0.250000 -0.147601
4.003586 -2.001426 0.001606 0.250000 -0.181474
4.004845 -1.000958 0.002271 0.250000 -0.209079
4.005388 0.000073 0.002586 0.250000 -0.220751
4.004818 1.001115 0.002301 0.250000 -0.213561
4.003535 2.001616 0.001693 0.250000 -0.190730
4.002259 3.001604 0.001272 0.250000 -0.159834
4.001418 4.001418 0.001371 0.250000 -0.125984
-5.000459 -5.000459 1.000824 0.250000 -0.071604
-5.000680 -5.000680 2.001213 0.250000 -0.069771
-5.000764 -4.000637 1.000746 0.250000 -0.080908
-5.001077 -4.000922 2.001340 0.250000 -0.075561
-5.001292 -3.000786 1.000973 0.250000 -0.089071
-5.001671 -3.001072 2.001729 0.250000 -0.078977
-5.001943 -2.000756 1.001353 0.250000 -0.097595
-5.002357 -2.000980 2.002254 0.250000 -0.081333
-5.002509 -1.000460 1.001705 0.250000 -0.104862
-5.002928 -1.000578 2.002713 0.250000 -0.083193
-5.002732 0.000053 1.001853 0.250000 -0.109012
-5.003149 0.000054 2.002902 0.250000 -0.085277
-5.002488 1.000564 1.001721 0.250000 -0.109583
-5.002915 1.000679 2.002736 0.250000 -0.088084
-5.001912 2.000852 1.001410 0.250000 -0.107329
-5.002345 2.001057 2.002327 0.250000 -0.090930
-5.001292 3.000869 1.001156 0.250000 -0.102625
-5.001695 3.001115 2.001920 0.250000 -0.091748
-5.000873 4.000758 1.001225 0.250000 -0.092616
-5.001187 4.000970 2.001749 0.250000 -0.087261
-4.000637 -5.000764 1.000746 0.250000 -0.080908
-4.000922 -5.001077 2.001340 0.250000 -0.075561
-4.001146 -4.001146 1.000804 0.250000 -0.091580
-4.001543 -4.001543 2.001722 0.250000 -0.078925
-4.002070 -3.001539 1.001413 0.250000 -0.101034
-4.002507 -3.001902 2.002595 0.250000 -0.077649
-4.003338 -2.001629 1.002382 0.250000 -0.110347
-4.003702 -2.001853 2.003780 0.250000 -0.073187
-4.004570 -1.001091 1.003347 0.250000 -0.116817
-4.004773 -1.001163 2.004867 0.250000 -0.067947
-4.005098 0.000054 1.003768 0.250000 -0.120500
-4.005210 0.000062 2.005321 0.250000 -0.067246
-4.004547 1.001199 1.003349 0.250000 -0.123155
-4.004757 1.001279 2.004878 0.250000 -0.074539
-4.003302 2.001735 1.002414 0.250000 -0.123760
-4.003684 2.001942 2.003834 0.250000 -0.086377
-4.002063 3.001641 1.001588 0.250000 -0.120465
-4.002520 3.001951 2.002784 0.250000 -0.095726
-4.001257 4.001310 1.001371 0.250000 -0.109103
-4.001639 4.001595 2.002187 0.250000 -0.096106
-3.000786 -5.001292 1.000973 0.250000 -0.089071
-3.001072 -5.001671 2.001729 0.250000 -0.078977
-3.001539 -4.002070 1.001413 0.250000 -0.101033
-3.001902 -4.002507 2.002595 0.250000 -0.077650
-3.003033 -3.003033 1.002879 0.250000 -0.109310
-3.003285 -3.003285 2.004377 0.250000 -0.065762
-3.005413 -2.003579 1.005364 0.250000 -0.108374
-3.005182 -2.003439 2.006934 0.250000 -0.041922
-3.008091 -1.002651 1.008200 0.250000 -0.092116
-3.007058 -1.002308 2.009480 0.250000 -0.012516
-3.009357 0.000063 1.009561 0.250000 -0.081474
-3.007879 0.000074 2.010597 0.250000 -0.000125
-3.008070 1.002781 1.008192 0.250000 -0.099762
-3.007043 1.002450 2.009479 0.250000 -0.020617
-3.005379 2.003717 1.005378 0.250000 -0.124771
-3.005162 2.003554 2.006971 0.250000 -0.058319
-3.003023 3.003182 1.003048 0.250000 -0.133566
-3.003290 3.003356 2.004558 0.250000 -0.088647
-3.001637 4.002302 1.002033 0.250000 -0.123608
-3.001978 4.002581 2.003092 0.250000 -0.099943
-2.000756 -5.001943 1.001353 0.250000 -0.097595
-2.000980 -5.002357 2.002254 0.250000 -0.081333
-2.001629 -4.003338 1.002382 0.250000 -0.110347
-2.001853 -4.003702 2.003780 0.250000 -0.073187
-2.003579 -3.005413 1.005364 0.250000 -0.108373
-2.003439 -3.005182 2.006934 0.250000 -0.041922
-2.007259 -2.007259 1.011217 0.250000 -0.055581
-2.005879 -2.005879 2.011881 0.250000 0.025473
-2.012138 -1.006041 1.019321 0.250000 0.080415
-2.008578 -1.004248 2.017355 0.250000 0.118912
-2.014688 0.000075 1.023739 0.250000 0.171258
-2.009847 0.000087 2.019934 0.250000 0.166113
-2.012121 1.006198 1.019305 0.250000 0.071739
-2.008566 1.004416 2.017345 0.250000 0.109607
-2.007231 2.007435 1.011219 0.250000 -0.074273
-2.005863 2.006022 2.011903 0.250000 0.006530
-2.003568 3.005617 1.005529 0.250000 -0.136227
-2.003440 3.005282 2.007106 0.250000 -0.068606
-2.001702 4.003648 1.003047 0.250000 -0.136328
-2.001907 4.003805 2.004299 0.250000 -0.099426
-1.000460 -5.002509 1.001705 0.250000 -0.104861
-1.000578 -5.002928 2.002713 0.250000 -0.083193
-1.001091 -4.004570 1.003347 0.250000 -0.116817
-1.001163 -4.004773 2.004867 0.250000 -0.067948
-1.002651 -3.008091 1.008200 0.250000 -0.092115
-1.002308 -3.007058 2.009480 0.250000 -0.012517
-1.006041 -2.012138 1.019321 0.250000 0.080414
-1.004248 -2.008578 2.017355 0.250000 0.118911
-1.011082 -1.011082 1.037613 0.250000 0.517381
-1.006605 -1.006605 2.026940 0.250000 0.319950
-1.013733 0.000084 1.048591 0.250000 0.819111
-1.007781 0.000096 2.031750 0.250000 0.430379
-1.011072 1.011259 1.037591 0.250000 0.507962
-1.006599 1.006791 2.026925 0.250000 0.309859
-1.006025 2.012342 1.019315 0.250000 0.060197
-1.004240 2.008741 2.017368 0.250000 0.098333
-1.002644 3.008338 1.008365 0.250000 -0.122211
-1.002308 3.007181 2.009646 0.250000 -0.041595
-1.001126 4.004942 1.004047 0.250000 -0.144600
-1.001190 4.004900 2.005402 0.250000 -0.096550
0.000053 -5.002732 1.001853 0.250000 -0.109013
0.000054 -5.003149 2.002902 0.250000 -0.085277
0.000054 -4.005098 1.003768 0.250000 -0.120501
0.000062 -4.005210 2.005321 0.250000 -0.067246
0.000063 -3.009357 1.009561 0.250000 -0.081474
0.000074 -3.007879 2.010597 0.250000 -0.000126
0.000075 -2.014688 1.023739 0.250000 0.171258
0.000087 -2.009847 2.019934 0.250000 0.166112
0.000084 -1.013733 1.048591 0.250000 0.819110
0.000096 -1.007781 2.031750 0.250000 0.430379
0.000088 0.000088 1.063548 0.250000 1.255527
0.000099 0.000099 2.037832 0.250000 0.579632
0.000083 1.013918 1.048567 0.250000 0.809428
0.000094 1.007973 2.031733 0.250000 0.420064
0.000074 2.014902 1.023732 0.250000 0.150564
0.000085 2.010017 2.019946 0.250000 0.145093
0.000065 3.009618 1.009729 0.250000 -0.112173
0.000074 3.008009 2.010765 0.250000 -0.029807
0.000065 4.005493 1.004486 0.250000 -0.148548
0.000066 4.005347 2.005865 0.250000 -0.096322
1.000564 -5.002488 1.001721 0.250000 -0.109583
1.000679 -5.002915 2.002736 0.250000 -0.088084
1.001199 -4.004547 1.003349 0.250000 -0.123155
1.001279 -4.004757 2.004878 0.250000 -0.074538
1.002781 -3.008070 1.008192 0.250000 -0.099762
1.002450 -3.007043 2.009479 0.250000 -0.020617
1.006198 -2.012121 1.019305 0.250000 0.071740
1.004416 -2.008566 2.017345 0.250000 0.109607
1.011259 -1.011072 1.037591 0.250000 0.507962
1.006791 -1.006599 2.026925 0.250000 0.309858
1.013918 0.000083 1.048567 0.250000 0.809427
1.007973 0.000094 2.031733 0.250000 0.420065
1.011248 1.011248 1.037572 0.250000 0.498693
1.006782 1.006782 2.026912 0.250000 0.299985
1.006180 2.012322 1.019305 0.250000 0.051867
1.004403 2.008726 2.017365 0.250000 0.089506
1.002777 3.008313 1.008367 0.250000 -0.129194
1.002449 3.007163 2.009656 0.250000 -0.048885
1.001256 4.004917 1.004066 0.250000 -0.149803
1.001314 4.004884 2.005427 0.250000 -0.101972
2.000852 -5.001912 1.001410 0.250000 -0.107329
2.001057 -5.002345 2.002327 0.250000 -0.090930
2.001735 -4.003302 1.002414 0.250000 -0.123760
2.001942 -4.003684 2.003834 0.250000 -0.086377
2.003717 -3.005379 1.005378 0.250000 -0.124772
2.003554 -3.005162 2.006971 0.250000 -0.058319
2.007435 -2.007231 1.011219 0.250000 -0.074273
2.006022 -2.005863 2.011903 0.250000 0.006530
2.012342 -1.006025 1.019315 0.250000 0.060197
2.008741 -1.004240 2.017368 0.250000 0.098333
2.014902 0.000074 1.023732 0.250000 0.150563
2.010017 0.000085 2.019946 0.250000 0.145093
2.012322 1.006180 1.019305 0.250000 0.051867
2.008726 1.004403 2.017365 0.250000 0.089507
2.007403 2.007403 1.011233 0.250000 -0.092144
2.006001 2.006001 2.011939 0.250000 -0.011357
2.003708 3.005577 1.005565 0.250000 -0.151037
2.003555 3.005259 2.007163 0.250000 -0.083203
2.001829 4.003610 1.003112 0.250000 -0.147048
2.002006 4.003788 2.004380 0.250000 -0.110040
3.000869 -5.001292 1.001156 0.250000 -0.102625
3.001115 -5.001695 2.001920 0.250000 -0.091748
3.001641 -4.002063 1.001588 0.250000 -0.120465
3.001951 -4.002520 2.002784 0.250000 -0.095725
3.003182 -3.003023 1.003048 0.250000 -0.133567
3.003356 -3.003290 2.004558 0.250000 -0.088647
3.005617 -2.003568 1.005529 0.250000 -0.136226
3.005282 -2.003440 2.007106 0.250000 -0.068605
3.008338 -1.002644 1.008365 0.250000 -0.122211
3.007181 -1.002308 2.009646 0.250000 -0.041594
3.009618 0.000065 1.009729 0.250000 -0.112173
3.008009 0.000074 2.010765 0.250000 -0.029806
3.008313 1.002777 1.008367 0.250000 -0.129195
3.007163 1.002449 2.009656 0.250000 -0.048885
3.005577 2.003708 1.005565 0.250000 -0.151037
3.005259 2.003555 2.007163 0.250000 -0.083203
3.003172 3.003172 1.003248 0.250000 -0.154805
3.003364 3.003364 2.004766 0.250000 -0.108506
3.001757 4.002297 1.002246 0.250000 -0.138273
3.002043 4.002601 2.003309 0.250000 -0.113848
4.000758 -5.000873 1.001225 0.250000 -0.092617
4.000970 -5.001187 2.001749 0.250000 -0.087261
4.001310 -4.001257 1.001371 0.250000 -0.109103
4.001595 -4.001639 2.002187 0.250000 -0.096106
4.002302 -3.001637 1.002033 0.250000 -0.123608
4.002581 -3.001978 2.003092 0.250000 -0.099943
4.003648 -2.001702 1.003047 0.250000 -0.136327
4.003805 -2.001907 2.004299 0.250000 -0.099426
4.004942 -1.001126 1.004047 0.250000 -0.144600
4.004900 -1.001190 2.005402 0.250000 -0.096550
4.005493 0.000065 1.004486 0.250000 -0.148548
4.005347 0.000066 2.005865 0.250000 -0.096321
4.004917 1.001256 1.004066 0.250000 -0.149802
4.004884 1.001314 2.005427 0.250000 -0.101972
4.003610 2.001829 1.003112 0.250000 -0.147048
4.003788 2.002006 2.004380 0.250000 -0.110039
4.002297 3.001757 1.002246 0.250000 -0.138273
4.002601 3.002043 2.003309 0.250000 -0.113848
4.001431 4.001431 1.001935 0.250000 -0.120538
4.001711 4.001711 2.002658 0.250000 -0.108038
0.000000 0.000000 -1.000000 0.250000 0.000000
