-5.000231 -5.000231 0.000211 0.250000 -0.005998
-5.000464 -4.000294 -0.000103 0.250000 -0.006370
-5.000933 -3.000407 -0.000201 0.250000 -0.011326
-5.001554 -2.000457 -0.000214 0.250000 -0.021518
-5.002125 -1.000313 -0.000208 0.250000 -0.032436
-5.002358 0.000024 -0.000207 0.250000 -0.037646
-5.002099 1.000371 -0.000225 0.250000 -0.034402
-5.001498 2.000545 -0.000236 0.250000 -0.026574
-5.000876 3.000555 -0.000135 0.250000 -0.020543
-5.000511 4.000540 0.000264 0.250000 -0.018123
-4.000294 -5.000464 -0.000103 0.250000 -0.006370
-4.000695 -4.000695 -0.000526 0.250000 -0.010817
-4.001588 -3.001086 -0.000630 0.250000 -0.027691
-4.002967 -2.001350 -0.000546 0.250000 -0.057913
-4.004423 -1.001018 -0.000350 0.250000 -0.089101
-4.005077 0.000008 -0.000241 0.250000 -0.102949
-4.004395 1.001049 -0.000386 0.250000 -0.091273
-4.002905 2.001436 -0.000608 0.250000 -0.064067
-4.001527 3.001283 -0.000597 0.250000 -0.039905
-4.000765 4.001058 -0.000090 0.250000 -0.027224
-3.000407 -5.000933 -0.000201 0.250000 -0.011326
-3.001086 -4.001588 -0.000630 0.250000 -0.027691
-3.002748 -3.002748 -0.000512 0.250000 -0.072308
-3.005793 -2.003806 0.000445 0.250000 -0.141885
-3.009584 -1.003156 0.002396 0.250000 -0.199009
-3.011479 0.000009 0.003629 0.250000 -0.216640
-3.009557 1.003197 0.002350 0.250000 -0.201326
-3.005732 2.003930 0.000362 0.250000 -0.148849
-3.002687 3.003042 -0.000493 0.250000 -0.086792
-3.001160 4.002119 -0.000146 0.250000 -0.047933
-2.000457 -5.001554 -0.000214 0.250000 -0.021517
-2.001350 -4.002967 -0.000546 0.250000 -0.057913
-2.003806 -3.005793 0.000445 0.250000 -0.141886
-2.009233 -2.009233 0.005463 0.250000 -0.224770
-2.017266 -1.008628 0.017689 0.250000 -0.156199
-2.021482 0.000017 0.026591 0.250000 -0.043046
-2.017244 1.008692 0.017635 0.250000 -0.158684
-2.009181 2.009409 0.005369 0.250000 -0.232440
-2.003751 3.006199 0.000466 0.250000 -0.158044
-2.001405 4.003682 -0.000004 0.250000 -0.080761
-1.000313 -5.002125 -0.000208 0.250000 -0.032436
-1.001018 -4.004423 -0.000350 0.250000 -0.089102
-1.003156 -3.009584 0.002396 0.250000 -0.199009
-1.008628 -2.017266 0.017689 0.250000 -0.156201
-1.015557 -1.015557 0.060870 0.250000 0.537064
-1.019754 0.000025 0.086187 0.250000 0.993249
-1.015543 1.015643 0.060807 0.250000 0.534369
-1.008596 2.017484 0.017584 0.250000 -0.164531
-1.003119 3.010079 0.002425 0.250000 -0.216343
-1.001036 4.005286 0.000246 0.250000 -0.113530
0.000024 -5.002358 -0.000207 0.250000 -0.037646
0.000008 -4.005077 -0.000241 0.250000 -0.102949
0.000009 -3.011479 0.003629 0.250000 -0.216639
0.000017 -2.021482 0.026591 0.250000 -0.043047
0.000025 -1.019754 0.086187 0.250000 0.993249
0.000029 0.000029 0.123919 0.250000 1.709637
0.000024 1.019848 0.086120 0.250000 0.990397
0.000017 2.021716 0.026481 0.250000 -0.051790
0.000016 3.012009 0.003663 0.250000 -0.234533
0.000034 4.005995 0.000381 0.250000 -0.128021
1.000371 -5.002099 -0.000225 0.250000 -0.034402
1.001049 -4.004395 -0.000386 0.250000 -0.091272
1.003197 -3.009557 0.002350 0.250000 -0.201326
1.008692 -2.017244 0.017635 0.250000 -0.158683
1.015643 -1.015543 0.060807 0.250000 0.534368
1.019848 0.000024 0.086120 0.250000 0.990396
1.015628 1.015628 0.060745 0.250000 0.531545
1.008660 2.017460 0.017534 0.250000 -0.167271
1.003173 3.010049 0.002386 0.250000 -0.218992
1.001119 4.005254 0.000229 0.250000 -0.115937
2.000545 -5.001498 -0.000236 0.250000 -0.026574
2.001436 -4.002905 -0.000608 0.250000 -0.064067
2.003930 -3.005732 0.000362 0.250000 -0.148850
2.009409 -2.009181 0.005369 0.250000 -0.232440
2.017484 -1.008596 0.017584 0.250000 -0.164532
2.021716 0.000017 0.026481 0.250000 -0.051790
2.017460 1.008660 0.017534 0.250000 -0.167272
2.009354 2.009354 0.005282 0.250000 -0.240565
2.003884 3.006133 0.000403 0.250000 -0.165447
2.001534 4.003614 -0.000023 0.250000 -0.086897
3.000555 -5.000876 -0.000135 0.250000 -0.020542
3.001283 -4.001527 -0.000597 0.250000 -0.039905
3.003042 -3.002687 -0.000493 0.250000 -0.086792
3.006199 -2.003751 0.000466 0.250000 -0.158045
3.010079 -1.003119 0.002425 0.250000 -0.216342
3.012009 0.000016 0.003663 0.250000 -0.234532
3.010049 1.003173 0.002386 0.250000 -0.218991
3.006133 2.003884 0.000403 0.250000 -0.165447
3.002981 3.002981 -0.000434 0.250000 -0.101243
3.001380 4.002051 -0.000052 0.250000 -0.058970
4.000540 -5.000511 0.000264 0.250000 -0.018123
4.001058 -4.000765 -0.000090 0.250000 -0.027224
4.002119 -3.001160 -0.000146 0.250000 -0.047933
4.003682 -2.001405 -0.000004 0.250000 -0.080761
4.005286 -1.001036 0.000246 0.250000 -0.113529
4.005995 0.000034 0.000381 0.250000 -0.128021
4.005254 1.001119 0.000229 0.250000 -0.115937
4.003614 2.001534 -0.000023 0.250000 -0.086897
4.002051 3.001380 -0.000052 0.250000 -0.058970
4.001126 4.001126 0.000373 0.250000 -0.041046
-5.000144 -5.000144 1.000374 0.250000 -0.012274
-5.000471 -5.000471 2.000747 0.250000 -0.015061
-5.000374 -4.000309 1.000253 0.250000 -0.012070
-5.000861 -4.000734 2.000852 0.250000 -0.014337
-5.000848 -3.000485 1.000424 0.250000 -0.013635
-5.001470 -3.000915 2.001227 0.250000 -0.013838
-5.001469 -2.000531 1.000719 0.250000 -0.017918
-5.002187 -2.000868 2.001731 0.250000 -0.014343
-5.002029 -1.000346 1.000989 0.250000 -0.022704
-5.002790 -1.000512 2.002168 0.250000 -0.015403
-5.002251 0.000044 1.001091 0.250000 -0.025288
-5.003019 0.000078 2.002333 0.250000 -0.016596
-5.001994 1.000436 1.000959 0.250000 -0.024897
-5.002754 1.000662 2.002139 0.250000 -0.018112
-5.001404 2.000620 1.000672 0.250000 -0.023540
-5.002128 2.000994 2.001696 0.250000 -0.020553
-5.000795 3.000565 1.000440 0.250000 -0.023895
-5.001428 3.000997 2.001257 0.250000 -0.024061
-5.000444 4.000431 1.000551 0.250000 -0.024883
-5.000908 4.000798 2.001085 0.250000 -0.026826
-4.000309 -5.000374 1.000253 0.250000 -0.012070
-4.000734 -5.000861 2.000852 0.250000 -0.014336
-4.000740 -4.000740 1.000267 0.250000 -0.010939
-4.001366 -4.001366 2.001248 0.250000 -0.010752
-4.001640 -3.001192 1.000796 0.250000 -0.014023
-4.002389 -3.001785 2.002152 0.250000 -0.007182
-4.002969 -2.001417 1.001637 0.250000 -0.022700
-4.003692 -2.001804 2.003372 0.250000 -0.004732
-4.004329 -1.001020 1.002483 0.250000 -0.032177
-4.004883 -1.001150 2.004490 0.250000 -0.003195
-4.004926 0.000040 1.002842 0.250000 -0.036757
-4.005371 0.000091 2.004941 0.250000 -0.003401
-4.004293 1.001107 1.002425 0.250000 -0.034810
-4.004845 1.001327 2.004433 0.250000 -0.006656
-4.002899 2.001516 1.001529 0.250000 -0.029979
-4.003625 2.001959 2.003280 0.250000 -0.012974
-4.001578 3.001300 1.000739 0.250000 -0.028272
-4.002334 3.001890 2.002117 0.250000 -0.021308
-4.000815 4.000925 1.000572 0.250000 -0.029505
-4.001398 4.001447 2.001461 0.250000 -0.028500
-3.000485 -5.000848 1.000424 0.250000 -0.013635
-3.000915 -5.001470 2.001227 0.250000 -0.013838
-3.001192 -4.001640 1.000796 0.250000 -0.014023
-3.001785 -4.002389 2.002152 0.250000 -0.007182
-3.002788 -3.002788 1.002136 0.250000 -0.022917
-3.003304 -3.003304 2.004051 0.250000 0.000709
-3.005553 -2.003666 1.004480 0.250000 -0.039420
-3.005472 -2.003607 2.006794 0.250000 0.010119
-3.008855 -1.002913 1.007307 0.250000 -0.050160
-3.007684 -1.002484 2.009571 0.250000 0.021299
-3.010460 0.000050 1.008704 0.250000 -0.051902
-3.008665 0.000110 2.010787 0.250000 0.026227
-3.008821 1.003024 1.007227 0.250000 -0.053238
-3.007648 1.002702 2.009488 0.250000 0.017066
-3.005487 2.003807 1.004325 0.250000 -0.048269
-3.005408 2.003808 2.006650 0.250000 -0.000172
-3.002727 3.002967 1.002015 0.250000 -0.040867
-3.003248 3.003458 2.003948 0.250000 -0.017329
-3.001263 4.001934 1.001080 0.250000 -0.038073
-3.001805 4.002515 2.002325 0.250000 -0.030226
-2.000531 -5.001469 1.000719 0.250000 -0.017918
-2.000868 -5.002187 2.001731 0.250000 -0.014343
-2.001417 -4.002969 1.001637 0.250000 -0.022700
-2.001804 -4.003692 2.003372 0.250000 -0.004732
-2.003666 -3.005553 1.004480 0.250000 -0.039421
-2.003607 -3.005472 2.006794 0.250000 0.010118
-2.008315 -2.008315 1.010537 0.250000 -0.047112
-2.006523 -2.006523 2.012302 0.250000 0.038280
-2.014836 -1.007409 1.019772 0.250000 0.006273
-2.009886 -1.004881 2.018615 0.250000 0.083679
-2.018331 0.000063 1.025068 0.250000 0.057663
-2.011500 0.000129 2.021639 0.250000 0.109462
-2.014809 1.007553 1.019675 0.250000 0.002740
-2.009857 1.005140 2.018509 0.250000 0.078724
-2.008261 2.008508 1.010345 0.250000 -0.057437
-2.006473 2.006775 2.012113 0.250000 0.026114
-2.003614 3.005817 1.004308 0.250000 -0.060633
-2.003559 3.005681 2.006633 0.250000 -0.011434
-2.001470 4.003392 1.001909 0.250000 -0.051284
-2.001816 4.003875 2.003507 0.250000 -0.032432
-1.000346 -5.002029 1.000989 0.250000 -0.022704
-1.000512 -5.002790 2.002168 0.250000 -0.015403
-1.001020 -4.004329 1.002483 0.250000 -0.032177
-1.001150 -4.004883 2.004490 0.250000 -0.003195
-1.002913 -3.008855 1.007307 0.250000 -0.050160
-1.002484 -3.007684 2.009571 0.250000 0.021299
-1.007409 -2.014836 1.019772 0.250000 0.006273
-1.004881 -2.009886 2.018615 0.250000 0.083679
-1.014425 -1.014425 1.042569 0.250000 0.287625
-1.007931 -1.007931 2.030165 0.250000 0.200064
-1.018182 0.000075 1.056898 0.250000 0.513489
-1.009488 0.000143 2.036114 0.250000 0.271626
-1.014409 1.014595 1.042458 0.250000 0.283673
-1.007916 1.008221 2.030045 0.250000 0.194553
-1.007378 2.015069 1.019553 0.250000 -0.005248
-1.004853 2.010174 2.018396 0.250000 0.070115
-1.002881 3.009187 1.007102 0.250000 -0.073811
-1.002457 3.007937 2.009371 0.250000 -0.002813
-1.001042 4.004856 1.002755 0.250000 -0.063938
-1.001154 4.005112 2.004601 0.250000 -0.034217
0.000044 -5.002251 1.001092 0.250000 -0.025288
0.000078 -5.003019 2.002333 0.250000 -0.016596
0.000040 -4.004926 1.002842 0.250000 -0.036757
0.000091 -4.005371 2.004941 0.250000 -0.003400
0.000050 -3.010460 1.008704 0.250000 -0.051902
0.000110 -3.008665 2.010787 0.250000 0.026228
0.000063 -2.018331 1.025068 0.250000 0.057663
0.000129 -2.011500 2.021639 0.250000 0.109463
0.000075 -1.018182 1.056898 0.250000 0.513488
0.000143 -1.009488 2.036114 0.250000 0.271626
0.000079 0.000079 1.076825 0.250000 0.855630
0.000148 0.000148 2.043777 0.250000 0.373673
0.000073 1.018363 1.056783 0.250000 0.509310
0.000141 1.009788 2.035989 0.250000 0.265871
0.000061 2.018578 1.024841 0.250000 0.045582
0.000126 2.011800 2.021412 0.250000 0.095329
0.000052 3.010816 1.008491 0.250000 -0.076572
0.000108 3.008932 2.010576 0.250000 0.001122
0.000058 4.005492 1.003121 0.250000 -0.069768
0.000095 4.005616 2.005049 0.250000 -0.035664
1.000436 -5.001994 1.000959 0.250000 -0.024897
1.000662 -5.002754 2.002139 0.250000 -0.018112
1.001107 -4.004293 1.002425 0.250000 -0.034811
1.001327 -4.004845 2.004433 0.250000 -0.006656
1.003024 -3.008821 1.007227 0.250000 -0.053238
1.002702 -3.007648 2.009488 0.250000 0.017066
1.007553 -2.014809 1.019675 0.250000 0.002740
1.005140 -2.009857 2.018509 0.250000 0.078724
1.014595 -1.014409 1.042458 0.250000 0.283672
1.008221 -1.007916 2.030045 0.250000 0.194552
1.018363 0.000073 1.056783 0.250000 0.509310
1.009788 0.000141 2.035989 0.250000 0.265871
1.014577 1.014577 1.042351 0.250000 0.279599
1.008201 1.008201 2.029929 0.250000 0.188965
1.007518 2.015038 1.019463 0.250000 -0.009007
1.005106 2.010141 2.018299 0.250000 0.065049
1.002996 3.009148 1.007035 0.250000 -0.077147
1.002671 3.007896 2.009302 0.250000 -0.007124
1.001161 4.004815 1.002720 0.250000 -0.066731
1.001339 4.005070 2.004566 0.250000 -0.037644
2.000620 -5.001404 1.000672 0.250000 -0.023540
2.000994 -5.002128 2.001696 0.250000 -0.020553
2.001516 -4.002899 1.001529 0.250000 -0.029979
2.001959 -4.003625 2.003280 0.250000 -0.012974
2.003807 -3.005487 1.004325 0.250000 -0.048269
2.003808 -3.005408 2.006650 0.250000 -0.000172
2.008508 -2.008261 1.010345 0.250000 -0.057437
2.006775 -2.006473 2.012113 0.250000 0.026114
2.015069 -1.007378 1.019553 0.250000 -0.005248
2.010174 -1.004853 2.018396 0.250000 0.070116
2.018578 0.000061 1.024841 0.250000 0.045582
2.011800 0.000126 2.021412 0.250000 0.095329
2.015038 1.007518 1.019463 0.250000 -0.009007
2.010141 1.005106 2.018299 0.250000 0.065048
2.008447 2.008447 1.010167 0.250000 -0.068122
2.006716 2.006716 2.011943 0.250000 0.013828
2.003755 3.005742 1.004182 0.250000 -0.069748
2.003756 3.005610 2.006520 0.250000 -0.021665
2.001597 4.003315 1.001853 0.250000 -0.058383
2.001979 4.003805 2.003460 0.250000 -0.040255
3.000565 -5.000795 1.000440 0.250000 -0.023895
3.000997 -5.001428 2.001257 0.250000 -0.024061
3.001300 -4.001578 1.000739 0.250000 -0.028272
3.001890 -4.002334 2.002117 0.250000 -0.021308
3.002967 -3.002727 1.002015 0.250000 -0.040867
3.003458 -3.003248 2.003948 0.250000 -0.017330
3.005817 -2.003614 1.004308 0.250000 -0.060633
3.005681 -2.003559 2.006633 0.250000 -0.011434
3.009187 -1.002881 1.007102 0.250000 -0.073811
3.007937 -1.002457 2.009371 0.250000 -0.002814
3.010816 0.000052 1.008491 0.250000 -0.076572
3.008932 0.000108 2.010576 0.250000 0.001122
3.009148 1.002996 1.007035 0.250000 -0.077146
3.007896 1.002671 2.009302 0.250000 -0.007125
3.005742 2.003755 1.004182 0.250000 -0.069748
3.005610 2.003756 2.006520 0.250000 -0.021665
3.002901 3.002901 1.001945 0.250000 -0.058534
3.003397 3.003397 2.003895 0.250000 -0.034794
3.001392 4.001871 1.001100 0.250000 -0.050899
3.001922 4.002463 2.002353 0.250000 -0.043007
4.000431 -5.000444 1.000551 0.250000 -0.024883
4.000798 -5.000908 2.001085 0.250000 -0.026827
4.000925 -4.000815 1.000572 0.250000 -0.029505
4.001447 -4.001398 2.001461 0.250000 -0.028500
4.001934 -3.001263 1.001080 0.250000 -0.038073
4.002515 -3.001805 2.002325 0.250000 -0.030227
4.003392 -2.001470 1.001909 0.250000 -0.051284
4.003875 -2.001816 2.003507 0.250000 -0.032432
4.004856 -1.001042 1.002755 0.250000 -0.063938
4.005112 -1.001154 2.004601 0.250000 -0.034217
4.005492 0.000058 1.003121 0.250000 -0.069768
4.005616 0.000095 2.005049 0.250000 -0.035664
4.004815 1.001161 1.002720 0.250000 -0.066732
4.005070 1.001339 2.004566 0.250000 -0.037644
4.003315 2.001597 1.001853 0.250000 -0.058383
4.003805 2.001979 2.003460 0.250000 -0.040255
4.001871 3.001392 1.001100 0.250000 -0.050899
4.002463 3.001922 2.002353 0.250000 -0.043007
4.001014 4.001014 1.000932 0.250000 -0.045182
4.001499 4.001499 2.001731 0.250000 -0.043828
0.000000 0.000000 -1.000000 0.250000 0.000000
