-5.000521 -5.000521 0.002598 0.250000 -0.115397
-5.000728 -4.000563 0.002754 0.250000 -0.146806
-5.001009 -3.000565 0.003076 0.250000 -0.158646
-5.001326 -2.000478 0.003474 0.250000 -0.157406
-5.001590 -1.000265 0.003814 0.250000 -0.150986
-5.001694 0.000046 0.003963 0.250000 -0.146262
-5.001586 1.000359 0.003866 0.250000 -0.146088
-5.001321 2.000574 0.003590 0.250000 -0.145875
-5.001012 3.000668 0.003294 0.250000 -0.134545
-5.000753 4.000677 0.003125 0.250000 -0.101192
-4.000563 -5.000728 0.002754 0.250000 -0.146806
-4.000849 -4.000849 0.003030 0.250000 -0.184318
-4.001290 -3.000937 0.003627 0.250000 -0.189454
-4.001857 -2.000879 0.004432 0.250000 -0.169488
-4.002392 -1.000544 0.005185 0.250000 -0.139693
-4.002620 0.000051 0.005521 0.250000 -0.123607
-4.002388 1.000649 0.005245 0.250000 -0.134520
-4.001851 2.000992 0.004568 0.250000 -0.156748
-4.001293 3.001064 0.003893 0.250000 -0.160747
-4.000879 4.000993 0.003506 0.250000 -0.126186
-3.000565 -5.001009 0.003076 0.250000 -0.158646
-3.000937 -4.001290 0.003627 0.250000 -0.189454
-3.001599 -3.001599 0.004796 0.250000 -0.164851
-3.002614 -2.001713 0.006584 0.250000 -0.078145
-3.003756 -1.001205 0.008556 0.250000 0.047215
-3.004303 0.000058 0.009515 0.250000 0.115684
-3.003752 1.001325 0.008623 0.250000 0.052827
-3.002608 2.001844 0.006738 0.250000 -0.064017
-3.001602 3.001752 0.005101 0.250000 -0.132225
-3.000966 4.001466 0.004177 0.250000 -0.122290
-2.000478 -5.001326 0.003474 0.250000 -0.157406
-2.000879 -4.001857 0.004432 0.250000 -0.169489
-2.001713 -3.002614 0.006584 0.250000 -0.078145
-2.003288 -2.003288 0.010604 0.250000 0.196363
-2.005443 -1.002689 0.016418 0.250000 0.686829
-2.006539 0.000064 0.019866 0.250000 1.003096
-2.005440 1.002821 0.016491 0.250000 0.692825
-2.003283 2.003436 0.010771 0.250000 0.211704
-2.001714 3.002790 0.006918 0.250000 -0.042303
-2.000902 4.002061 0.005035 0.250000 -0.095388
-1.000265 -5.001590 0.003814 0.250000 -0.150986
-1.000544 -4.002392 0.005185 0.250000 -0.139693
-1.001205 -3.003756 0.008556 0.250000 0.047215
-1.002689 -2.005443 0.016418 0.250000 0.686829
-1.004469 -1.004469 0.031294 0.250000 2.112612
-1.005543 0.000068 0.039419 0.250000 2.917016
-1.004467 1.004610 0.031369 0.250000 2.118747
-1.002686 2.005604 0.016594 0.250000 0.702913
-1.001206 3.003948 0.008907 0.250000 0.085249
-1.000556 4.002617 0.005822 0.250000 -0.060803
0.000046 -5.001694 0.003963 0.250000 -0.146262
0.000051 -4.002620 0.005521 0.250000 -0.123606
0.000058 -3.004303 0.009515 0.250000 0.115684
0.000064 -2.006539 0.019866 0.250000 1.003095
0.000068 -1.005543 0.039419 0.250000 2.917015
0.000069 0.000069 0.051091 0.250000 4.089658
0.000067 1.005687 0.039495 0.250000 2.923180
0.000063 2.006704 0.020044 0.250000 1.019403
0.000057 3.004500 0.009872 0.250000 0.154547
0.000052 4.002852 0.006169 0.250000 -0.042864
1.000359 -5.001586 0.003866 0.250000 -0.146088
1.000649 -4.002388 0.005245 0.250000 -0.134520
1.001325 -3.003752 0.008623 0.250000 0.052827
1.002821 -2.005440 0.016491 0.250000 0.692825
1.004610 -1.004467 0.031369 0.250000 2.118746
1.005687 0.000067 0.039495 0.250000 2.923179
1.004608 1.004608 0.031444 0.250000 2.124905
1.002817 2.005599 0.016664 0.250000 0.708953
1.001324 3.003942 0.008971 0.250000 0.090978
1.000662 4.002611 0.005879 0.250000 -0.055320
2.000574 -5.001321 0.003590 0.250000 -0.145874
2.000992 -4.001851 0.004568 0.250000 -0.156748
2.001844 -3.002608 0.006738 0.250000 -0.064017
2.003436 -2.003283 0.010771 0.250000 0.211703
2.005604 -1.002686 0.016594 0.250000 0.702913
2.006704 0.000063 0.020044 0.250000 1.019403
2.005599 1.002817 0.016664 0.250000 0.708952
2.003429 2.003429 0.010934 0.250000 0.227089
2.001843 3.002781 0.007064 0.250000 -0.028101
2.001014 4.002053 0.005161 0.250000 -0.082412
3.000668 -5.001012 0.003294 0.250000 -0.134545
3.001064 -4.001293 0.003893 0.250000 -0.160747
3.001752 -3.001602 0.005101 0.250000 -0.132225
3.002790 -2.001714 0.006918 0.250000 -0.042302
3.003948 -1.001206 0.008907 0.250000 0.085249
3.004500 0.000057 0.009872 0.250000 0.154547
3.003942 1.001324 0.008971 0.250000 0.090979
3.002781 2.001843 0.007064 0.250000 -0.028100
3.001749 3.001749 0.005390 0.250000 -0.099907
3.001088 4.001463 0.004415 0.250000 -0.094921
4.000677 -5.000753 0.003125 0.250000 -0.101193
4.000993 -4.000879 0.003506 0.250000 -0.126186
4.001466 -3.000966 0.004177 0.250000 -0.122290
4.002061 -2.000902 0.005035 0.250000 -0.095388
4.002617 -1.000556 0.005822 0.250000 -0.060803
4.002852 0.000052 0.006169 0.250000 -0.042865
4.002611 1.000662 0.005879 0.250000 -0.055321
4.002053 2.001014 0.005161 0.250000 -0.082412
4.001463 3.001088 0.004415 0.250000 -0.094921
4.001014 4.001014 0.003916 0.250000 -0.074069
-5.000681 -5.000681 1.002768 0.250000 -0.101667
-5.000856 -5.000856 2.003002 0.250000 -0.079680
-5.000948 -4.000782 1.002998 0.250000 -0.124303
-5.001163 -4.000969 2.003321 0.250000 -0.090531
-5.001321 -3.000821 1.003393 0.250000 -0.126814
-5.001567 -3.000996 2.003774 0.250000 -0.084856
-5.001743 -2.000714 1.003858 0.250000 -0.116537
-5.002006 -2.000850 2.004274 0.250000 -0.068127
-5.002094 -1.000416 1.004247 0.250000 -0.103073
-5.002361 -1.000496 2.004682 0.250000 -0.050207
-5.002235 0.000023 1.004415 0.250000 -0.095729
-5.002502 0.000004 2.004856 0.250000 -0.041145
-5.002099 1.000461 1.004299 0.250000 -0.098368
-5.002372 1.000502 2.004737 0.250000 -0.044972
-5.001757 2.000753 1.003973 0.250000 -0.105348
-5.002034 2.000849 2.004394 0.250000 -0.055960
-5.001357 3.000856 1.003604 0.250000 -0.103960
-5.001622 3.000991 2.003981 0.250000 -0.062010
-5.001022 4.000833 1.003351 0.250000 -0.081418
-5.001252 4.000982 2.003635 0.250000 -0.052763
-4.000782 -5.000948 1.002998 0.250000 -0.124303
-4.000969 -5.001163 2.003321 0.250000 -0.090531
-4.001173 -4.001173 1.003395 0.250000 -0.145819
-4.001402 -4.001402 2.003845 0.250000 -0.093878
-4.001764 -3.001335 1.004118 0.250000 -0.133044
-4.002006 -3.001533 2.004634 0.250000 -0.068579
-4.002502 -2.001256 1.005034 0.250000 -0.095386
-4.002707 -2.001384 2.005563 0.250000 -0.022531
-4.003178 -1.000785 1.005861 0.250000 -0.052369
-4.003313 -1.000844 2.006363 0.250000 0.024151
-4.003463 0.000025 1.006220 0.250000 -0.031635
-4.003561 0.000004 2.006702 0.250000 0.045635
-4.003182 1.000833 1.005920 0.250000 -0.047549
-4.003323 1.000848 2.006425 0.250000 0.029675
-4.002514 2.001299 1.005168 0.250000 -0.083369
-4.002732 2.001380 2.005703 0.250000 -0.009210
-4.001795 3.001373 1.004371 0.250000 -0.106640
-4.002053 3.001522 2.004880 0.250000 -0.042281
-4.001242 4.001234 1.003840 0.250000 -0.092588
-4.001481 4.001412 2.004229 0.250000 -0.048363
-3.000821 -5.001321 1.003393 0.250000 -0.126814
-3.000996 -5.001567 2.003774 0.250000 -0.084856
-3.001335 -4.001764 1.004118 0.250000 -0.133044
-3.001533 -4.002006 2.004634 0.250000 -0.068579
-3.002195 -3.002195 1.005461 0.250000 -0.080046
-3.002339 -3.002339 2.005993 0.250000 -0.002624
-3.003425 -2.002280 1.007349 0.250000 0.030571
-3.003368 -2.002256 2.007722 0.250000 0.106485
-3.004712 -1.001556 1.009265 0.250000 0.162652
-3.004336 -1.001451 2.009326 0.250000 0.220406
-3.005302 0.000029 1.010144 0.250000 0.227676
-3.004753 0.000005 2.010023 0.250000 0.272609
-3.004714 1.001612 1.009330 0.250000 0.167682
-3.004343 1.001457 2.009394 0.250000 0.226180
-3.003433 2.002331 1.007498 0.250000 0.043446
-3.003386 2.002252 2.007876 0.250000 0.120732
-3.002220 3.002242 1.005747 0.250000 -0.050834
-3.002375 3.002326 2.006269 0.250000 0.026285
-3.001392 4.001839 1.004626 0.250000 -0.072648
-3.001595 4.002016 2.005070 0.250000 -0.017394
-2.000714 -5.001743 1.003858 0.250000 -0.116537
-2.000850 -5.002006 2.004274 0.250000 -0.068127
-2.001256 -4.002502 1.005034 0.250000 -0.095386
-2.001384 -4.002707 2.005563 0.250000 -0.022531
-2.002280 -3.003425 1.007349 0.250000 0.030571
-2.002256 -3.003368 2.007722 0.250000 0.106484
-2.003998 -2.003998 1.011091 0.250000 0.299313
-2.003492 -2.003492 2.010725 0.250000 0.325239
-2.006112 -1.003042 1.015574 0.250000 0.669127
-2.004779 -1.002390 2.013784 0.250000 0.571588
-2.007181 0.000032 1.017858 0.250000 0.869189
-2.005369 0.000006 2.015184 0.250000 0.689315
-2.006113 1.003105 1.015643 0.250000 0.674351
-2.004784 1.002397 2.013858 0.250000 0.577550
-2.004003 2.004058 1.011250 0.250000 0.312893
-2.003504 2.003489 2.010890 0.250000 0.340156
-2.002296 3.003483 1.007659 0.250000 0.061911
-2.002281 3.003357 2.008020 0.250000 0.137233
-2.001296 4.002593 1.005587 0.250000 -0.029691
-2.001427 4.002722 2.006036 0.250000 0.032660
-1.000416 -5.002094 1.004247 0.250000 -0.103073
-1.000496 -5.002361 2.004682 0.250000 -0.050208
-1.000785 -4.003178 1.005861 0.250000 -0.052369
-1.000844 -4.003313 2.006363 0.250000 0.024151
-1.001556 -3.004712 1.009265 0.250000 0.162652
-1.001451 -3.004336 2.009326 0.250000 0.220406
-1.003042 -2.006112 1.015574 0.250000 0.669127
-1.002390 -2.004779 2.013784 0.250000 0.571587
-1.005107 -1.005107 1.024484 0.250000 1.478801
-1.003457 -1.003457 2.018738 0.250000 0.999418
-1.006163 0.000035 1.029495 0.250000 1.956952
-1.003974 0.000007 2.021127 0.250000 1.214296
-1.005107 1.005175 1.024556 0.250000 1.484119
-1.003459 1.003467 2.018814 0.250000 1.005494
-1.003045 2.006178 1.015740 0.250000 0.683156
-1.002395 2.004779 2.013956 0.250000 0.586916
-1.001564 3.004779 1.009588 0.250000 0.195394
-1.001463 3.004327 2.009636 0.250000 0.252296
-1.000805 4.003281 1.006441 0.250000 0.016893
-1.000865 4.003331 2.006857 0.250000 0.081874
0.000023 -5.002235 1.004415 0.250000 -0.095729
0.000004 -5.002502 2.004856 0.250000 -0.041146
0.000025 -4.003463 1.006220 0.250000 -0.031635
0.000004 -4.003561 2.006702 0.250000 0.045635
0.000029 -3.005302 1.010144 0.250000 0.227676
0.000005 -3.004753 2.010023 0.250000 0.272609
0.000032 -2.007181 1.017858 0.250000 0.869189
0.000006 -2.005369 2.015184 0.250000 0.689315
0.000035 -1.006163 1.029495 0.250000 1.956952
0.000007 -1.003974 2.021127 0.250000 1.214296
0.000035 0.000035 1.036108 0.250000 2.601982
0.000008 0.000008 2.024060 0.250000 1.483727
0.000035 1.006234 1.029567 0.250000 1.962302
0.000007 1.003985 2.021203 0.250000 1.220425
0.000032 2.007249 1.018026 0.250000 0.883401
0.000007 2.005370 2.015357 0.250000 0.704817
0.000029 3.005371 1.010471 0.250000 0.260983
0.000007 3.004745 2.010336 0.250000 0.304946
0.000028 4.003570 1.006808 0.250000 0.039034
0.000007 4.003580 2.007202 0.250000 0.104312
1.000461 -5.002099 1.004299 0.250000 -0.098368
1.000502 -5.002372 2.004737 0.250000 -0.044973
1.000833 -4.003182 1.005920 0.250000 -0.047550
1.000848 -4.003323 2.006425 0.250000 0.029674
1.001612 -3.004714 1.009330 0.250000 0.167682
1.001457 -3.004343 2.009394 0.250000 0.226179
1.003105 -2.006113 1.015643 0.250000 0.674350
1.002397 -2.004784 2.013858 0.250000 0.577550
1.005175 -1.005107 1.024556 0.250000 1.484118
1.003467 -1.003459 2.018814 0.250000 1.005493
1.006234 0.000035 1.029567 0.250000 1.962301
1.003985 0.000007 2.021203 0.250000 1.220425
1.005175 1.005175 1.024627 0.250000 1.489494
1.003470 1.003470 2.018888 0.250000 1.011627
1.003108 2.006179 1.015807 0.250000 0.688492
1.002405 2.004785 2.014027 0.250000 0.592982
1.001621 3.004781 1.009650 0.250000 0.200624
1.001473 3.004336 2.009701 0.250000 0.258211
1.000859 4.003284 1.006497 0.250000 0.022068
1.000876 4.003341 2.006915 0.250000 0.087563
2.000753 -5.001757 1.003973 0.250000 -0.105348
2.000849 -5.002034 2.004394 0.250000 -0.055960
2.001299 -4.002514 1.005168 0.250000 -0.083369
2.001380 -4.002732 2.005703 0.250000 -0.009210
2.002331 -3.003433 1.007498 0.250000 0.043447
2.002252 -3.003386 2.007876 0.250000 0.120731
2.004058 -2.004003 1.011250 0.250000 0.312893
2.003489 -2.003504 2.010890 0.250000 0.340156
2.006178 -1.003045 1.015740 0.250000 0.683156
2.004779 -1.002395 2.013956 0.250000 0.586916
2.007249 0.000032 1.018026 0.250000 0.883402
2.005370 0.000007 2.015357 0.250000 0.704817
2.006179 1.003108 1.015807 0.250000 0.688491
2.004785 1.002405 2.014027 0.250000 0.592983
2.004063 2.004063 1.011406 0.250000 0.326659
2.003504 2.003504 2.011051 0.250000 0.355224
2.002349 3.003491 1.007800 0.250000 0.075033
2.002282 3.003378 2.008166 0.250000 0.151590
2.001345 4.002604 1.005710 0.250000 -0.017319
2.001431 4.002748 2.006164 0.250000 0.045957
3.000856 -5.001357 1.003604 0.250000 -0.103960
3.000991 -5.001622 2.003981 0.250000 -0.062010
3.001373 -4.001795 1.004371 0.250000 -0.106640
3.001522 -4.002053 2.004880 0.250000 -0.042280
3.002242 -3.002220 1.005747 0.250000 -0.050835
3.002326 -3.002375 2.006269 0.250000 0.026285
3.003483 -2.002296 1.007659 0.250000 0.061911
3.003357 -2.002281 2.008020 0.250000 0.137231
3.004779 -1.001564 1.009588 0.250000 0.195394
3.004327 -1.001463 2.009636 0.250000 0.252295
3.005371 0.000029 1.010471 0.250000 0.260983
3.004745 0.000007 2.010336 0.250000 0.304945
3.004781 1.001621 1.009650 0.250000 0.200624
3.004336 1.001473 2.009701 0.250000 0.258211
3.003491 2.002349 1.007800 0.250000 0.075032
3.003378 2.002282 2.008166 0.250000 0.151590
3.002269 3.002269 1.006019 0.250000 -0.021674
3.002369 3.002369 2.006531 0.250000 0.054917
3.001436 4.001872 1.004854 0.250000 -0.047115
3.001595 4.002068 2.005292 0.250000 0.007807
4.000833 -5.001022 1.003351 0.250000 -0.081418
4.000982 -5.001252 2.003635 0.250000 -0.052763
4.001234 -4.001242 1.003840 0.250000 -0.092587
4.001412 -4.001481 2.004229 0.250000 -0.048362
4.001839 -3.001392 1.004626 0.250000 -0.072648
4.002016 -3.001595 2.005070 0.250000 -0.017394
4.002593 -2.001296 1.005587 0.250000 -0.029691
4.002722 -2.001427 2.006036 0.250000 0.032661
4.003281 -1.000805 1.006441 0.250000 0.016893
4.003331 -1.000865 2.006857 0.250000 0.081875
4.003570 0.000028 1.006808 0.250000 0.039034
4.003580 0.000007 2.007202 0.250000 0.104312
4.003284 1.000859 1.006497 0.250000 0.022068
4.003341 1.000876 2.006915 0.250000 0.087562
4.002604 2.001345 1.005710 0.250000 -0.017319
4.002748 2.001431 2.006164 0.250000 0.045957
4.001872 3.001436 1.004854 0.250000 -0.047114
4.002068 3.001595 2.005292 0.250000 0.007807
4.001307 4.001307 1.004227 0.250000 -0.044120
4.001500 4.001500 2.004569 0.250000 -0.006283
0.000000 0.000000 -1.000000 0.250000 0.000000
