-4.999866 -4.999866 0.000354 0.250000 0.012106
-4.999947 -3.999893 0.000094 0.250000 0.016451
-5.000245 -3.000024 -0.000004 0.250000 0.019838
-5.000729 -2.000169 -0.000103 0.250000 0.019888
-5.001237 -1.000181 -0.000215 0.250000 0.017580
-5.001464 -0.000025 -0.000271 0.250000 0.016425
-5.001232 1.000139 -0.000238 0.250000 0.018308
-5.000697 2.000154 -0.000157 0.250000 0.020441
-5.000186 3.000066 -0.000022 0.250000 0.018960
-4.999966 4.000039 0.000337 0.250000 0.014442
-3.999893 -4.999947 0.000094 0.250000 0.016451
-4.000136 -4.000136 -0.000301 0.250000 0.021374
-4.000910 -3.000606 -0.000570 0.250000 0.019441
-4.002322 -2.001078 -0.000914 0.250000 0.004426
-4.003969 -1.000959 -0.001228 0.250000 -0.017420
-4.004751 -0.000047 -0.001351 0.250000 -0.027786
-4.003964 1.000874 -0.001264 0.250000 -0.016141
-4.002284 2.001037 -0.001008 0.250000 0.005619
-4.000840 3.000672 -0.000648 0.250000 0.018339
-4.000171 4.000388 -0.000046 0.250000 0.017905
-3.000024 -5.000245 -0.000004 0.250000 0.019838
-3.000606 -4.000910 -0.000570 0.250000 0.019441
-3.002400 -3.002400 -0.001125 0.250000 -0.006561
-3.006125 -2.004066 -0.001478 0.250000 -0.070966
-3.011084 -1.003716 -0.000795 0.250000 -0.141713
-3.013639 -0.000054 -0.000008 0.250000 -0.168592
-3.011077 1.003624 -0.000836 0.250000 -0.140005
-3.006081 2.004041 -0.001593 0.250000 -0.069270
-3.002321 3.002551 -0.001238 0.250000 -0.007922
-3.000644 4.001351 -0.000321 0.250000 0.014205
-2.000169 -5.000729 -0.000103 0.250000 0.019887
-2.001078 -4.002322 -0.000914 0.250000 0.004426
-2.004066 -3.006125 -0.001478 0.250000 -0.070966
-2.011335 -2.011335 0.001455 0.250000 -0.195251
-2.022562 -1.011328 0.014011 0.250000 -0.213323
-2.028546 -0.000056 0.024531 0.250000 -0.148767
-2.022553 1.011239 0.013965 0.250000 -0.211287
-2.011292 2.011344 0.001327 0.250000 -0.193296
-2.003991 3.006392 -0.001607 0.250000 -0.072743
-2.001103 4.002992 -0.000650 0.250000 -0.002536
-1.000181 -5.001237 -0.000215 0.250000 0.017580
-1.000959 -4.003969 -0.001228 0.250000 -0.017420
-1.003716 -3.011084 -0.000795 0.250000 -0.141714
-1.011328 -2.022562 0.014011 0.250000 -0.213323
-1.021177 -1.021177 0.068168 0.250000 0.277834
-1.027167 -0.000055 0.101018 0.250000 0.628165
-1.021171 1.021094 0.068114 0.250000 0.280204
-1.011300 2.022601 0.013868 0.250000 -0.211281
-1.003668 3.011449 -0.000933 0.250000 -0.143978
-1.000962 4.004833 -0.000941 0.250000 -0.025832
-0.000025 -5.001464 -0.000271 0.250000 0.016425
-0.000047 -4.004751 -0.001351 0.250000 -0.027786
-0.000054 -3.013639 -0.000008 0.250000 -0.168592
-0.000056 -2.028546 0.024531 0.250000 -0.148767
-0.000055 -1.027167 0.101018 0.250000 0.628165
-0.000054 -0.000054 0.150782 0.250000 1.196443
-0.000055 1.027087 0.100960 0.250000 0.630652
-0.000057 2.028597 0.024378 0.250000 -0.146774
-0.000052 3.014042 -0.000150 0.250000 -0.171204
-0.000025 4.005689 -0.001053 0.250000 -0.036970
1.000139 -5.001232 -0.000238 0.250000 0.018308
1.000874 -4.003964 -0.001264 0.250000 -0.016141
1.003624 -3.011077 -0.000836 0.250000 -0.140005
1.011239 -2.022553 0.013965 0.250000 -0.211287
1.021094 -1.021171 0.068114 0.250000 0.280202
1.027087 -0.000055 0.100960 0.250000 0.630652
1.021088 1.021088 0.068059 0.250000 0.282475
1.011208 2.022592 0.013819 0.250000 -0.209480
1.003581 3.011439 -0.000975 0.250000 -0.142714
1.000924 4.004821 -0.000969 0.250000 -0.025182
2.000154 -5.000697 -0.000157 0.250000 0.020441
2.001037 -4.002284 -0.001008 0.250000 0.005620
2.004041 -3.006081 -0.001593 0.250000 -0.069270
2.011344 -2.011292 0.001327 0.250000 -0.193297
2.022601 -1.011300 0.013868 0.250000 -0.211281
2.028597 -0.000057 0.024378 0.250000 -0.146773
2.022592 1.011208 0.013819 0.250000 -0.209480
2.011299 2.011299 0.001195 0.250000 -0.191876
2.003972 3.006342 -0.001718 0.250000 -0.071918
2.001108 4.002943 -0.000715 0.250000 -0.002373
3.000066 -5.000186 -0.000022 0.250000 0.018959
3.000672 -4.000840 -0.000648 0.250000 0.018339
3.002551 -3.002321 -0.001238 0.250000 -0.007921
3.006392 -2.003991 -0.001607 0.250000 -0.072742
3.011449 -1.003668 -0.000933 0.250000 -0.143978
3.014042 -0.000052 -0.000150 0.250000 -0.171205
3.011439 1.003581 -0.000975 0.250000 -0.142714
3.006342 2.003972 -0.001718 0.250000 -0.071918
3.002473 3.002473 -0.001326 0.250000 -0.010366
3.000743 4.001274 -0.000342 0.250000 0.012211
4.000039 -4.999966 0.000337 0.250000 0.014442
4.000388 -4.000171 -0.000046 0.250000 0.017905
4.001351 -3.000644 -0.000321 0.250000 0.014205
4.002992 -2.001103 -0.000650 0.250000 -0.002536
4.004833 -1.000962 -0.000941 0.250000 -0.025831
4.005689 -0.000025 -0.001053 0.250000 -0.036971
4.004821 1.000924 -0.000969 0.250000 -0.025182
4.002943 2.001108 -0.000715 0.250000 -0.002373
4.001274 3.000743 -0.000342 0.250000 0.012211
4.000435 4.000435 0.000247 0.250000 0.013893
-4.999739 -4.999739 1.000393 0.250000 0.005858
-5.000204 -5.000204 2.000705 0.250000 0.002751
-4.999807 -3.999857 1.000308 0.250000 0.007986
-5.000538 -4.000469 2.000841 0.250000 0.004253
-5.000080 -3.000031 1.000501 0.250000 0.010826
-5.001087 -3.000674 2.001251 0.250000 0.006856
-5.000501 -2.000158 1.000783 0.250000 0.012942
-5.001751 -2.000684 2.001783 0.250000 0.009775
-5.000923 -1.000149 1.001024 0.250000 0.014171
-5.002321 -1.000420 2.002235 0.250000 0.012277
-5.001101 0.000008 1.001113 0.250000 0.014952
-5.002539 0.000060 2.002405 0.250000 0.013619
-5.000899 1.000169 1.000991 0.250000 0.015330
-5.002282 1.000540 2.002196 0.250000 0.013201
-5.000442 2.000184 1.000705 0.250000 0.014160
-5.001676 2.000791 2.001707 0.250000 0.010699
-5.000002 3.000048 1.000429 0.250000 0.010447
-5.001003 3.000740 2.001191 0.250000 0.006486
-4.999825 3.999911 1.000472 0.250000 0.006098
-5.000521 4.000502 2.000942 0.250000 0.002355
-3.999857 -4.999807 1.000308 0.250000 0.007986
-4.000469 -5.000538 2.000841 0.250000 0.004253
-4.000086 -4.000086 1.000397 0.250000 0.012949
-4.001048 -4.001048 2.001325 0.250000 0.008938
-4.000744 -3.000531 1.000954 0.250000 0.017992
-4.002018 -3.001500 2.002332 0.250000 0.015691
-4.001872 -2.000893 1.001725 0.250000 0.019255
-4.003292 -2.001598 2.003637 0.250000 0.022491
-4.003148 -1.000760 1.002456 0.250000 0.017059
-4.004486 -1.001056 2.004815 0.250000 0.027633
-4.003743 -0.000002 1.002762 0.250000 0.016046
-4.004983 0.000072 2.005286 0.250000 0.030043
-4.003125 1.000766 1.002399 0.250000 0.018855
-4.004443 1.001203 2.004745 0.250000 0.028964
-4.001807 2.000919 1.001582 0.250000 0.021171
-4.003205 2.001741 2.003492 0.250000 0.023757
-4.000649 3.000569 1.000771 0.250000 0.017264
-4.001913 3.001600 2.002168 0.250000 0.014847
-4.000101 4.000203 1.000499 0.250000 0.009362
-4.001007 4.001104 2.001345 0.250000 0.005530
-3.000031 -5.000080 1.000501 0.250000 0.010826
-3.000674 -5.001087 2.001251 0.250000 0.006855
-3.000531 -4.000744 1.000954 0.250000 0.017992
-3.001500 -4.002018 2.002332 0.250000 0.015691
-3.001950 -3.001950 1.002226 0.250000 0.020025
-3.003004 -3.003004 2.004406 0.250000 0.026897
-3.004792 -2.003187 1.004274 0.250000 0.008227
-3.005243 -2.003455 2.007312 0.250000 0.036784
-3.008523 -1.002854 1.006795 0.250000 -0.009113
-3.007620 -1.002473 2.010240 0.250000 0.044142
-3.010426 0.000003 1.008103 0.250000 -0.015152
-3.008700 0.000091 2.011528 0.250000 0.047869
-3.008500 1.002876 1.006719 0.250000 -0.006837
-3.007578 1.002664 2.010140 0.250000 0.045742
-3.004725 2.003251 1.004076 0.250000 0.010555
-3.005156 2.003656 2.007097 0.250000 0.038095
-3.001849 3.002068 1.001939 0.250000 0.018539
-3.002894 3.003172 2.004130 0.250000 0.025078
-3.000541 4.000998 1.000961 0.250000 0.011973
-3.001446 4.002140 2.002240 0.250000 0.010054
-2.000158 -5.000501 1.000783 0.250000 0.012942
-2.000684 -5.001751 2.001783 0.250000 0.009775
-2.000893 -4.001872 1.001725 0.250000 0.019255
-2.001598 -4.003292 2.003637 0.250000 0.022491
-2.003187 -3.004792 1.004274 0.250000 0.008228
-2.003455 -3.005243 2.007312 0.250000 0.036784
-2.008646 -2.008646 1.009858 0.250000 -0.024789
-2.006645 -2.006645 2.013158 0.250000 0.050136
-2.016941 -1.008523 1.019478 0.250000 -0.026227
-2.010530 -1.005214 2.020010 0.250000 0.068371
-2.021544 0.000011 1.025422 0.250000 -0.004311
-2.012454 0.000111 2.023375 0.250000 0.081141
-2.016920 1.008568 1.019384 0.250000 -0.023653
-2.010495 1.005452 2.019884 0.250000 0.070074
-2.008587 2.008759 1.009610 0.250000 -0.022428
-2.006572 2.006909 2.012880 0.250000 0.051176
-2.003097 3.005011 1.003895 0.250000 0.005515
-2.003359 3.005490 2.006931 0.250000 0.033573
-2.000896 4.002300 1.001648 0.250000 0.010434
-2.001547 4.003497 2.003436 0.250000 0.014190
-1.000149 -5.000923 1.001024 0.250000 0.014171
-1.000420 -5.002321 2.002235 0.250000 0.012277
-1.000760 -4.003148 1.002456 0.250000 0.017059
-1.001056 -4.004486 2.004815 0.250000 0.027633
-1.002854 -3.008523 1.006795 0.250000 -0.009114
-1.002473 -3.007620 2.010240 0.250000 0.044142
-1.008523 -2.016941 1.019478 0.250000 -0.026227
-1.005214 -2.010530 2.020010 0.250000 0.068372
-1.017942 -1.017942 1.046221 0.250000 0.128412
-1.008927 -1.008927 2.033084 0.250000 0.123905
-1.023098 0.000019 1.064118 0.250000 0.287492
-1.010886 0.000126 2.040061 0.250000 0.165564
-1.017929 1.018009 1.046112 0.250000 0.131149
-1.008907 1.009200 2.032938 0.250000 0.125589
-1.008487 2.017096 1.019191 0.250000 -0.024064
-1.005172 2.010842 2.019686 0.250000 0.069005
-1.002799 3.008828 1.006348 0.250000 -0.013110
-1.002416 3.007930 2.009782 0.250000 0.039574
-1.000754 4.003723 1.002322 0.250000 0.005735
-1.001022 4.004761 2.004533 0.250000 0.016961
0.000008 -5.001101 1.001113 0.250000 0.014952
0.000060 -5.002539 2.002405 0.250000 0.013619
-0.000002 -4.003743 1.002762 0.250000 0.016046
0.000072 -4.004983 2.005286 0.250000 0.030043
0.000003 -3.010426 1.008103 0.250000 -0.015152
0.000091 -3.008700 2.011528 0.250000 0.047868
0.000011 -2.021544 1.025422 0.250000 -0.004311
0.000111 -2.012454 2.023375 0.250000 0.081141
0.000019 -1.023098 1.064118 0.250000 0.287493
0.000126 -1.010886 2.040061 0.250000 0.165565
0.000023 0.000023 1.089612 0.250000 0.543035
0.000132 0.000132 2.049244 0.250000 0.229428
0.000019 1.023175 1.064002 0.250000 0.290240
0.000125 1.011172 2.039908 0.250000 0.167171
0.000010 2.021715 1.025119 0.250000 -0.002362
0.000110 2.012783 2.023033 0.250000 0.081480
0.000004 3.010763 1.007630 0.250000 -0.019864
0.000092 3.009033 2.011043 0.250000 0.042576
0.000015 4.004373 1.002609 0.250000 0.003475
0.000079 4.005283 2.004978 0.250000 0.018214
1.000169 -5.000899 1.000991 0.250000 0.015330
1.000540 -5.002282 2.002196 0.250000 0.013201
1.000766 -4.003125 1.002399 0.250000 0.018854
1.001203 -4.004443 2.004745 0.250000 0.028963
1.002876 -3.008500 1.006719 0.250000 -0.006837
1.002664 -3.007578 2.010140 0.250000 0.045742
1.008568 -2.016920 1.019384 0.250000 -0.023653
1.005452 -2.010495 2.019884 0.250000 0.070073
1.018009 -1.017929 1.046112 0.250000 0.131151
1.009200 -1.008907 2.032938 0.250000 0.125589
1.023175 0.000019 1.064002 0.250000 0.290239
1.011172 0.000125 2.039908 0.250000 0.167171
1.017995 1.017995 1.046003 0.250000 0.133729
1.009178 1.009178 2.032794 0.250000 0.127097
1.008530 2.017073 1.019097 0.250000 -0.021824
1.005406 2.010804 2.019563 0.250000 0.070354
1.002823 3.008800 1.006274 0.250000 -0.011383
1.002608 3.007883 2.009690 0.250000 0.040653
1.000793 4.003691 1.002277 0.250000 0.006803
1.001183 4.004714 2.004477 0.250000 0.017662
2.000184 -5.000442 1.000705 0.250000 0.014161
2.000791 -5.001676 2.001707 0.250000 0.010699
2.000919 -4.001807 1.001582 0.250000 0.021171
2.001741 -4.003205 2.003492 0.250000 0.023756
2.003251 -3.004725 1.004076 0.250000 0.010555
2.003656 -3.005156 2.007097 0.250000 0.038096
2.008759 -2.008587 1.009610 0.250000 -0.022428
2.006909 -2.006572 2.012880 0.250000 0.051177
2.017096 -1.008487 1.019191 0.250000 -0.024064
2.010842 -1.005172 2.019686 0.250000 0.069005
2.021715 0.000010 1.025119 0.250000 -0.002363
2.012783 0.000110 2.023033 0.250000 0.081480
2.017073 1.008530 1.019097 0.250000 -0.021824
2.010804 1.005406 2.019563 0.250000 0.070352
2.008695 2.008695 1.009364 0.250000 -0.020766
2.006830 2.006830 2.012611 0.250000 0.051524
2.003161 3.004935 1.003709 0.250000 0.006791
2.003557 3.005395 2.006736 0.250000 0.033920
2.000954 4.002222 1.001541 0.250000 0.011121
2.001701 4.003404 2.003325 0.250000 0.014377
3.000048 -5.000002 1.000429 0.250000 0.010447
3.000740 -5.001003 2.001191 0.250000 0.006486
3.000569 -4.000649 1.000771 0.250000 0.017264
3.001600 -4.001913 2.002168 0.250000 0.014847
3.002068 -3.001849 1.001939 0.250000 0.018539
3.003172 -3.002894 2.004130 0.250000 0.025078
3.005011 -2.003097 1.003895 0.250000 0.005516
3.005490 -2.003359 2.006931 0.250000 0.033574
3.008828 -1.002799 1.006348 0.250000 -0.013110
3.007930 -1.002416 2.009782 0.250000 0.039574
3.010763 0.000004 1.007630 0.250000 -0.019863
3.009033 0.000092 2.011043 0.250000 0.042576
3.008800 1.002823 1.006274 0.250000 -0.011383
3.007883 1.002608 2.009690 0.250000 0.040653
3.004935 2.003161 1.003709 0.250000 0.006792
3.005395 2.003557 2.006736 0.250000 0.033920
3.001961 3.001961 1.001688 0.250000 0.015725
3.003057 3.003057 2.003892 0.250000 0.022054
3.000608 4.000899 1.000849 0.250000 0.010063
3.001559 4.002036 2.002134 0.250000 0.008048
3.999911 -4.999825 1.000472 0.250000 0.006097
4.000502 -5.000521 2.000942 0.250000 0.002355
4.000203 -4.000101 1.000499 0.250000 0.009362
4.001104 -4.001007 2.001345 0.250000 0.005530
4.000998 -3.000541 1.000961 0.250000 0.011973
4.002140 -3.001446 2.002240 0.250000 0.010053
4.002300 -2.000896 1.001648 0.250000 0.010434
4.003497 -2.001547 2.003436 0.250000 0.014190
4.003723 -1.000754 1.002322 0.250000 0.005735
4.004761 -1.001022 2.004533 0.250000 0.016961
4.004373 0.000015 1.002609 0.250000 0.003476
4.005283 0.000079 2.004978 0.250000 0.018214
4.003691 1.000793 1.002277 0.250000 0.006802
4.004714 1.001183 2.004477 0.250000 0.017662
4.002222 2.000954 1.001541 0.250000 0.011121
4.003404 2.001701 2.003325 0.250000 0.014376
4.000899 3.000608 1.000849 0.250000 0.010062
4.002036 3.001559 2.002134 0.250000 0.008048
4.000239 4.000239 1.000669 0.250000 0.004952
4.001085 4.001085 2.001428 0.250000 0.001197
0.000000 0.000000 -1.000000 0.250000 0.000000
