-5.000257 -5.000257 0.002317 0.250000 0.488775
-5.000346 -4.000274 0.002551 0.250000 0.530181
-5.000457 -3.000269 0.002822 0.250000 0.589788
-5.000579 -2.000224 0.003093 0.250000 0.655671
-5.000678 -1.000127 0.003301 0.250000 0.709328
-5.000717 0.000009 0.003383 0.250000 0.732147
-5.000678 1.000144 0.003312 0.250000 0.715970
-5.000579 2.000241 0.003116 0.250000 0.669989
-5.000459 3.000287 0.002863 0.250000 0.615063
-5.000350 4.000292 0.002616 0.250000 0.570531
-4.000274 -5.000346 0.002551 0.250000 0.530181
-4.000394 -4.000394 0.002891 0.250000 0.594546
-4.000566 -3.000420 0.003326 0.250000 0.696708
-4.000777 -2.000381 0.003807 0.250000 0.821353
-4.000972 -1.000234 0.004214 0.250000 0.932552
-4.001056 0.000010 0.004382 0.250000 0.980826
-4.000972 1.000254 0.004227 0.250000 0.940435
-4.000777 2.000402 0.003835 0.250000 0.838614
-4.000567 3.000442 0.003377 0.250000 0.728105
-4.000399 4.000417 0.002975 0.250000 0.646467
-3.000269 -5.000457 0.002822 0.250000 0.589788
-3.000420 -4.000566 0.003326 0.250000 0.696707
-3.000668 -3.000668 0.004046 0.250000 0.879642
-3.001034 -2.000684 0.004966 0.250000 1.135275
-3.001436 -1.000470 0.005879 0.250000 1.402079
-3.001627 0.000011 0.006297 0.250000 1.528369
-3.001436 1.000493 0.005894 0.250000 1.411022
-3.001034 2.000708 0.004998 0.250000 1.154979
-3.000670 3.000694 0.004105 0.250000 0.915738
-3.000424 4.000592 0.003423 0.250000 0.756728
-2.000224 -5.000579 0.003093 0.250000 0.655671
-2.000381 -4.000777 0.003807 0.250000 0.821353
-2.000684 -3.001034 0.004966 0.250000 1.135275
-2.001235 -2.001235 0.006779 0.250000 1.669318
-2.001974 -1.000981 0.009125 0.250000 2.394538
-2.002345 0.000012 0.010443 0.250000 2.811911
-2.001973 1.001005 0.009141 0.250000 2.404259
-2.001235 2.001261 0.006814 0.250000 1.690789
-2.000685 3.001062 0.005030 0.250000 1.174693
-2.000385 4.000807 0.003913 0.250000 0.886917
-1.000127 -5.000678 0.003301 0.250000 0.709328
-1.000234 -4.000972 0.004214 0.250000 0.932552
-1.000470 -3.001436 0.005879 0.250000 1.402079
-1.000981 -2.001974 0.009125 0.250000 2.394538
-1.001582 -1.001582 0.014665 0.250000 4.162869
-1.001945 0.000013 0.017617 0.250000 5.115872
-1.001582 1.001608 0.014682 0.250000 4.173024
-1.000981 2.002001 0.009162 0.250000 2.417018
-1.000471 3.001466 0.005946 0.250000 1.443438
-1.000236 4.001005 0.004325 0.250000 1.001434
0.000009 -5.000717 0.003383 0.250000 0.732147
0.000010 -4.001056 0.004382 0.250000 0.980826
0.000011 -3.001627 0.006297 0.250000 1.528369
0.000012 -2.002345 0.010443 0.250000 2.811911
0.000013 -1.001945 0.017617 0.250000 5.115872
0.000013 0.000013 0.021815 0.250000 6.476031
0.000013 1.001971 0.017634 0.250000 5.126103
0.000012 2.002374 0.010480 0.250000 2.834590
0.000011 3.001658 0.006365 0.250000 1.570182
0.000009 4.001089 0.004494 0.250000 1.050593
1.000144 -5.000678 0.003312 0.250000 0.715970
1.000254 -4.000972 0.004227 0.250000 0.940434
1.000493 -3.001436 0.005894 0.250000 1.411022
1.001005 -2.001973 0.009141 0.250000 2.404259
1.001608 -1.001582 0.014682 0.250000 4.173024
1.001971 0.000013 0.017634 0.250000 5.126103
1.001607 1.001607 0.014698 0.250000 4.182964
1.001005 2.002001 0.009177 0.250000 2.426293
1.000493 3.001465 0.005960 0.250000 1.451700
1.000255 4.001005 0.004336 0.250000 1.008444
2.000241 -5.000579 0.003116 0.250000 0.669989
2.000402 -4.000777 0.003835 0.250000 0.838614
2.000708 -3.001034 0.004998 0.250000 1.154979
2.001261 -2.001235 0.006814 0.250000 1.690789
2.002001 -1.000981 0.009162 0.250000 2.417019
2.002374 0.000012 0.010480 0.250000 2.834590
2.002001 1.001005 0.009177 0.250000 2.426293
2.001260 2.001260 0.006848 0.250000 1.711311
2.000708 3.001061 0.005059 0.250000 1.192867
2.000404 4.000807 0.003937 0.250000 0.902093
3.000287 -5.000459 0.002863 0.250000 0.615063
3.000442 -4.000567 0.003377 0.250000 0.728105
3.000694 -3.000670 0.004105 0.250000 0.915738
3.001062 -2.000685 0.005030 0.250000 1.174693
3.001466 -1.000471 0.005946 0.250000 1.443438
3.001658 0.000011 0.006365 0.250000 1.570182
3.001465 1.000493 0.005960 0.250000 1.451700
3.001061 2.000708 0.005059 0.250000 1.192867
3.000694 3.000694 0.004159 0.250000 0.949092
3.000445 4.000593 0.003467 0.250000 0.783742
4.000292 -5.000350 0.002616 0.250000 0.570531
4.000417 -4.000399 0.002975 0.250000 0.646467
4.000592 -3.000424 0.003423 0.250000 0.756728
4.000807 -2.000385 0.003913 0.250000 0.886917
4.001005 -1.000236 0.004325 0.250000 1.001434
4.001089 0.000009 0.004494 0.250000 1.050593
4.001005 1.000255 0.004336 0.250000 1.008444
4.000807 2.000404 0.003937 0.250000 0.902093
4.000593 3.000445 0.003467 0.250000 0.783742
4.000420 4.000420 0.003045 0.250000 0.689952
-5.000429 -5.000429 1.002383 0.250000 0.510429
-5.000556 -5.000556 2.002464 0.250000 0.538657
-5.000568 -4.000458 1.002637 0.250000 0.559669
-5.000719 -4.000581 2.002737 0.250000 0.597018
-5.000741 -3.000450 1.002929 0.250000 0.626798
-5.000912 -3.000557 2.003040 0.250000 0.669505
-5.000925 -2.000374 1.003216 0.250000 0.699259
-5.001110 -2.000453 2.003332 0.250000 0.744694
-5.001074 -1.000215 1.003437 0.250000 0.757611
-5.001265 -1.000258 2.003551 0.250000 0.803956
-5.001133 0.000004 1.003523 0.250000 0.782133
-5.001325 -0.000000 2.003637 0.250000 0.828639
-5.001076 1.000222 1.003447 0.250000 0.764286
-5.001268 1.000257 2.003563 0.250000 0.810865
-5.000929 2.000380 1.003240 0.250000 0.713628
-5.001116 2.000451 2.003355 0.250000 0.759355
-5.000748 3.000456 1.002969 0.250000 0.651581
-5.000923 3.000556 2.003079 0.250000 0.693573
-5.000581 4.000467 1.002700 0.250000 0.598421
-5.000735 4.000584 2.002793 0.250000 0.631613
-4.000458 -5.000568 1.002637 0.250000 0.559669
-4.000581 -5.000719 2.002737 0.250000 0.597018
-4.000646 -4.000646 1.003008 0.250000 0.636354
-4.000791 -4.000791 2.003130 0.250000 0.685765
-4.000904 -3.000680 1.003472 0.250000 0.750411
-4.001061 -3.000801 2.003598 0.250000 0.804557
-4.001208 -2.000606 1.003976 0.250000 0.884748
-4.001359 -2.000685 2.004086 0.250000 0.936774
-4.001478 -1.000368 1.004394 0.250000 1.001497
-4.001608 -1.000406 2.004477 0.250000 1.047041
-4.001591 0.000004 1.004564 0.250000 1.051239
-4.001708 -0.000000 2.004633 0.250000 1.093098
-4.001480 1.000377 1.004406 0.250000 1.009357
-4.001610 1.000404 2.004490 0.250000 1.055150
-4.001212 2.000613 1.004004 0.250000 0.901915
-4.001364 2.000683 2.004114 0.250000 0.954188
-4.000910 3.000687 1.003522 0.250000 0.780800
-4.001070 3.000798 2.003646 0.250000 0.833689
-4.000658 4.000656 1.003087 0.250000 0.685451
-4.000806 4.000793 2.003198 0.250000 0.728478
-3.000450 -5.000741 1.002929 0.250000 0.626798
-3.000557 -5.000912 2.003040 0.250000 0.669505
-3.000680 -4.000904 1.003472 0.250000 0.750411
-3.000801 -4.001061 2.003598 0.250000 0.804557
-3.001035 -3.001035 1.004225 0.250000 0.948111
-3.001142 -3.001142 2.004322 0.250000 0.998339
-3.001515 -2.001010 1.005145 0.250000 1.208283
-3.001557 -2.001041 2.005146 0.250000 1.232513
-3.002002 -1.000665 1.006007 0.250000 1.462294
-3.001937 -1.000648 2.005862 0.250000 1.443406
-3.002221 0.000005 1.006385 0.250000 1.576725
-3.002098 -0.000001 2.006160 0.250000 1.533935
-3.002003 1.000674 1.006022 0.250000 1.471145
-3.001939 1.000646 2.005877 0.250000 1.452506
-3.001518 2.001018 1.005177 0.250000 1.227725
-3.001562 2.001038 2.005178 0.250000 1.252157
-3.001040 3.001042 1.004281 0.250000 0.982782
-3.001149 3.001139 2.004376 0.250000 1.031433
-3.000690 4.000915 1.003563 0.250000 0.806772
-3.000812 4.001063 2.003677 0.250000 0.853378
-2.000374 -5.000925 1.003216 0.250000 0.699259
-2.000453 -5.001110 2.003332 0.250000 0.744694
-2.000606 -4.001208 1.003976 0.250000 0.884748
-2.000685 -4.001359 2.004086 0.250000 0.936774
-2.001010 -3.001515 1.005145 0.250000 1.208283
-2.001041 -3.001557 2.005146 0.250000 1.232513
-2.001653 -2.001653 1.006803 0.250000 1.698591
-2.001522 -2.001522 2.006476 0.250000 1.624389
-2.002418 -1.001207 1.008639 0.250000 2.262035
-2.002008 -1.001005 2.007751 0.250000 2.012033
-2.002799 0.000005 1.009537 0.250000 2.543459
-2.002228 -0.000001 2.008314 0.250000 2.186973
-2.002419 1.001217 1.008655 0.250000 2.271600
-2.002010 1.001003 2.007767 0.250000 2.021839
-2.001655 2.001662 1.006838 0.250000 1.719643
-2.001525 2.001519 2.006510 0.250000 1.645600
-2.001014 3.001524 1.005206 0.250000 1.245913
-2.001046 3.001554 2.005204 0.250000 1.268340
-2.000612 4.001221 1.004075 0.250000 0.946037
-2.000693 4.001361 2.004172 0.250000 0.989754
-1.000215 -5.001074 1.003437 0.250000 0.757611
-1.000258 -5.001265 2.003551 0.250000 0.803956
-1.000368 -4.001478 1.004394 0.250000 1.001497
-1.000406 -4.001608 2.004477 0.250000 1.047041
-1.000665 -3.002002 1.006007 0.250000 1.462294
-1.000648 -3.001937 2.005862 0.250000 1.443406
-1.001207 -2.002418 1.008639 0.250000 2.262035
-1.001005 -2.002008 2.007751 0.250000 2.012033
-1.001936 -1.001936 1.012078 0.250000 3.343875
-1.001399 -1.001399 2.009729 0.250000 2.624757
-1.002304 0.000006 1.013945 0.250000 3.940735
-1.001587 -0.000000 2.010653 0.250000 2.916162
-1.001936 1.001947 1.012095 0.250000 3.353839
-1.001400 1.001398 2.009745 0.250000 2.634954
-1.001208 2.002428 1.008675 0.250000 2.283991
-1.001006 2.002006 2.007787 0.250000 2.034111
-1.000667 3.002012 1.006071 0.250000 1.501603
-1.000650 3.001934 2.005923 0.250000 1.480753
-1.000372 4.001493 1.004497 0.250000 1.065664
-1.000409 4.001610 2.004566 0.250000 1.102372
0.000004 -5.001133 1.003523 0.250000 0.782133
-0.000000 -5.001325 2.003637 0.250000 0.828639
0.000004 -4.001591 1.004564 0.250000 1.051239
-0.000000 -4.001708 2.004633 0.250000 1.093098
0.000005 -3.002221 1.006385 0.250000 1.576725
-0.000001 -3.002098 2.006160 0.250000 1.533936
0.000005 -2.002799 1.009537 0.250000 2.543458
-0.000001 -2.002228 2.008314 0.250000 2.186973
0.000006 -1.002304 1.013945 0.250000 3.940735
-0.000000 -1.001587 2.010653 0.250000 2.916161
0.000006 0.000006 1.016373 0.250000 4.721308
-0.000000 -0.000000 2.011773 0.250000 3.270880
0.000006 1.002315 1.013962 0.250000 3.950763
-0.000000 1.001586 2.010670 0.250000 2.926419
0.000005 2.002810 1.009573 0.250000 2.565579
-0.000000 2.002225 2.008351 0.250000 2.209199
0.000005 3.002231 1.006449 0.250000 1.616394
-0.000000 3.002095 2.006221 0.250000 1.571576
0.000004 4.001606 1.004669 0.250000 1.116129
0.000000 4.001711 2.004723 0.250000 1.148947
1.000222 -5.001076 1.003447 0.250000 0.764286
1.000257 -5.001268 2.003563 0.250000 0.810865
1.000377 -4.001480 1.004406 0.250000 1.009357
1.000404 -4.001610 2.004490 0.250000 1.055150
1.000674 -3.002003 1.006022 0.250000 1.471145
1.000646 -3.001939 2.005877 0.250000 1.452506
1.001217 -2.002419 1.008655 0.250000 2.271601
1.001003 -2.002010 2.007767 0.250000 2.021838
1.001947 -1.001936 1.012095 0.250000 3.353839
1.001398 -1.001400 2.009745 0.250000 2.634954
1.002315 0.000006 1.013962 0.250000 3.950763
1.001586 -0.000000 2.010670 0.250000 2.926419
1.001947 1.001947 1.012111 0.250000 3.363591
1.001399 1.001399 2.009762 0.250000 2.644932
1.001218 2.002429 1.008690 0.250000 2.293118
1.001005 2.002007 2.007802 0.250000 2.043466
1.000676 3.002013 1.006085 0.250000 1.509784
1.000650 3.001937 2.005936 0.250000 1.489161
1.000381 4.001494 1.004509 0.250000 1.072659
1.000409 4.001613 2.004578 0.250000 1.109583
2.000380 -5.000929 1.003240 0.250000 0.713628
2.000451 -5.001116 2.003355 0.250000 0.759356
2.000613 -4.001212 1.004004 0.250000 0.901914
2.000683 -4.001364 2.004114 0.250000 0.954188
2.001018 -3.001518 1.005177 0.250000 1.227724
2.001038 -3.001562 2.005178 0.250000 1.252157
2.001662 -2.001655 1.006838 0.250000 1.719644
2.001519 -2.001525 2.006510 0.250000 1.645600
2.002428 -1.001208 1.008675 0.250000 2.283990
2.002006 -1.001006 2.007787 0.250000 2.034111
2.002810 0.000005 1.009573 0.250000 2.565580
2.002225 -0.000000 2.008351 0.250000 2.209198
2.002429 1.001218 1.008690 0.250000 2.293119
2.002007 1.001005 2.007802 0.250000 2.043466
2.001664 2.001664 1.006870 0.250000 1.739766
2.001523 2.001523 2.006543 0.250000 1.665857
2.001022 3.001527 1.005235 0.250000 1.263856
2.001044 3.001559 2.005233 0.250000 1.286463
2.000620 4.001225 1.004099 0.250000 0.961155
2.000692 4.001367 2.004197 0.250000 1.005111
3.000456 -5.000748 1.002969 0.250000 0.651581
3.000556 -5.000923 2.003079 0.250000 0.693573
3.000687 -4.000910 1.003522 0.250000 0.780800
3.000798 -4.001070 2.003646 0.250000 0.833688
3.001042 -3.001040 1.004281 0.250000 0.982782
3.001139 -3.001149 2.004376 0.250000 1.031433
3.001524 -2.001014 1.005206 0.250000 1.245912
3.001554 -2.001046 2.005204 0.250000 1.268340
3.002012 -1.000667 1.006071 0.250000 1.501603
3.001934 -1.000650 2.005923 0.250000 1.480753
3.002231 0.000005 1.006449 0.250000 1.616394
3.002095 -0.000000 2.006221 0.250000 1.571576
3.002013 1.000676 1.006085 0.250000 1.509785
3.001937 1.000650 2.005936 0.250000 1.489161
3.001527 2.001022 1.005235 0.250000 1.263856
3.001559 2.001044 2.005233 0.250000 1.286463
3.001048 3.001048 1.004333 0.250000 1.014801
3.001148 3.001148 2.004425 0.250000 1.061939
3.000697 4.000922 1.003606 0.250000 0.833048
3.000811 4.001073 2.003718 0.250000 0.878742
4.000467 -5.000581 1.002700 0.250000 0.598421
4.000584 -5.000735 2.002793 0.250000 0.631613
4.000656 -4.000658 1.003087 0.250000 0.685451
4.000793 -4.000806 2.003198 0.250000 0.728478
4.000915 -3.000690 1.003563 0.250000 0.806772
4.001063 -3.000812 2.003677 0.250000 0.853377
4.001221 -2.000612 1.004075 0.250000 0.946037
4.001361 -2.000693 2.004172 0.250000 0.989754
4.001493 -1.000372 1.004497 0.250000 1.065664
4.001610 -1.000409 2.004566 0.250000 1.102372
4.001606 0.000004 1.004669 0.250000 1.116129
4.001711 0.000000 2.004723 0.250000 1.148947
4.001494 1.000381 1.004509 0.250000 1.072659
4.001613 1.000409 2.004578 0.250000 1.109583
4.001225 2.000620 1.004099 0.250000 0.961155
4.001367 2.000692 2.004197 0.250000 1.005112
4.000922 3.000697 1.003606 0.250000 0.833048
4.001073 3.000811 2.003718 0.250000 0.878742
4.000668 4.000668 1.003153 0.250000 0.726929
4.000809 4.000809 2.003258 0.250000 0.765195
0.000000 0.000000 -1.000000 0.250000 0.000000
