-5.000319 -5.000319 0.000253 0.250000 -0.018614
-5.000576 -4.000386 -0.000057 0.250000 -0.021633
-5.001061 -3.000488 -0.000131 0.250000 -0.029254
-5.001687 -2.000511 -0.000099 0.250000 -0.041849
-5.002252 -1.000334 -0.000047 0.250000 -0.054498
-5.002480 0.000036 -0.000024 0.250000 -0.060576
-5.002225 1.000415 -0.000054 0.250000 -0.057324
-5.001632 2.000621 -0.000099 0.250000 -0.048501
-5.001010 3.000653 -0.000025 0.250000 -0.040343
-5.000627 4.000642 0.000360 0.250000 -0.034711
-4.000386 -5.000576 -0.000057 0.250000 -0.021633
-4.000808 -4.000808 -0.000456 0.250000 -0.029918
-4.001696 -3.001167 -0.000487 0.250000 -0.050271
-4.003030 -2.001379 -0.000279 0.250000 -0.082624
-4.004413 -1.001007 0.000043 0.250000 -0.114271
-4.005028 0.000023 0.000207 0.250000 -0.128290
-4.004384 1.001068 0.000017 0.250000 -0.117631
-4.002970 2.001493 -0.000313 0.250000 -0.090999
-4.001642 3.001385 -0.000402 0.250000 -0.065091
-4.000881 4.001177 0.000049 0.250000 -0.048082
-3.000488 -5.001061 -0.000131 0.250000 -0.029254
-3.001167 -4.001696 -0.000487 0.250000 -0.050271
-3.002762 -3.002762 -0.000187 0.250000 -0.097118
-3.005612 -2.003680 0.001043 0.250000 -0.163306
-3.009109 -1.002985 0.003212 0.250000 -0.212554
-3.010847 0.000026 0.004510 0.250000 -0.226191
-3.009081 1.003060 0.003177 0.250000 -0.216294
-3.005553 2.003834 0.000993 0.250000 -0.172924
-3.002709 3.003074 -0.000105 0.250000 -0.114672
-3.001244 4.002221 0.000081 0.250000 -0.072422
-2.000511 -5.001687 -0.000099 0.250000 -0.041849
-2.001379 -4.003030 -0.000279 0.250000 -0.082624
-2.003680 -3.005612 0.001043 0.250000 -0.163305
-2.008661 -2.008661 0.006366 0.250000 -0.227476
-2.015965 -1.007966 0.018276 0.250000 -0.129916
-2.019784 0.000035 0.026704 0.250000 -0.001910
-2.015942 1.008066 0.018235 0.250000 -0.133992
-2.008612 2.008868 0.006307 0.250000 -0.238070
-2.003632 3.006029 0.001135 0.250000 -0.182743
-2.001436 4.003722 0.000357 0.250000 -0.107246
-1.000334 -5.002252 -0.000047 0.250000 -0.054498
-1.001007 -4.004413 0.000043 0.250000 -0.114271
-1.002985 -3.009109 0.003212 0.250000 -0.212554
-1.007966 -2.015965 0.018276 0.250000 -0.129915
-1.014237 -1.014237 0.058597 0.250000 0.622977
-1.018034 0.000044 0.082047 0.250000 1.108838
-1.014224 1.014361 0.058548 0.250000 0.618544
-1.007936 2.016213 0.018210 0.250000 -0.141332
-1.002954 3.009610 0.003315 0.250000 -0.233210
-1.001027 4.005239 0.000739 0.250000 -0.140207
0.000036 -5.002480 -0.000024 0.250000 -0.060576
0.000023 -4.005028 0.000207 0.250000 -0.128290
0.000026 -3.010847 0.004510 0.250000 -0.226191
0.000035 -2.019784 0.026704 0.250000 -0.001910
0.000044 -1.018034 0.082047 0.250000 1.108838
0.000048 0.000048 0.116853 0.250000 1.865798
0.000044 1.018166 0.081993 0.250000 1.104198
0.000036 2.020047 0.026634 0.250000 -0.013774
0.000033 3.011379 0.004621 0.250000 -0.247353
0.000048 4.005903 0.000932 0.250000 -0.154655
1.000415 -5.002225 -0.000054 0.250000 -0.057324
1.001068 -4.004384 0.000017 0.250000 -0.117631
1.003060 -3.009081 0.003177 0.250000 -0.216295
1.008066 -2.015942 0.018235 0.250000 -0.133992
1.014361 -1.014224 0.058548 0.250000 0.618545
1.018166 0.000044 0.081993 0.250000 1.104197
1.014347 1.014347 0.058500 0.250000 0.614026
1.008037 2.016188 0.018173 0.250000 -0.145563
1.003041 3.009579 0.003290 0.250000 -0.237090
1.001137 4.005206 0.000733 0.250000 -0.143492
2.000621 -5.001632 -0.000099 0.250000 -0.048501
2.001493 -4.002970 -0.000313 0.250000 -0.090999
2.003834 -3.005553 0.000993 0.250000 -0.172924
2.008868 -2.008612 0.006307 0.250000 -0.238070
2.016213 -1.007936 0.018210 0.250000 -0.141332
2.020047 0.000036 0.026634 0.250000 -0.013776
2.016188 1.008037 0.018173 0.250000 -0.145563
2.008816 2.008816 0.006258 0.250000 -0.248887
2.003794 3.005965 0.001105 0.250000 -0.192382
2.001589 4.003657 0.000365 0.250000 -0.114958
3.000653 -5.001010 -0.000025 0.250000 -0.040343
3.001385 -4.001642 -0.000402 0.250000 -0.065091
3.003074 -3.002709 -0.000105 0.250000 -0.114672
3.006029 -2.003632 0.001135 0.250000 -0.182743
3.009610 -1.002954 0.003315 0.250000 -0.233210
3.011379 0.000033 0.004621 0.250000 -0.247354
3.009579 1.003041 0.003290 0.250000 -0.237090
3.005965 2.003794 0.001105 0.250000 -0.192382
3.003020 3.003020 0.000015 0.250000 -0.131502
3.001481 4.002160 0.000222 0.250000 -0.085112
4.000642 -5.000627 0.000360 0.250000 -0.034711
4.001177 -4.000881 0.000049 0.250000 -0.048082
4.002221 -3.001244 0.000081 0.250000 -0.072422
4.003722 -2.001436 0.000357 0.250000 -0.107246
4.005239 -1.001027 0.000739 0.250000 -0.140207
4.005903 0.000048 0.000932 0.250000 -0.154654
4.005206 1.001137 0.000733 0.250000 -0.143492
4.003657 2.001589 0.000365 0.250000 -0.114957
4.002160 3.001481 0.000222 0.250000 -0.085112
4.001245 4.001245 0.000568 0.250000 -0.062575
-5.000241 -5.000241 1.000439 0.250000 -0.024313
-5.000533 -5.000533 2.000823 0.250000 -0.026341
-5.000499 -4.000413 1.000321 0.250000 -0.025943
-5.000929 -4.000793 2.000927 0.250000 -0.026827
-5.001000 -3.000585 1.000500 0.250000 -0.029195
-5.001541 -3.000968 2.001301 0.250000 -0.027294
-5.001643 -2.000608 1.000814 0.250000 -0.035018
-5.002258 -2.000908 2.001809 0.250000 -0.028584
-5.002216 -1.000386 1.001105 0.250000 -0.041001
-5.002858 -1.000534 2.002250 0.250000 -0.030272
-5.002442 0.000049 1.001220 0.250000 -0.044323
-5.003087 0.000074 2.002421 0.250000 -0.031988
-5.002183 1.000485 1.001086 0.250000 -0.044183
-5.002827 1.000676 2.002234 0.250000 -0.033924
-5.001586 2.000704 1.000792 0.250000 -0.042449
-5.002211 2.001024 2.001801 0.250000 -0.036476
-5.000961 3.000669 1.000561 0.250000 -0.041577
-5.001518 3.001042 2.001375 0.250000 -0.039450
-5.000582 4.000539 1.000672 0.250000 -0.040280
-5.000996 4.000855 2.001212 0.250000 -0.040788
-4.000413 -5.000499 1.000321 0.250000 -0.025943
-4.000793 -5.000929 2.000927 0.250000 -0.026827
-4.000877 -4.000877 1.000334 0.250000 -0.027259
-4.001429 -4.001429 2.001310 0.250000 -0.024580
-4.001801 -3.001318 1.000878 0.250000 -0.032400
-4.002446 -3.001835 2.002201 0.250000 -0.021827
-4.003135 -2.001505 1.001755 0.250000 -0.042356
-4.003732 -2.001835 2.003412 0.250000 -0.019598
-4.004477 -1.001056 1.002640 0.250000 -0.052199
-4.004901 -1.001164 2.004524 0.250000 -0.017914
-4.005061 0.000047 1.003018 0.250000 -0.057124
-4.005379 0.000086 2.004975 0.250000 -0.018356
-4.004443 1.001155 1.002595 0.250000 -0.056197
-4.004868 1.001330 2.004483 0.250000 -0.022652
-4.003072 2.001611 1.001681 0.250000 -0.052155
-4.003678 2.001976 2.003356 0.250000 -0.030128
-4.001754 3.001429 1.000882 0.250000 -0.049627
-4.002410 3.001928 2.002227 0.250000 -0.038602
-4.000965 4.001061 1.000716 0.250000 -0.047937
-4.001481 4.001504 2.001598 0.250000 -0.044347
-3.000585 -5.001000 1.000500 0.250000 -0.029195
-3.000968 -5.001541 2.001301 0.250000 -0.027294
-3.001318 -4.001801 1.000878 0.250000 -0.032400
-3.001835 -4.002446 2.002201 0.250000 -0.021827
-3.002909 -3.002909 1.002256 0.250000 -0.042387
-3.003331 -3.003331 2.004068 0.250000 -0.013660
-3.005593 -2.003692 1.004662 0.250000 -0.056409
-3.005442 -2.003593 2.006771 0.250000 -0.001876
-3.008738 -1.002868 1.007524 0.250000 -0.061871
-3.007577 -1.002455 2.009498 0.250000 0.012771
-3.010254 0.000057 1.008925 0.250000 -0.061157
-3.008519 0.000104 2.010692 0.250000 0.018994
-3.008707 1.002992 1.007460 0.250000 -0.066603
-3.007546 1.002658 2.009434 0.250000 0.006989
-3.005534 2.003838 1.004547 0.250000 -0.068308
-3.005390 2.003775 2.006671 0.250000 -0.014939
-3.002862 3.003086 1.002211 0.250000 -0.063909
-3.003293 3.003465 2.004042 0.250000 -0.034885
-3.001400 4.002084 1.001262 0.250000 -0.058882
-3.001874 4.002559 2.002471 0.250000 -0.047244
-2.000608 -5.001643 1.000814 0.250000 -0.035018
-2.000908 -5.002258 2.001809 0.250000 -0.028585
-2.001505 -4.003135 1.001755 0.250000 -0.042356
-2.001835 -4.003732 2.003412 0.250000 -0.019598
-2.003692 -3.005593 1.004662 0.250000 -0.056409
-2.003593 -3.005442 2.006771 0.250000 -0.001875
-2.008087 -2.008087 1.010732 0.250000 -0.051009
-2.006396 -2.006396 2.012155 0.250000 0.034595
-2.014147 -1.007056 1.019724 0.250000 0.022205
-2.009588 -1.004735 2.018270 0.250000 0.091040
-2.017371 0.000070 1.024801 0.250000 0.083268
-2.011110 0.000121 2.021184 0.250000 0.121735
-2.014122 1.007212 1.019645 0.250000 0.016811
-2.009563 1.004976 2.018187 0.250000 0.084342
-2.008039 2.008282 1.010586 0.250000 -0.064727
-2.006354 2.006622 2.012019 0.250000 0.019335
-2.003652 3.005847 1.004581 0.250000 -0.081510
-2.003560 3.005624 2.006701 0.250000 -0.026919
-2.001566 4.003533 1.002146 0.250000 -0.073372
-2.001861 4.003894 2.003661 0.250000 -0.049772
-1.000386 -5.002216 1.001105 0.250000 -0.041001
-1.000534 -5.002858 2.002250 0.250000 -0.030272
-1.001056 -4.004477 1.002640 0.250000 -0.052199
-1.001164 -4.004901 2.004524 0.250000 -0.017914
-1.002868 -3.008738 1.007524 0.250000 -0.061871
-1.002455 -3.007577 2.009498 0.250000 0.012771
-1.007056 -2.014147 1.019724 0.250000 0.022205
-1.004735 -2.009588 2.018270 0.250000 0.091040
-1.013498 -1.013498 1.041338 0.250000 0.343220
-1.007598 -1.007598 2.029325 0.250000 0.228222
-1.016930 0.000082 1.054736 0.250000 0.588765
-1.009048 0.000134 2.034973 0.250000 0.309406
-1.013484 1.013679 1.041247 0.250000 0.337275
-1.007585 1.007866 2.029229 0.250000 0.220860
-1.007029 2.014380 1.019557 0.250000 0.007107
-1.004713 2.009846 2.018110 0.250000 0.074223
-1.002844 3.009053 1.007421 0.250000 -0.089504
-1.002436 3.007796 2.009400 0.250000 -0.014935
-1.001084 4.004966 1.003043 0.250000 -0.086204
-1.001175 4.005103 2.004763 0.250000 -0.051331
0.000049 -5.002442 1.001220 0.250000 -0.044324
0.000074 -5.003087 2.002421 0.250000 -0.031988
0.000047 -4.005061 1.003018 0.250000 -0.057124
0.000086 -4.005379 2.004975 0.250000 -0.018355
0.000057 -3.010254 1.008925 0.250000 -0.061159
0.000104 -3.008519 2.010692 0.250000 0.018994
0.000070 -2.017371 1.024801 0.250000 0.083267
0.000121 -2.011110 2.021184 0.250000 0.121735
0.000082 -1.016930 1.054736 0.250000 0.588763
0.000134 -1.009048 2.034973 0.250000 0.309406
0.000086 0.000086 1.073258 0.250000 0.955722
0.000138 0.000138 2.042211 0.250000 0.423349
0.000080 1.017120 1.054640 0.250000 0.582559
0.000132 1.009326 2.034874 0.250000 0.301787
0.000069 2.017617 1.024627 0.250000 0.067591
0.000118 2.011379 2.021019 0.250000 0.104346
0.000059 3.010590 1.008818 0.250000 -0.089759
0.000102 3.008750 2.010588 0.250000 -0.009653
0.000063 4.005584 1.003433 0.250000 -0.092180
0.000090 4.005595 2.005217 0.250000 -0.052865
1.000485 -5.002183 1.001086 0.250000 -0.044183
1.000676 -5.002827 2.002234 0.250000 -0.033924
1.001155 -4.004443 1.002595 0.250000 -0.056196
1.001330 -4.004868 2.004483 0.250000 -0.022652
1.002992 -3.008707 1.007460 0.250000 -0.066602
1.002658 -3.007546 2.009434 0.250000 0.006988
1.007212 -2.014122 1.019645 0.250000 0.016811
1.004976 -2.009563 2.018187 0.250000 0.084343
1.013679 -1.013484 1.041247 0.250000 0.337276
1.007866 -1.007585 2.029229 0.250000 0.220860
1.017120 0.000080 1.054640 0.250000 0.582558
1.009326 0.000132 2.034874 0.250000 0.301787
1.013662 1.013662 1.041158 0.250000 0.331267
1.007849 1.007849 2.029138 0.250000 0.213496
1.007181 2.014351 1.019484 0.250000 0.001622
1.004948 2.009817 2.018036 0.250000 0.067567
1.002971 3.009016 1.007369 0.250000 -0.094263
1.002636 3.007760 2.009351 0.250000 -0.020555
1.001212 4.004928 1.003021 0.250000 -0.090019
1.001349 4.005067 2.004743 0.250000 -0.055716
2.000704 -5.001586 1.000792 0.250000 -0.042449
2.001024 -5.002211 2.001801 0.250000 -0.036476
2.001611 -4.003072 1.001681 0.250000 -0.052155
2.001976 -4.003678 2.003356 0.250000 -0.030128
2.003838 -3.005534 1.004547 0.250000 -0.068308
2.003775 -3.005390 2.006671 0.250000 -0.014939
2.008282 -2.008039 1.010586 0.250000 -0.064727
2.006622 -2.006354 2.012019 0.250000 0.019335
2.014380 -1.007029 1.019557 0.250000 0.007107
2.009846 -1.004713 2.018110 0.250000 0.074223
2.017617 0.000069 1.024627 0.250000 0.067590
2.011379 0.000118 2.021019 0.250000 0.104346
2.014351 1.007181 1.019484 0.250000 0.001621
2.009817 1.004948 2.018036 0.250000 0.067567
2.008229 2.008229 1.010455 0.250000 -0.078515
2.006574 2.006574 2.011902 0.250000 0.004273
2.003799 3.005779 1.004495 0.250000 -0.093184
2.003738 3.005565 2.006633 0.250000 -0.039430
2.001698 4.003464 1.002121 0.250000 -0.082285
2.002011 4.003838 2.003649 0.250000 -0.059245
3.000669 -5.000961 1.000561 0.250000 -0.041577
3.001042 -5.001518 2.001375 0.250000 -0.039449
3.001429 -4.001754 1.000882 0.250000 -0.049627
3.001928 -4.002410 2.002227 0.250000 -0.038602
3.003086 -3.002862 1.002211 0.250000 -0.063910
3.003465 -3.003293 2.004042 0.250000 -0.034885
3.005847 -2.003652 1.004581 0.250000 -0.081510
3.005624 -2.003560 2.006701 0.250000 -0.026919
3.009053 -1.002844 1.007421 0.250000 -0.089504
3.007796 -1.002436 2.009400 0.250000 -0.014934
3.010590 0.000059 1.008818 0.250000 -0.089759
3.008750 0.000102 2.010588 0.250000 -0.009653
3.009016 1.002971 1.007369 0.250000 -0.094263
3.007760 1.002636 2.009351 0.250000 -0.020555
3.005779 2.003799 1.004495 0.250000 -0.093184
3.005565 2.003738 2.006633 0.250000 -0.039431
3.003035 3.003035 1.002217 0.250000 -0.084370
3.003424 3.003424 2.004063 0.250000 -0.054799
3.001532 4.002037 1.001336 0.250000 -0.073645
3.001979 4.002528 2.002552 0.250000 -0.061760
4.000539 -5.000582 1.000672 0.250000 -0.040280
4.000855 -5.000996 2.001212 0.250000 -0.040788
4.001061 -4.000965 1.000716 0.250000 -0.047937
4.001504 -4.001481 2.001598 0.250000 -0.044347
4.002084 -3.001400 1.001262 0.250000 -0.058881
4.002559 -3.001874 2.002471 0.250000 -0.047244
4.003533 -2.001566 1.002146 0.250000 -0.073372
4.003894 -2.001861 2.003661 0.250000 -0.049772
4.004966 -1.001084 1.003043 0.250000 -0.086204
4.005103 -1.001175 2.004763 0.250000 -0.051331
4.005584 0.000063 1.003433 0.250000 -0.092181
4.005595 0.000090 2.005217 0.250000 -0.052866
4.004928 1.001212 1.003021 0.250000 -0.090019
4.005067 1.001349 2.004743 0.250000 -0.055715
4.003464 2.001698 1.002121 0.250000 -0.082285
4.003838 2.002011 2.003649 0.250000 -0.059244
4.002037 3.001532 1.001336 0.250000 -0.073645
4.002528 3.001979 2.002552 0.250000 -0.061760
4.001162 4.001162 1.001141 0.250000 -0.064538
4.001577 4.001577 2.001930 0.250000 -0.060657
0.000000 0.000000 -1.000000 0.250000 0.000000
