-4.999624 -4.999624 0.000583 0.250000 0.002124
-4.999457 -3.999558 0.000438 0.250000 0.004862
-4.999370 -2.999617 0.000513 0.250000 0.011353
-4.999460 -1.999790 0.000555 0.250000 0.018709
-4.999699 -0.999961 0.000512 0.250000 0.024047
-4.999848 -0.000050 0.000480 0.250000 0.026060
-4.999736 0.999858 0.000518 0.250000 0.024745
-4.999499 1.999684 0.000542 0.250000 0.019902
-4.999359 2.999521 0.000532 0.250000 0.013011
-4.999428 3.999507 0.000741 0.250000 0.008482
-3.999558 -4.999457 0.000438 0.250000 0.004862
-3.999491 -3.999491 0.000245 0.250000 0.011955
-3.999840 -2.999895 0.000153 0.250000 0.023014
-4.000952 -2.000509 -0.000303 0.250000 0.028003
-4.002566 -1.000681 -0.001002 0.250000 0.022704
-4.003410 -0.000061 -0.001344 0.250000 0.018068
-4.002606 1.000549 -0.000997 0.250000 0.023645
-4.000989 2.000362 -0.000335 0.250000 0.029643
-3.999811 2.999771 0.000124 0.250000 0.025154
-3.999454 3.999470 0.000562 0.250000 0.016512
-2.999617 -4.999370 0.000513 0.250000 0.011353
-2.999895 -3.999840 0.000153 0.250000 0.023014
-3.001492 -3.001492 -0.000710 0.250000 0.025719
-3.005721 -2.003854 -0.002569 0.250000 -0.010791
-3.011977 -1.004074 -0.003917 0.250000 -0.073159
-3.015336 -0.000071 -0.003983 0.250000 -0.101786
-3.012013 1.003919 -0.003906 0.250000 -0.071987
-3.005744 2.003684 -0.002603 0.250000 -0.008635
-3.001440 3.001389 -0.000760 0.250000 0.028578
-2.999850 3.999940 0.000456 0.250000 0.028406
-1.999790 -4.999460 0.000555 0.250000 0.018709
-2.000509 -4.000952 -0.000303 0.250000 0.028003
-2.003854 -3.005721 -0.002569 0.250000 -0.010791
-2.013354 -2.013354 -0.003442 0.250000 -0.133787
-2.028904 -1.014549 0.007593 0.250000 -0.205216
-2.037346 -0.000085 0.019371 0.250000 -0.179667
-2.028929 1.014365 0.007610 0.250000 -0.203799
-2.013362 2.013167 -0.003477 0.250000 -0.131203
-2.003793 3.005672 -0.002630 0.250000 -0.007318
-2.000467 4.001244 0.000001 0.250000 0.034047
-0.999961 -4.999699 0.000512 0.250000 0.024047
-1.000681 -4.002566 -0.001002 0.250000 0.022704
-1.004074 -3.011977 -0.003917 0.250000 -0.073159
-1.014549 -2.028904 0.007593 0.250000 -0.205216
-1.028439 -1.028439 0.073522 0.250000 0.113756
-1.036921 -0.000097 0.115179 0.250000 0.363322
-1.028451 1.028231 0.073545 0.250000 0.115631
-1.014549 2.028707 0.007554 0.250000 -0.202204
-1.004035 3.011989 -0.003985 0.250000 -0.069308
-1.000656 4.003043 -0.000694 0.250000 0.029021
-0.000050 -4.999848 0.000480 0.250000 0.026060
-0.000061 -4.003410 -0.001344 0.250000 0.018068
-0.000071 -3.015336 -0.003983 0.250000 -0.101787
-0.000085 -2.037346 0.019371 0.250000 -0.179668
-0.000097 -1.036921 0.115179 0.250000 0.363322
-0.000101 -0.000101 0.179524 0.250000 0.784442
-0.000096 1.036705 0.115204 0.250000 0.365479
-0.000086 2.037149 0.019326 0.250000 -0.176371
-0.000078 3.015376 -0.004058 0.250000 -0.097778
-0.000064 4.003964 -0.001034 0.250000 0.024436
0.999858 -4.999736 0.000518 0.250000 0.024745
1.000549 -4.002606 -0.000997 0.250000 0.023645
1.003919 -3.012013 -0.003906 0.250000 -0.071988
1.014365 -2.028929 0.007610 0.250000 -0.203799
1.028231 -1.028451 0.073545 0.250000 0.115631
1.036705 -0.000096 0.115204 0.250000 0.365480
1.028246 1.028246 0.073566 0.250000 0.117568
1.014363 2.028736 0.007566 0.250000 -0.200699
1.003867 3.012027 -0.003980 0.250000 -0.068091
1.000526 4.003081 -0.000689 0.250000 0.029947
1.999684 -4.999499 0.000542 0.250000 0.019902
2.000362 -4.000989 -0.000335 0.250000 0.029644
2.003684 -3.005744 -0.002603 0.250000 -0.008636
2.013167 -2.013362 -0.003477 0.250000 -0.131204
2.028707 -1.014549 0.007554 0.250000 -0.202204
2.037149 -0.000086 0.019326 0.250000 -0.176371
2.028736 1.014363 0.007566 0.250000 -0.200698
2.013176 2.013176 -0.003521 0.250000 -0.128531
2.003620 3.005697 -0.002672 0.250000 -0.005165
2.000336 4.001275 -0.000019 0.250000 0.035677
2.999521 -4.999359 0.000532 0.250000 0.013011
2.999771 -3.999811 0.000124 0.250000 0.025154
3.001389 -3.001440 -0.000760 0.250000 0.028578
3.005672 -2.003793 -0.002630 0.250000 -0.007318
3.011989 -1.004035 -0.003985 0.250000 -0.069307
3.015376 -0.000078 -0.004058 0.250000 -0.097778
3.012027 1.003867 -0.003980 0.250000 -0.068092
3.005697 2.003620 -0.002672 0.250000 -0.005165
3.001338 3.001338 -0.000804 0.250000 0.031427
2.999753 3.999910 0.000470 0.250000 0.030719
3.999507 -4.999428 0.000741 0.250000 0.008482
3.999470 -3.999454 0.000562 0.250000 0.016512
3.999940 -2.999850 0.000456 0.250000 0.028406
4.001244 -2.000467 0.000001 0.250000 0.034047
4.003043 -1.000656 -0.000694 0.250000 0.029021
4.003964 -0.000064 -0.001034 0.250000 0.024436
4.003081 1.000526 -0.000689 0.250000 0.029947
4.001275 2.000336 -0.000019 0.250000 0.035677
3.999910 2.999753 0.000470 0.250000 0.030718
3.999457 3.999457 0.000902 0.250000 0.021167
-4.999340 -4.999340 1.000462 0.250000 -0.002423
-4.999874 -4.999874 2.000699 0.250000 -0.004540
-4.999144 -3.999384 1.000387 0.250000 -0.004076
-5.000087 -4.000152 2.000827 0.250000 -0.006678
-4.999027 -2.999512 1.000674 0.250000 -0.001708
-5.000494 -3.000399 2.001304 0.250000 -0.005470
-4.999024 -1.999693 1.001090 0.250000 0.003695
-5.001022 -2.000489 2.001956 0.250000 -0.001207
-4.999120 -0.999885 1.001455 0.250000 0.009423
-5.001498 -1.000347 2.002533 0.250000 0.003798
-4.999189 -0.000041 1.001609 0.250000 0.012283
-5.001693 -0.000015 2.002773 0.250000 0.006578
-4.999139 0.999803 1.001472 0.250000 0.010952
-5.001491 1.000319 2.002548 0.250000 0.005787
-4.999033 1.999605 1.001094 0.250000 0.006582
-5.000997 2.000455 2.001972 0.250000 0.002586
-4.998997 2.999385 1.000685 0.250000 0.002215
-5.000447 3.000324 2.001346 0.250000 -0.000304
-4.999133 3.999252 1.000645 0.250000 0.001494
-5.000068 4.000034 2.001028 0.250000 -0.000531
-3.999384 -4.999144 1.000387 0.250000 -0.004076
-4.000152 -5.000087 2.000827 0.250000 -0.006677
-3.999267 -3.999267 1.000584 0.250000 -0.002548
-4.000616 -4.000616 2.001394 0.250000 -0.006172
-3.999390 -2.999601 1.001391 0.250000 0.007335
-4.001433 -3.001117 2.002629 0.250000 0.001487
-3.999930 -2.000041 1.002412 0.250000 0.020773
-4.002541 -2.001311 2.004242 0.250000 0.014095
-4.000781 -1.000265 1.003275 0.250000 0.030497
-4.003610 -1.000930 2.005683 0.250000 0.025713
-4.001245 -0.000048 1.003629 0.250000 0.034146
-4.004071 -0.000013 2.006279 0.250000 0.031111
-4.000802 1.000168 1.003290 0.250000 0.032687
-4.003600 1.000911 2.005688 0.250000 0.028495
-3.999935 1.999936 1.002386 0.250000 0.024936
-4.002502 2.001293 2.004223 0.250000 0.019394
-3.999334 2.999456 1.001321 0.250000 0.012873
-4.001357 3.001055 2.002600 0.250000 0.008634
-3.999229 3.999142 1.000796 0.250000 0.004995
-4.000555 4.000495 2.001533 0.250000 0.002164
-2.999512 -4.999027 1.000674 0.250000 -0.001707
-3.000399 -5.000494 2.001304 0.250000 -0.005470
-2.999601 -3.999390 1.001391 0.250000 0.007335
-3.001117 -4.001433 2.002629 0.250000 0.001488
-3.000417 -3.000417 1.003000 0.250000 0.025840
-3.002457 -3.002457 2.005153 0.250000 0.019406
-3.002790 -2.001932 1.005027 0.250000 0.035645
-3.004517 -2.003027 2.008528 0.250000 0.040631
-3.006548 -1.002299 1.007176 0.250000 0.029306
-3.006804 -1.002285 2.011784 0.250000 0.055716
-3.008627 -0.000052 1.008315 0.250000 0.024776
-3.007883 -0.000006 2.013218 0.250000 0.061885
-3.006564 1.002197 1.007191 0.250000 0.032173
-3.006788 1.002286 2.011778 0.250000 0.059292
-3.002783 2.001832 1.004978 0.250000 0.041127
-3.004467 2.003044 2.008468 0.250000 0.047415
-3.000338 3.000307 1.002848 0.250000 0.033033
-3.002360 3.002442 2.005032 0.250000 0.028410
-2.999544 3.999360 1.001503 0.250000 0.016523
-3.001029 4.001359 2.002660 0.250000 0.011657
-1.999693 -4.999024 1.001090 0.250000 0.003695
-2.000489 -5.001022 2.001956 0.250000 -0.001207
-2.000041 -3.999930 1.002412 0.250000 0.020773
-2.001311 -4.002541 2.004242 0.250000 0.014095
-2.001932 -3.002790 1.005027 0.250000 0.035645
-2.003027 -3.004517 2.008528 0.250000 0.040632
-2.007825 -2.007825 1.009701 0.250000 0.012160
-2.006169 -2.006169 2.014868 0.250000 0.062625
-2.017975 -1.009154 1.018780 0.250000 -0.014606
-2.010291 -1.005157 2.022116 0.250000 0.074905
-2.023891 -0.000057 1.025018 0.250000 -0.012997
-2.012432 0.000003 2.025744 0.250000 0.081553
-2.017985 1.009047 1.018793 0.250000 -0.011150
-2.010274 1.005181 2.022098 0.250000 0.079142
-2.007809 2.007739 1.009622 0.250000 0.018691
-2.006119 2.006230 2.014762 0.250000 0.070577
-2.001850 3.002745 1.004786 0.250000 0.043994
-2.002931 3.004568 2.008307 0.250000 0.050942
-1.999985 4.000056 1.002416 0.250000 0.030921
-2.001221 4.002543 2.004143 0.250000 0.025342
-0.999885 -4.999120 1.001455 0.250000 0.009423
-1.000347 -5.001498 2.002533 0.250000 0.003798
-1.000265 -4.000781 1.003275 0.250000 0.030497
-1.000930 -4.003610 2.005683 0.250000 0.025712
-1.002299 -3.006548 1.007176 0.250000 0.029307
-1.002285 -3.006804 2.011784 0.250000 0.055715
-1.009154 -2.017975 1.018780 0.250000 -0.014606
-1.005157 -2.010291 2.022116 0.250000 0.074906
-1.021594 -1.021594 1.048515 0.250000 0.046908
-1.009409 -1.009409 2.036215 0.250000 0.096290
-1.028589 -0.000060 1.070190 0.250000 0.148113
-1.011771 0.000010 2.044057 0.250000 0.116260
-1.021597 1.021484 1.048524 0.250000 0.050858
-1.009397 1.009454 2.036185 0.250000 0.100968
-1.009140 2.017904 1.018673 0.250000 -0.007374
-1.005124 2.010389 2.021971 0.250000 0.083573
-1.002246 3.006568 1.006858 0.250000 0.038203
-1.002224 3.006914 2.011477 0.250000 0.066673
-1.000230 4.001056 1.003188 0.250000 0.040866
-1.000871 4.003684 2.005474 0.250000 0.037287
-0.000041 -4.999189 1.001609 0.250000 0.012283
-0.000015 -5.001693 2.002773 0.250000 0.006579
-0.000049 -4.001245 1.003629 0.250000 0.034146
-0.000013 -4.004071 2.006279 0.250000 0.031111
-0.000052 -3.008627 1.008315 0.250000 0.024776
-0.000006 -3.007883 2.013218 0.250000 0.061885
-0.000057 -2.023891 1.025018 0.250000 -0.012997
0.000003 -2.012432 2.025744 0.250000 0.081552
-0.000060 -1.028589 1.070190 0.250000 0.148114
0.000010 -1.011771 2.044057 0.250000 0.116261
-0.000060 -0.000060 1.102002 0.250000 0.324338
0.000014 0.000014 2.054636 0.250000 0.150464
-0.000058 1.028482 1.070196 0.250000 0.152293
0.000012 1.011827 2.044021 0.250000 0.121089
-0.000057 2.023829 1.024896 0.250000 -0.005501
0.000004 2.012546 2.025583 0.250000 0.090428
-0.000056 3.008676 1.007964 0.250000 0.033792
-0.000004 3.008017 2.012877 0.250000 0.072964
-0.000047 4.001582 1.003504 0.250000 0.044445
-0.000008 4.004173 2.006025 0.250000 0.042633
0.999803 -4.999139 1.001472 0.250000 0.010952
1.000319 -5.001491 2.002548 0.250000 0.005788
1.000168 -4.000802 1.003290 0.250000 0.032687
1.000911 -4.003600 2.005688 0.250000 0.028494
1.002197 -3.006564 1.007191 0.250000 0.032172
1.002286 -3.006788 2.011778 0.250000 0.059292
1.009047 -2.017985 1.018793 0.250000 -0.011150
1.005181 -2.010274 2.022098 0.250000 0.079142
1.021484 -1.021597 1.048524 0.250000 0.050857
1.009454 -1.009397 2.036185 0.250000 0.100969
1.028482 -0.000058 1.070196 0.250000 0.152293
1.011827 0.000012 2.044021 0.250000 0.121088
1.021490 1.021490 1.048531 0.250000 0.054815
1.009445 1.009445 2.036152 0.250000 0.105599
1.009033 2.017917 1.018680 0.250000 -0.003942
1.005151 2.010375 2.021949 0.250000 0.087687
1.002138 3.006585 1.006866 0.250000 0.040952
1.002228 3.006899 2.011468 0.250000 0.070033
1.000138 4.001073 1.003201 0.250000 0.042869
1.000861 4.003671 2.005478 0.250000 0.039787
1.999605 -4.999033 1.001094 0.250000 0.006582
2.000455 -5.000997 2.001972 0.250000 0.002586
1.999936 -3.999935 1.002386 0.250000 0.024936
2.001293 -4.002502 2.004223 0.250000 0.019393
2.001832 -3.002783 1.004978 0.250000 0.041127
2.003044 -3.004467 2.008468 0.250000 0.047415
2.007739 -2.007809 1.009622 0.250000 0.018691
2.006230 -2.006119 2.014762 0.250000 0.070577
2.017904 -1.009140 1.018673 0.250000 -0.007374
2.010389 -1.005124 2.021971 0.250000 0.083573
2.023829 -0.000057 1.024896 0.250000 -0.005501
2.012546 0.000004 2.025583 0.250000 0.090428
2.017917 1.009033 1.018680 0.250000 -0.003944
2.010375 1.005151 2.021949 0.250000 0.087687
2.007723 2.007723 1.009533 0.250000 0.025086
2.006181 2.006181 2.014650 0.250000 0.078240
2.001746 3.002735 1.004728 0.250000 0.049145
2.002950 3.004517 2.008243 0.250000 0.057236
1.999893 4.000051 1.002399 0.250000 0.034668
2.001212 4.002500 2.004130 0.250000 0.030039
2.999385 -4.998997 1.000685 0.250000 0.002215
3.000324 -5.000447 2.001346 0.250000 -0.000304
2.999456 -3.999334 1.001321 0.250000 0.012872
3.001055 -4.001357 2.002600 0.250000 0.008634
3.000307 -3.000338 1.002848 0.250000 0.033033
3.002442 -3.002360 2.005032 0.250000 0.028410
3.002745 -2.001850 1.004786 0.250000 0.043993
3.004568 -2.002931 2.008307 0.250000 0.050941
3.006568 -1.002246 1.006858 0.250000 0.038203
3.006914 -1.002224 2.011477 0.250000 0.066673
3.008676 -0.000056 1.007964 0.250000 0.033792
3.008017 -0.000004 2.012877 0.250000 0.072964
3.006585 1.002138 1.006866 0.250000 0.040951
3.006899 1.002228 2.011468 0.250000 0.070033
3.002735 2.001746 1.004728 0.250000 0.049145
3.004517 2.002950 2.008243 0.250000 0.057237
3.000225 3.000225 1.002700 0.250000 0.039664
3.002345 3.002345 2.004918 0.250000 0.036641
2.999425 3.999303 1.001472 0.250000 0.021491
3.000981 4.001285 2.002652 0.250000 0.017883
3.999252 -4.999133 1.000645 0.250000 0.001494
4.000034 -5.000068 2.001028 0.250000 -0.000531
3.999142 -3.999229 1.000796 0.250000 0.004995
4.000495 -4.000555 2.001533 0.250000 0.002164
3.999360 -2.999544 1.001503 0.250000 0.016523
4.001359 -3.001029 2.002660 0.250000 0.011657
4.000056 -1.999985 1.002416 0.250000 0.030921
4.002543 -2.001221 2.004143 0.250000 0.025342
4.001056 -1.000230 1.003188 0.250000 0.040866
4.003684 -1.000871 2.005474 0.250000 0.037287
4.001582 -0.000047 1.003504 0.250000 0.044444
4.004173 -0.000008 2.006025 0.250000 0.042633
4.001073 1.000138 1.003201 0.250000 0.042869
4.003671 1.000861 2.005478 0.250000 0.039787
4.000051 1.999893 1.002399 0.250000 0.034668
4.002500 2.001212 2.004130 0.250000 0.030039
3.999303 2.999425 1.001472 0.250000 0.021491
4.001285 3.000981 2.002652 0.250000 0.017883
3.999137 3.999137 1.001040 0.250000 0.011732
4.000461 4.000461 2.001696 0.250000 0.009311
0.000000 0.000000 -1.000000 0.250000 0.000000
