-4.999634 -4.999634 0.000572 0.250000 0.003629
-4.999497 -3.999581 0.000416 0.250000 0.006749
-4.999461 -2.999655 0.000464 0.250000 0.013290
-4.999608 -1.999832 0.000478 0.250000 0.020247
-4.999888 -0.999988 0.000414 0.250000 0.025017
-5.000050 -0.000049 0.000375 0.250000 0.026801
-4.999921 0.999887 0.000417 0.250000 0.025831
-4.999638 1.999731 0.000460 0.250000 0.021621
-4.999443 2.999572 0.000477 0.250000 0.015080
-4.999473 3.999554 0.000704 0.250000 0.010283
-3.999581 -4.999497 0.000416 0.250000 0.006749
-3.999555 -3.999555 0.000194 0.250000 0.013955
-3.999968 -2.999979 0.000059 0.250000 0.024022
-4.001134 -2.000586 -0.000414 0.250000 0.027025
-4.002768 -1.000724 -0.001089 0.250000 0.019868
-4.003611 -0.000063 -0.001411 0.250000 0.014576
-4.002804 1.000590 -0.001088 0.250000 0.020986
-4.001162 2.000446 -0.000453 0.250000 0.028938
-3.999932 2.999875 0.000022 0.250000 0.026338
-3.999527 3.999571 0.000493 0.250000 0.018303
-2.999655 -4.999461 0.000464 0.250000 0.013289
-2.999979 -3.999968 0.000059 0.250000 0.024022
-3.001620 -3.001620 -0.000809 0.250000 0.023616
-3.005811 -2.003908 -0.002518 0.250000 -0.016590
-3.011924 -1.004052 -0.003613 0.250000 -0.080751
-3.015189 -0.000073 -0.003564 0.250000 -0.109543
-3.011955 1.003896 -0.003607 0.250000 -0.079355
-3.005825 2.003750 -0.002561 0.250000 -0.014108
-3.001562 3.001548 -0.000872 0.250000 0.026623
-2.999944 4.000119 0.000341 0.250000 0.028968
-1.999832 -4.999608 0.000478 0.250000 0.020248
-2.000586 -4.001134 -0.000414 0.250000 0.027025
-2.003908 -3.005811 -0.002518 0.250000 -0.016589
-2.013148 -2.013148 -0.002895 0.250000 -0.141577
-2.028163 -1.014174 0.008420 0.250000 -0.208925
-2.036299 -0.000086 0.020090 0.250000 -0.179723
-2.028185 1.013993 0.008430 0.250000 -0.207249
-2.013149 2.012980 -0.002941 0.250000 -0.138635
-2.003843 3.005804 -0.002592 0.250000 -0.013038
-2.000552 4.001488 -0.000133 0.250000 0.032336
-0.999988 -4.999888 0.000414 0.250000 0.025017
-1.000724 -4.002768 -0.001089 0.250000 0.019868
-1.004052 -3.011924 -0.003613 0.250000 -0.080751
-1.014174 -2.028163 0.008420 0.250000 -0.208925
-1.027561 -1.027561 0.073048 0.250000 0.126940
-1.035732 -0.000097 0.113691 0.250000 0.386975
-1.027571 1.027359 0.073063 0.250000 0.129095
-1.014170 2.027991 0.008368 0.250000 -0.205551
-1.004010 3.011984 -0.003697 0.250000 -0.076889
-1.000703 4.003313 -0.000805 0.250000 0.025216
-0.000049 -5.000050 0.000375 0.250000 0.026801
-0.000063 -4.003611 -0.001411 0.250000 0.014577
-0.000073 -3.015189 -0.003564 0.250000 -0.109543
-0.000086 -2.036299 0.020090 0.250000 -0.179723
-0.000097 -1.035732 0.113691 0.250000 0.386976
-0.000100 -0.000100 0.176328 0.250000 0.823763
-0.000096 1.035523 0.113707 0.250000 0.389413
-0.000088 2.036127 0.020031 0.250000 -0.176076
-0.000080 3.015280 -0.003655 0.250000 -0.105568
-0.000062 4.004235 -0.001125 0.250000 0.019867
0.999887 -4.999921 0.000417 0.250000 0.025831
1.000590 -4.002804 -0.001088 0.250000 0.020986
1.003896 -3.011955 -0.003607 0.250000 -0.079355
1.013993 -2.028185 0.008430 0.250000 -0.207248
1.027359 -1.027571 0.073063 0.250000 0.129095
1.035523 -0.000096 0.113707 0.250000 0.389413
1.027371 1.027371 0.073076 0.250000 0.131303
1.013986 2.028015 0.008374 0.250000 -0.203805
1.003844 3.012017 -0.003697 0.250000 -0.075489
1.000577 4.003345 -0.000804 0.250000 0.026255
1.999731 -4.999638 0.000460 0.250000 0.021620
2.000446 -4.001162 -0.000453 0.250000 0.028938
2.003750 -3.005825 -0.002561 0.250000 -0.014107
2.012980 -2.013149 -0.002941 0.250000 -0.138635
2.027991 -1.014170 0.008368 0.250000 -0.205550
2.036127 -0.000088 0.020031 0.250000 -0.176076
2.028015 1.013986 0.008374 0.250000 -0.203806
2.012981 2.012981 -0.002996 0.250000 -0.135649
2.003682 3.005818 -0.002644 0.250000 -0.010638
2.000433 4.001508 -0.000160 0.250000 0.034113
2.999572 -4.999443 0.000477 0.250000 0.015080
2.999875 -3.999932 0.000022 0.250000 0.026339
3.001548 -3.001562 -0.000872 0.250000 0.026622
3.005804 -2.003843 -0.002592 0.250000 -0.013038
3.011984 -1.004010 -0.003697 0.250000 -0.076889
3.015280 -0.000080 -0.003655 0.250000 -0.105567
3.012017 1.003844 -0.003697 0.250000 -0.075489
3.005818 2.003682 -0.002644 0.250000 -0.010638
3.001491 3.001491 -0.000927 0.250000 0.029492
2.999870 4.000080 0.000346 0.250000 0.031274
3.999554 -4.999473 0.000704 0.250000 0.010283
3.999571 -3.999527 0.000493 0.250000 0.018303
4.000119 -2.999944 0.000341 0.250000 0.028968
4.001488 -2.000552 -0.000133 0.250000 0.032336
4.003313 -1.000703 -0.000805 0.250000 0.025216
4.004235 -0.000062 -0.001125 0.250000 0.019867
4.003345 1.000577 -0.000804 0.250000 0.026255
4.001508 2.000433 -0.000160 0.250000 0.034113
4.000080 2.999870 0.000346 0.250000 0.031274
3.999566 3.999566 0.000816 0.250000 0.022537
-4.999378 -4.999378 1.000470 0.250000 -0.001094
-4.999913 -4.999913 2.000716 0.250000 -0.003252
-4.999215 -3.999432 1.000401 0.250000 -0.002181
-5.000143 -4.000188 2.000851 0.250000 -0.004870
-4.999149 -2.999567 1.000677 0.250000 0.000556
-5.000568 -3.000429 2.001322 0.250000 -0.003296
-4.999204 -1.999745 1.001072 0.250000 0.005956
-5.001114 -2.000509 2.001957 0.250000 0.001059
-4.999345 -0.999916 1.001414 0.250000 0.011458
-5.001602 -1.000353 2.002515 0.250000 0.005979
-4.999430 -0.000036 1.001557 0.250000 0.014228
-5.001800 -0.000005 2.002743 0.250000 0.008723
-4.999358 0.999845 1.001425 0.250000 0.013103
-5.001590 1.000346 2.002522 0.250000 0.008024
-4.999203 1.999670 1.001064 0.250000 0.008980
-5.001080 2.000496 2.001958 0.250000 0.004865
-4.999110 2.999459 1.000673 0.250000 0.004472
-5.000513 3.000377 2.001344 0.250000 0.001706
-4.999205 3.999326 1.000636 0.250000 0.003107
-5.000119 4.000094 2.001028 0.250000 0.000870
-3.999432 -4.999215 1.000401 0.250000 -0.002181
-4.000188 -5.000143 2.000851 0.250000 -0.004870
-3.999358 -3.999358 1.000590 0.250000 0.000018
-4.000667 -4.000667 2.001415 0.250000 -0.003705
-3.999555 -2.999711 1.001358 0.250000 0.009774
-4.001504 -3.001161 2.002620 0.250000 0.004111
-4.000181 -2.000149 1.002327 0.250000 0.022137
-4.002634 -2.001343 2.004182 0.250000 0.016255
-4.001099 -1.000332 1.003153 0.250000 0.030609
-4.003722 -1.000944 2.005577 0.250000 0.027227
-4.001585 -0.000045 1.003493 0.250000 0.033788
-4.004189 -0.000001 2.006152 0.250000 0.032367
-4.001114 1.000244 1.003159 0.250000 0.032959
-4.003706 1.000948 2.005572 0.250000 0.030066
-4.000175 2.000059 1.002284 0.250000 0.026466
-4.002586 2.001350 2.004143 0.250000 0.021526
-3.999490 2.999591 1.001266 0.250000 0.015224
-4.001419 3.001125 2.002562 0.250000 0.010939
-3.999324 3.999270 1.000773 0.250000 0.007015
-4.000603 4.000576 2.001522 0.250000 0.003931
-2.999567 -4.999149 1.000677 0.250000 0.000556
-3.000429 -5.000568 2.001322 0.250000 -0.003296
-2.999711 -3.999555 1.001358 0.250000 0.009774
-3.001161 -4.001504 2.002620 0.250000 0.004111
-3.000618 -3.000618 1.002896 0.250000 0.026617
-3.002523 -3.002523 2.005072 0.250000 0.021383
-3.003078 -2.002114 1.004888 0.250000 0.033647
-3.004614 -2.003083 2.008365 0.250000 0.041129
-3.006863 -1.002392 1.007064 0.250000 0.025462
-3.006925 -1.002313 2.011562 0.250000 0.054986
-3.008933 -0.000048 1.008222 0.250000 0.020531
-3.008011 0.000008 2.012972 0.250000 0.060778
-3.006874 1.002301 1.007068 0.250000 0.028503
-3.006905 1.002342 2.011542 0.250000 0.058599
-3.003062 2.002034 1.004816 0.250000 0.039267
-3.004556 2.003130 2.008278 0.250000 0.047791
-3.000533 3.000542 1.002715 0.250000 0.033539
-3.002419 3.002541 2.004917 0.250000 0.029824
-2.999660 3.999571 1.001435 0.250000 0.018008
-3.001071 4.001465 2.002611 0.250000 0.013171
-1.999745 -4.999204 1.001072 0.250000 0.005956
-2.000509 -5.001114 2.001957 0.250000 0.001059
-2.000149 -4.000181 1.002326 0.250000 0.022136
-2.001343 -4.002634 2.004182 0.250000 0.016255
-2.002114 -3.003078 1.004888 0.250000 0.033647
-2.003083 -3.004614 2.008365 0.250000 0.041128
-2.007989 -2.007989 1.009659 0.250000 0.007677
-2.006250 -2.006250 2.014619 0.250000 0.061246
-2.017941 -1.009122 1.018844 0.250000 -0.017785
-2.010366 -1.005186 2.021819 0.250000 0.073189
-2.023705 -0.000051 1.025072 0.250000 -0.014467
-2.012491 0.000018 2.025420 0.250000 0.080174
-2.017946 1.009030 1.018843 0.250000 -0.014154
-2.010346 1.005242 2.021784 0.250000 0.077428
-2.007966 2.007928 1.009554 0.250000 0.014284
-2.006194 2.006345 2.014482 0.250000 0.068961
-2.002027 3.003075 1.004614 0.250000 0.041494
-2.002983 3.004703 2.008103 0.250000 0.050601
-2.000098 4.000361 1.002292 0.250000 0.030876
-2.001253 4.002676 2.004040 0.250000 0.025954
-0.999916 -4.999345 1.001414 0.250000 0.011457
-1.000353 -5.001602 2.002515 0.250000 0.005979
-1.000332 -4.001099 1.003153 0.250000 0.030609
-1.000944 -4.003722 2.005577 0.250000 0.027227
-1.002392 -3.006863 1.007064 0.250000 0.025461
-1.002313 -3.006925 2.011562 0.250000 0.054986
-1.009122 -2.017941 1.018844 0.250000 -0.017785
-1.005186 -2.010366 2.021819 0.250000 0.073189
-1.021200 -1.021200 1.048320 0.250000 0.051963
-1.009391 -1.009391 2.035829 0.250000 0.096884
-1.027971 -0.000052 1.069582 0.250000 0.158867
-1.011711 0.000027 2.043588 0.250000 0.118761
-1.021201 1.021110 1.048313 0.250000 0.056075
-1.009377 1.009471 2.035780 0.250000 0.101533
-1.009104 2.017900 1.018707 0.250000 -0.010543
-1.005150 2.010502 2.021640 0.250000 0.081516
-1.002336 3.006930 1.006712 0.250000 0.033660
-1.002250 3.007076 2.011213 0.250000 0.064882
-1.000299 4.001433 1.003027 0.250000 0.039204
-1.000885 4.003837 2.005325 0.250000 0.036905
-0.000036 -4.999430 1.001557 0.250000 0.014228
-0.000005 -5.001800 2.002743 0.250000 0.008723
-0.000045 -4.001585 1.003493 0.250000 0.033788
-0.000001 -4.004189 2.006152 0.250000 0.032367
-0.000048 -3.008933 1.008222 0.250000 0.020532
0.000008 -3.008011 2.012972 0.250000 0.060777
-0.000051 -2.023705 1.025072 0.250000 -0.014467
0.000018 -2.012491 2.025420 0.250000 0.080173
-0.000052 -1.027972 1.069582 0.250000 0.158869
0.000027 -1.011711 2.043588 0.250000 0.118760
-0.000051 -0.000051 1.100677 0.250000 0.343179
0.000031 0.000031 2.054027 0.250000 0.155695
-0.000051 1.027885 1.069571 0.250000 0.163203
0.000028 1.011803 2.043533 0.250000 0.123539
-0.000051 2.023675 1.024921 0.250000 -0.007001
0.000020 2.012644 2.025223 0.250000 0.088657
-0.000050 3.009031 1.007836 0.250000 0.028758
0.000010 3.008187 2.012588 0.250000 0.070697
-0.000041 4.001982 1.003330 0.250000 0.042148
0.000005 4.004333 2.005855 0.250000 0.041840
0.999845 -4.999358 1.001425 0.250000 0.013104
1.000346 -5.001590 2.002522 0.250000 0.008023
1.000244 -4.001114 1.003159 0.250000 0.032958
1.000948 -4.003706 2.005572 0.250000 0.030066
1.002301 -3.006874 1.007068 0.250000 0.028502
1.002342 -3.006905 2.011542 0.250000 0.058599
1.009030 -2.017946 1.018843 0.250000 -0.014154
1.005242 -2.010346 2.021784 0.250000 0.077428
1.021110 -1.021201 1.048313 0.250000 0.056076
1.009471 -1.009377 2.035780 0.250000 0.101534
1.027885 -0.000051 1.069571 0.250000 0.163203
1.011803 0.000028 2.043533 0.250000 0.123541
1.021113 1.021113 1.048304 0.250000 0.060184
1.009460 1.009460 2.035729 0.250000 0.106118
1.009012 2.017908 1.018701 0.250000 -0.006967
1.005209 2.010484 2.021601 0.250000 0.085602
1.002241 3.006941 1.006709 0.250000 0.036537
1.002282 3.007055 2.011190 0.250000 0.068232
1.000221 4.001443 1.003031 0.250000 0.041291
1.000900 4.003819 2.005320 0.250000 0.039401
1.999670 -4.999203 1.001064 0.250000 0.008980
2.000496 -5.001080 2.001958 0.250000 0.004865
2.000059 -4.000175 1.002284 0.250000 0.026466
2.001350 -4.002586 2.004143 0.250000 0.021526
2.002034 -3.003062 1.004816 0.250000 0.039268
2.003130 -3.004556 2.008278 0.250000 0.047791
2.007928 -2.007966 1.009554 0.250000 0.014284
2.006345 -2.006194 2.014482 0.250000 0.068961
2.017900 -1.009104 1.018707 0.250000 -0.010542
2.010502 -1.005150 2.021640 0.250000 0.081516
2.023675 -0.000051 1.024921 0.250000 -0.007002
2.012644 0.000020 2.025223 0.250000 0.088658
2.017908 1.009012 1.018701 0.250000 -0.006967
2.010484 1.005209 2.021601 0.250000 0.085602
2.007905 2.007905 1.009439 0.250000 0.020697
2.006290 2.006290 2.014340 0.250000 0.076326
2.001944 3.003054 1.004534 0.250000 0.046693
2.003032 3.004643 2.008015 0.250000 0.056690
2.000025 4.000345 1.002260 0.250000 0.034656
2.001271 4.002623 2.004009 0.250000 0.030513
2.999459 -4.999110 1.000673 0.250000 0.004473
3.000377 -5.000513 2.001344 0.250000 0.001706
2.999591 -3.999490 1.001266 0.250000 0.015224
3.001125 -4.001419 2.002562 0.250000 0.010939
3.000542 -3.000533 1.002715 0.250000 0.033538
3.002541 -3.002419 2.004917 0.250000 0.029824
3.003075 -2.002027 1.004614 0.250000 0.041495
3.004703 -2.002983 2.008103 0.250000 0.050600
3.006930 -1.002336 1.006712 0.250000 0.033660
3.007076 -1.002250 2.011213 0.250000 0.064883
3.009031 -0.000050 1.007836 0.250000 0.028757
3.008187 0.000010 2.012588 0.250000 0.070696
3.006941 1.002241 1.006709 0.250000 0.036537
3.007055 1.002282 2.011190 0.250000 0.068233
3.003054 2.001944 1.004534 0.250000 0.046693
3.004643 2.003032 2.008015 0.250000 0.056690
3.000453 3.000453 1.002541 0.250000 0.039768
3.002437 3.002437 2.004770 0.250000 0.037377
2.999567 3.999505 1.001385 0.250000 0.022723
3.001051 4.001382 2.002578 0.250000 0.018945
3.999326 -4.999205 1.000636 0.250000 0.003107
4.000094 -5.000119 2.001028 0.250000 0.000870
3.999270 -3.999324 1.000773 0.250000 0.007016
4.000576 -4.000603 2.001522 0.250000 0.003931
3.999571 -2.999660 1.001434 0.250000 0.018008
4.001465 -3.001071 2.002611 0.250000 0.013171
4.000361 -2.000098 1.002292 0.250000 0.030876
4.002676 -2.001253 2.004040 0.250000 0.025954
4.001433 -1.000299 1.003027 0.250000 0.039203
4.003837 -1.000885 2.005325 0.250000 0.036905
4.001982 -0.000041 1.003330 0.250000 0.042149
4.004333 0.000005 2.005855 0.250000 0.041840
4.001443 1.000221 1.003031 0.250000 0.041292
4.003819 1.000900 2.005320 0.250000 0.039400
4.000345 2.000025 1.002260 0.250000 0.034656
4.002623 2.001271 2.004009 0.250000 0.030513
3.999505 2.999567 1.001385 0.250000 0.022722
4.001382 3.001051 2.002578 0.250000 0.018945
3.999267 3.999267 1.000991 0.250000 0.013034
4.000538 4.000538 2.001657 0.250000 0.010253
0.000000 0.000000 -1.000000 0.250000 0.000000
