-4.999796 -4.999796 0.000413 0.250000 0.011432
-4.999833 -3.999809 0.000175 0.250000 0.015873
-5.000071 -2.999936 0.000098 0.250000 0.020464
-5.000498 -2.000096 0.000005 0.250000 0.022505
-5.000971 -1.000143 -0.000113 0.250000 0.022057
-5.001190 -0.000033 -0.000172 0.250000 0.021706
-5.000973 1.000082 -0.000131 0.250000 0.023019
-5.000477 2.000058 -0.000044 0.250000 0.023676
-5.000017 2.999950 0.000079 0.250000 0.020801
-4.999843 3.999922 0.000414 0.250000 0.015775
-3.999809 -4.999833 0.000175 0.250000 0.015873
-4.000002 -4.000002 -0.000192 0.250000 0.021821
-4.000719 -3.000476 -0.000462 0.250000 0.023006
-4.002103 -2.000988 -0.000868 0.250000 0.012072
-4.003767 -1.000923 -0.001282 0.250000 -0.006718
-4.004569 -0.000056 -0.001454 0.250000 -0.016014
-4.003770 1.000819 -0.001311 0.250000 -0.005191
-4.002076 2.000919 -0.000954 0.250000 0.014001
-4.000652 3.000506 -0.000540 0.250000 0.023482
-4.000025 4.000213 0.000053 0.250000 0.020940
-2.999936 -5.000071 0.000098 0.250000 0.020465
-3.000476 -4.000719 -0.000462 0.250000 0.023006
-3.002264 -3.002264 -0.001130 0.250000 0.002463
-3.006114 -2.004069 -0.001793 0.250000 -0.057743
-3.011329 -1.003812 -0.001463 0.250000 -0.128425
-3.014036 -0.000063 -0.000813 0.250000 -0.156252
-3.011329 1.003696 -0.001495 0.250000 -0.126450
-3.006079 2.004011 -0.001896 0.250000 -0.055193
-3.002185 3.002371 -0.001243 0.250000 0.003006
-3.000501 4.001113 -0.000229 0.250000 0.020920
-2.000096 -5.000498 0.000005 0.250000 0.022505
-2.000988 -4.002103 -0.000868 0.250000 0.012072
-2.004069 -3.006114 -0.001793 0.250000 -0.057742
-2.011761 -2.011761 0.000509 0.250000 -0.185102
-2.023762 -1.011940 0.012932 0.250000 -0.216857
-2.030182 -0.000068 0.023749 0.250000 -0.161109
-2.023760 1.011821 0.012898 0.250000 -0.214519
-2.011724 2.011728 0.000394 0.250000 -0.182175
-2.003993 3.006330 -0.001924 0.250000 -0.057350
-2.001001 4.002729 -0.000628 0.250000 0.008661
-1.000143 -5.000971 -0.000113 0.250000 0.022057
-1.000923 -4.003767 -0.001282 0.250000 -0.006718
-1.003812 -3.011329 -0.001463 0.250000 -0.128426
-1.011940 -2.023762 0.012932 0.250000 -0.216857
-1.022507 -1.022507 0.069430 0.250000 0.236517
-1.028939 -0.000069 0.103968 0.250000 0.565770
-1.022504 1.022390 0.069390 0.250000 0.239265
-1.011915 2.023754 0.012803 0.250000 -0.213711
-1.003763 3.011640 -0.001605 0.250000 -0.128324
-1.000921 4.004591 -0.001026 0.250000 -0.011338
-0.000033 -5.001190 -0.000172 0.250000 0.021706
-0.000056 -4.004569 -0.001454 0.250000 -0.016014
-0.000063 -3.014036 -0.000813 0.250000 -0.156252
-0.000068 -2.030182 0.023749 0.250000 -0.161108
-0.000069 -1.028939 0.103968 0.250000 0.565771
-0.000069 -0.000069 0.156482 0.250000 1.103850
-0.000069 1.028823 0.103923 0.250000 0.568692
-0.000069 2.030185 0.023609 0.250000 -0.157921
-0.000063 3.014385 -0.000961 0.250000 -0.156394
-0.000037 4.005471 -0.001190 0.250000 -0.021297
1.000082 -5.000973 -0.000131 0.250000 0.023019
1.000819 -4.003770 -0.001311 0.250000 -0.005191
1.003696 -3.011329 -0.001495 0.250000 -0.126450
1.011821 -2.023760 0.012898 0.250000 -0.214518
1.022390 -1.022504 0.069390 0.250000 0.239265
1.028823 -0.000069 0.103923 0.250000 0.568693
1.022387 1.022387 0.069347 0.250000 0.241955
1.011794 2.023751 0.012764 0.250000 -0.211540
1.003650 3.011639 -0.001640 0.250000 -0.126705
1.000858 4.004588 -0.001049 0.250000 -0.010357
2.000058 -5.000477 -0.000044 0.250000 0.023675
2.000919 -4.002076 -0.000954 0.250000 0.014002
2.004011 -3.006079 -0.001896 0.250000 -0.055192
2.011728 -2.011724 0.000394 0.250000 -0.182174
2.023754 -1.011915 0.012803 0.250000 -0.213712
2.030185 -0.000069 0.023609 0.250000 -0.157920
2.023751 1.011794 0.012764 0.250000 -0.211540
2.011690 2.011690 0.000272 0.250000 -0.179659
2.003939 3.006291 -0.002027 0.250000 -0.055533
2.000976 4.002691 -0.000690 0.250000 0.009662
2.999950 -5.000017 0.000079 0.250000 0.020801
3.000506 -4.000652 -0.000540 0.250000 0.023482
3.002371 -3.002185 -0.001243 0.250000 0.003006
3.006330 -2.003993 -0.001924 0.250000 -0.057350
3.011640 -1.003763 -0.001605 0.250000 -0.128325
3.014385 -0.000063 -0.000961 0.250000 -0.156395
3.011639 1.003650 -0.001640 0.250000 -0.126705
3.006291 2.003939 -0.002027 0.250000 -0.055533
3.002294 3.002294 -0.001338 0.250000 0.002581
3.000564 4.001041 -0.000254 0.250000 0.020514
3.999922 -4.999843 0.000414 0.250000 0.015775
4.000213 -4.000025 0.000053 0.250000 0.020940
4.001113 -3.000501 -0.000229 0.250000 0.020920
4.002729 -2.001001 -0.000628 0.250000 0.008661
4.004591 -1.000921 -0.001026 0.250000 -0.011338
4.005471 -0.000037 -0.001190 0.250000 -0.021297
4.004588 1.000858 -0.001049 0.250000 -0.010357
4.002691 2.000976 -0.000690 0.250000 0.009663
4.001041 3.000564 -0.000254 0.250000 0.020514
4.000250 4.000250 0.000334 0.250000 0.019328
-4.999652 -4.999652 1.000421 0.250000 0.005486
-5.000142 -5.000142 2.000718 0.250000 0.002608
-4.999675 -3.999758 1.000346 0.250000 0.007196
-5.000457 -4.000408 2.000861 0.250000 0.003646
-4.999884 -2.999926 1.000555 0.250000 0.010432
-5.000984 -3.000619 2.001285 0.250000 0.006304
-5.000239 -2.000068 1.000851 0.250000 0.013686
-5.001626 -2.000643 2.001832 0.250000 0.009811
-5.000610 -1.000100 1.001102 0.250000 0.016153
-5.002180 -1.000402 2.002300 0.250000 0.013054
-5.000773 -0.000003 1.001197 0.250000 0.017551
-5.002395 0.000049 2.002477 0.250000 0.014858
-5.000594 1.000100 1.001076 0.250000 0.017681
-5.002145 1.000502 2.002266 0.250000 0.014484
-5.000189 2.000074 1.000782 0.250000 0.015804
-5.001555 2.000732 2.001765 0.250000 0.011846
-4.999809 2.999920 1.000485 0.250000 0.011667
-5.000899 3.000668 2.001228 0.250000 0.007718
-4.999684 3.999784 1.000508 0.250000 0.007561
-5.000433 4.000422 2.000959 0.250000 0.004013
-3.999758 -4.999675 1.000346 0.250000 0.007196
-4.000408 -5.000457 2.000861 0.250000 0.003646
-3.999927 -3.999927 1.000459 0.250000 0.012001
-4.000968 -4.000968 2.001367 0.250000 0.007865
-4.000502 -3.000360 1.001046 0.250000 0.018535
-4.001914 -3.001427 2.002409 0.250000 0.015132
-4.001546 -2.000746 1.001831 0.250000 0.022439
-4.003163 -2.001543 2.003753 0.250000 0.023226
-4.002769 -1.000680 1.002558 0.250000 0.022551
-4.004342 -1.001031 2.004960 0.250000 0.029646
-4.003350 -0.000012 1.002862 0.250000 0.022499
-4.004835 0.000060 2.005445 0.250000 0.032731
-4.002752 1.000665 1.002512 0.250000 0.024810
-4.004303 1.001156 2.004899 0.250000 0.031640
-4.001490 2.000749 1.001702 0.250000 0.025543
-4.003080 2.001666 2.003619 0.250000 0.025980
-4.000408 3.000371 1.000866 0.250000 0.020033
-4.001806 3.001509 2.002248 0.250000 0.016731
-3.999929 4.000012 1.000553 0.250000 0.011583
-4.000915 4.001004 2.001379 0.250000 0.007599
-2.999926 -4.999884 1.000555 0.250000 0.010432
-3.000619 -5.000984 2.001285 0.250000 0.006304
-3.000360 -4.000502 1.001046 0.250000 0.018535
-3.001427 -4.001914 2.002409 0.250000 0.015132
-3.001697 -3.001697 1.002338 0.250000 0.023826
-3.002908 -3.002908 2.004543 0.250000 0.027650
-3.004497 -2.003003 1.004337 0.250000 0.015387
-3.005131 -2.003387 2.007503 0.250000 0.039206
-3.008276 -1.002790 1.006774 0.250000 -0.000975
-3.007514 -1.002448 2.010470 0.250000 0.047349
-3.010229 -0.000010 1.008051 0.250000 -0.007125
-3.008603 0.000077 2.011778 0.250000 0.051350
-3.008259 1.002786 1.006711 0.250000 0.001874
-3.007474 1.002615 2.010381 0.250000 0.049778
-3.004437 2.003039 1.004155 0.250000 0.019207
-3.005045 2.003567 2.007301 0.250000 0.042391
-3.001593 3.001784 1.002053 0.250000 0.025162
-3.002792 3.003059 2.004267 0.250000 0.028927
-3.000355 4.000723 1.001035 0.250000 0.016518
-3.001360 4.002017 2.002301 0.250000 0.013464
-2.000068 -5.000239 1.000851 0.250000 0.013686
-2.000643 -5.001626 2.001832 0.250000 0.009811
-2.000746 -4.001546 1.001831 0.250000 0.022439
-2.001543 -4.003163 2.003753 0.250000 0.023226
-2.003003 -3.004497 1.004337 0.250000 0.015387
-2.003387 -3.005131 2.007503 0.250000 0.039206
-2.008591 -2.008591 1.009753 0.250000 -0.018361
-2.006598 -2.006598 2.013416 0.250000 0.052552
-2.017263 -1.008703 1.019342 0.250000 -0.027398
-2.010561 -1.005238 2.020350 0.250000 0.067869
-2.022116 -0.000004 1.025381 0.250000 -0.010397
-2.012539 0.000096 2.023773 0.250000 0.078850
-2.017246 1.008718 1.019263 0.250000 -0.024140
-2.010527 1.005449 2.020236 0.250000 0.070550
-2.008536 2.008673 1.009523 0.250000 -0.014231
-2.006525 2.006841 2.013150 0.250000 0.055809
-2.002909 3.004684 1.003955 0.250000 0.016003
-2.003285 3.005363 2.007117 0.250000 0.039638
-2.000737 4.001945 1.001725 0.250000 0.018262
-2.001479 4.003352 2.003524 0.250000 0.019559
-1.000100 -5.000610 1.001102 0.250000 0.016153
-1.000402 -5.002180 2.002300 0.250000 0.013054
-1.000680 -4.002769 1.002558 0.250000 0.022551
-1.001031 -4.004342 2.004960 0.250000 0.029646
-1.002790 -3.008276 1.006774 0.250000 -0.000975
-1.002448 -3.007514 2.010470 0.250000 0.047349
-1.008703 -2.017263 1.019342 0.250000 -0.027397
-1.005238 -2.010561 2.020350 0.250000 0.067869
-1.018681 -1.018681 1.046792 0.250000 0.105312
-1.009076 -1.009076 2.033673 0.250000 0.114162
-1.024172 0.000003 1.065446 0.250000 0.251777
-1.011119 0.000111 2.040843 0.250000 0.150707
-1.018670 1.018715 1.046699 0.250000 0.108836
-1.009056 1.009321 2.033539 0.250000 0.116941
-1.008668 2.017383 1.019073 0.250000 -0.023246
-1.005195 2.010853 2.020037 0.250000 0.070962
-1.002732 3.008549 1.006318 0.250000 -0.001294
-1.002387 3.007811 2.010002 0.250000 0.046797
-1.000667 4.003320 1.002383 0.250000 0.016277
-1.000989 4.004604 2.004640 0.250000 0.024038
-0.000003 -5.000773 1.001197 0.250000 0.017551
0.000049 -5.002395 2.002477 0.250000 0.014859
-0.000012 -4.003350 1.002862 0.250000 0.022498
0.000060 -4.004835 2.005445 0.250000 0.032732
-0.000010 -3.010229 1.008051 0.250000 -0.007125
0.000077 -3.008603 2.011778 0.250000 0.051349
-0.000004 -2.022116 1.025381 0.250000 -0.010395
0.000096 -2.012539 2.023773 0.250000 0.078850
0.000003 -1.024172 1.065446 0.250000 0.251779
0.000111 -1.011119 2.040843 0.250000 0.150706
0.000007 0.000007 1.092166 0.250000 0.490459
0.000116 0.000116 2.050324 0.250000 0.207786
0.000003 1.024215 1.065345 0.250000 0.255367
0.000111 1.011377 2.040701 0.250000 0.153456
-0.000005 2.022252 1.025094 0.250000 -0.006352
0.000096 2.012849 2.023441 0.250000 0.081744
-0.000009 3.010535 1.007567 0.250000 -0.008012
0.000079 3.008924 2.011280 0.250000 0.050215
0.000003 4.003960 1.002663 0.250000 0.015138
0.000068 4.005124 2.005093 0.250000 0.026117
1.000100 -5.000594 1.001076 0.250000 0.017681
1.000502 -5.002145 2.002266 0.250000 0.014484
1.000665 -4.002752 1.002512 0.250000 0.024810
1.001156 -4.004303 2.004899 0.250000 0.031640
1.002786 -3.008259 1.006711 0.250000 0.001874
1.002615 -3.007474 2.010382 0.250000 0.049777
1.008718 -2.017246 1.019263 0.250000 -0.024141
1.005449 -2.010527 2.020236 0.250000 0.070551
1.018715 -1.018670 1.046699 0.250000 0.108837
1.009321 -1.009056 2.033539 0.250000 0.116940
1.024215 0.000003 1.065345 0.250000 0.255368
1.011377 0.000111 2.040701 0.250000 0.153457
1.018704 1.018704 1.046605 0.250000 0.112232
1.009300 1.009300 2.033405 0.250000 0.119559
1.008682 2.017365 1.018992 0.250000 -0.020271
1.005404 2.010817 2.019924 0.250000 0.073311
1.002730 3.008527 1.006255 0.250000 0.001065
1.002555 3.007767 2.009918 0.250000 0.048722
1.000682 4.003296 1.002345 0.250000 0.017859
1.001128 4.004560 2.004590 0.250000 0.025404
2.000074 -5.000189 1.000782 0.250000 0.015804
2.000732 -5.001555 2.001765 0.250000 0.011846
2.000749 -4.001490 1.001702 0.250000 0.025543
2.001666 -4.003080 2.003619 0.250000 0.025981
2.003039 -3.004437 1.004155 0.250000 0.019207
2.003567 -3.005045 2.007301 0.250000 0.042391
2.008673 -2.008536 1.009523 0.250000 -0.014231
2.006841 -2.006525 2.013150 0.250000 0.055808
2.017383 -1.008668 1.019073 0.250000 -0.023246
2.010853 -1.005195 2.020037 0.250000 0.070961
2.022252 -0.000005 1.025094 0.250000 -0.006353
2.012849 0.000096 2.023441 0.250000 0.081745
2.017365 1.008682 1.018992 0.250000 -0.020272
2.010817 1.005404 2.019924 0.250000 0.073312
2.008614 2.008614 1.009291 0.250000 -0.010718
2.006764 2.006764 2.012890 0.250000 0.058398
2.002944 3.004615 1.003780 0.250000 0.018843
2.003464 3.005271 2.006930 0.250000 0.041859
2.000769 4.001876 1.001625 0.250000 0.020165
2.001615 4.003263 2.003419 0.250000 0.021188
2.999920 -4.999809 1.000485 0.250000 0.011667
3.000668 -5.000899 2.001228 0.250000 0.007719
3.000371 -4.000408 1.000866 0.250000 0.020034
3.001509 -4.001806 2.002248 0.250000 0.016731
3.001784 -3.001593 1.002053 0.250000 0.025162
3.003059 -3.002792 2.004267 0.250000 0.028926
3.004684 -2.002909 1.003955 0.250000 0.016003
3.005363 -2.003285 2.007117 0.250000 0.039638
3.008549 -1.002732 1.006318 0.250000 -0.001295
3.007811 -1.002387 2.010002 0.250000 0.046796
3.010535 -0.000009 1.007567 0.250000 -0.008012
3.008924 0.000079 2.011280 0.250000 0.050214
3.008527 1.002730 1.006255 0.250000 0.001065
3.007767 1.002555 2.009918 0.250000 0.048722
3.004615 2.002944 1.003780 0.250000 0.018843
3.005271 2.003464 2.006930 0.250000 0.041860
3.001675 3.001675 1.001796 0.250000 0.025180
3.002940 3.002940 2.004024 0.250000 0.028922
3.000395 4.000625 1.000920 0.250000 0.016716
3.001456 4.001909 2.002192 0.250000 0.013723
3.999784 -4.999684 1.000508 0.250000 0.007561
4.000422 -5.000433 2.000959 0.250000 0.004013
4.000012 -3.999929 1.000553 0.250000 0.011583
4.001004 -4.000915 2.001379 0.250000 0.007599
4.000723 -3.000355 1.001035 0.250000 0.016518
4.002017 -3.001360 2.002301 0.250000 0.013463
4.001945 -2.000737 1.001725 0.250000 0.018262
4.003352 -2.001479 2.003524 0.250000 0.019559
4.003320 -1.000667 1.002383 0.250000 0.016278
4.004604 -1.000989 2.004640 0.250000 0.024038
4.003960 0.000003 1.002663 0.250000 0.015138
4.005124 0.000068 2.005093 0.250000 0.026117
4.003296 1.000682 1.002345 0.250000 0.017859
4.004560 1.001128 2.004590 0.250000 0.025404
4.001876 2.000769 1.001625 0.250000 0.020165
4.003263 2.001615 2.003419 0.250000 0.021188
4.000625 3.000395 1.000920 0.250000 0.016716
4.001909 3.001456 2.002192 0.250000 0.013723
4.000038 4.000038 1.000709 0.250000 0.010004
4.000974 4.000974 2.001449 0.250000 0.006060
0.000000 0.000000 -1.000000 0.250000 0.000000
