-5.000585 -5.000585 0.001985 0.250000 -0.161238
-5.000837 -4.000638 0.002006 0.250000 -0.194549
-5.001200 -3.000653 0.002255 0.250000 -0.215243
-5.001616 -2.000563 0.002621 0.250000 -0.227171
-5.001966 -1.000315 0.002952 0.250000 -0.233070
-5.002104 0.000061 0.003104 0.250000 -0.234630
-5.001957 1.000440 0.003013 0.250000 -0.232533
-5.001602 2.000696 0.002760 0.250000 -0.224761
-5.001197 3.000800 0.002532 0.250000 -0.205774
-5.000875 4.000808 0.002510 0.250000 -0.169043
-4.000638 -5.000837 0.002006 0.250000 -0.194548
-4.000994 -4.000994 0.002112 0.250000 -0.237765
-4.001572 -3.001129 0.002635 0.250000 -0.261499
-4.002331 -2.001089 0.003445 0.250000 -0.269067
-4.003058 -1.000687 0.004248 0.250000 -0.265514
-4.003370 0.000066 0.004615 0.250000 -0.261925
-4.003048 1.000825 0.004315 0.250000 -0.265754
-4.002316 2.001243 0.003603 0.250000 -0.267802
-4.001568 3.001311 0.002969 0.250000 -0.251559
-4.001039 4.001213 0.002755 0.250000 -0.205864
-3.000653 -5.001200 0.002255 0.250000 -0.215243
-3.001129 -4.001572 0.002635 0.250000 -0.261499
-3.002016 -3.002016 0.003799 0.250000 -0.274765
-3.003411 -2.002229 0.005786 0.250000 -0.244236
-3.005003 -1.001603 0.008114 0.250000 -0.174250
-3.005769 0.000075 0.009281 0.250000 -0.131276
-3.004993 1.001760 0.008187 0.250000 -0.174867
-3.003396 2.002410 0.005962 0.250000 -0.243373
-3.002014 3.002240 0.004180 0.250000 -0.263910
-3.001174 4.001845 0.003378 0.250000 -0.224769
-2.000563 -5.001616 0.002621 0.250000 -0.227171
-2.001089 -4.002331 0.003445 0.250000 -0.269067
-2.002229 -3.003411 0.005786 0.250000 -0.244236
-2.004435 -2.004435 0.010638 0.250000 -0.071359
-2.007493 -1.003703 0.018143 0.250000 0.314297
-2.009056 0.000083 0.022731 0.250000 0.581658
-2.007486 1.003880 0.018222 0.250000 0.313475
-2.004424 2.004644 0.010830 0.250000 -0.070516
-2.002227 3.003674 0.006203 0.250000 -0.232117
-2.001124 4.002655 0.004263 0.250000 -0.227935
-1.000315 -5.001966 0.002952 0.250000 -0.233070
-1.000687 -4.003058 0.004248 0.250000 -0.265513
-1.001603 -3.005003 0.008114 0.250000 -0.174251
-1.003703 -2.007493 0.018143 0.250000 0.314296
-1.006249 -1.006249 0.038301 0.250000 1.576000
-1.007784 0.000089 0.049450 0.250000 2.304619
-1.006245 1.006439 0.038382 0.250000 1.574919
-1.003696 2.007721 0.018344 0.250000 0.315149
-1.001601 3.005294 0.008555 0.250000 -0.160982
-1.000704 4.003419 0.005116 0.250000 -0.220840
0.000061 -5.002104 0.003104 0.250000 -0.234630
0.000066 -4.003370 0.004615 0.250000 -0.261925
0.000075 -3.005769 0.009281 0.250000 -0.131276
0.000083 -2.009056 0.022731 0.250000 0.581658
0.000089 -1.007784 0.049450 0.250000 2.304619
0.000091 0.000091 0.065566 0.250000 3.380928
0.000089 1.007978 0.049531 0.250000 2.303466
0.000083 2.009290 0.022934 0.250000 0.582562
0.000075 3.006070 0.009731 0.250000 -0.117349
0.000071 4.003744 0.005501 0.250000 -0.215534
1.000440 -5.001957 0.003013 0.250000 -0.232534
1.000825 -4.003048 0.004315 0.250000 -0.265755
1.001760 -3.004993 0.008187 0.250000 -0.174867
1.003880 -2.007486 0.018222 0.250000 0.313475
1.006439 -1.006245 0.038382 0.250000 1.574918
1.007978 0.000089 0.049531 0.250000 2.303466
1.006434 1.006434 0.038463 0.250000 1.574028
1.003871 2.007712 0.018422 0.250000 0.314719
1.001759 3.005283 0.008628 0.250000 -0.160902
1.000849 4.003408 0.005183 0.250000 -0.219918
2.000696 -5.001602 0.002760 0.250000 -0.224762
2.001243 -4.002316 0.003603 0.250000 -0.267803
2.002410 -3.003396 0.005962 0.250000 -0.243373
2.004644 -2.004424 0.010830 0.250000 -0.070517
2.007721 -1.003696 0.018344 0.250000 0.315150
2.009290 0.000083 0.022934 0.250000 0.582563
2.007712 1.003871 0.018422 0.250000 0.314719
2.004629 2.004629 0.011019 0.250000 -0.068871
2.002406 3.003656 0.006376 0.250000 -0.229884
2.001280 4.002637 0.004417 0.250000 -0.224490
3.000800 -5.001197 0.002532 0.250000 -0.205774
3.001311 -4.001568 0.002969 0.250000 -0.251559
3.002240 -3.002014 0.004180 0.250000 -0.263910
3.003674 -2.002227 0.006203 0.250000 -0.232117
3.005294 -1.001601 0.008555 0.250000 -0.160982
3.006070 0.000075 0.009731 0.250000 -0.117348
3.005283 1.001759 0.008628 0.250000 -0.160902
3.003656 2.002406 0.006376 0.250000 -0.229885
3.002232 3.002232 0.004549 0.250000 -0.251058
3.001352 4.001835 0.003688 0.250000 -0.212602
4.000808 -5.000875 0.002510 0.250000 -0.169044
4.001213 -4.001039 0.002755 0.250000 -0.205864
4.001845 -3.001174 0.003378 0.250000 -0.224769
4.002655 -2.001124 0.004263 0.250000 -0.227936
4.003419 -1.000704 0.005116 0.250000 -0.220840
4.003744 0.000071 0.005501 0.250000 -0.215534
4.003408 1.000849 0.005183 0.250000 -0.219918
4.002637 2.001280 0.004417 0.250000 -0.224491
4.001835 3.001352 0.003688 0.250000 -0.212602
4.001247 4.001247 0.003323 0.250000 -0.174376
-5.000679 -5.000679 1.002196 0.250000 -0.153225
-5.000853 -5.000853 2.002501 0.250000 -0.137990
-5.000980 -4.000815 1.002323 0.250000 -0.178940
-5.001204 -4.001017 2.002759 0.250000 -0.154052
-5.001428 -3.000892 1.002681 0.250000 -0.190519
-5.001687 -3.001086 2.003206 0.250000 -0.157913
-5.001949 -2.000795 1.003152 0.250000 -0.192914
-5.002224 -2.000950 2.003741 0.250000 -0.153189
-5.002389 -1.000468 1.003563 0.250000 -0.191092
-5.002664 -1.000559 2.004191 0.250000 -0.145958
-5.002564 0.000035 1.003744 0.250000 -0.189763
-5.002838 0.000014 2.004387 0.250000 -0.142503
-5.002390 1.000535 1.003622 0.250000 -0.190920
-5.002674 1.000582 2.004255 0.250000 -0.145330
-5.001959 2.000855 1.003288 0.250000 -0.191158
-5.002253 2.000961 2.003886 0.250000 -0.150409
-5.001468 3.000943 1.002946 0.250000 -0.182523
-5.001752 3.001087 2.003469 0.250000 -0.149263
-5.001081 4.000892 1.002798 0.250000 -0.155926
-5.001322 4.001037 2.003179 0.250000 -0.134343
-4.000815 -5.000980 1.002323 0.250000 -0.178940
-4.001017 -5.001204 2.002759 0.250000 -0.154052
-4.001274 -4.001274 1.002612 0.250000 -0.206991
-4.001531 -4.001531 2.003242 0.250000 -0.166360
-4.002006 -3.001516 1.003336 0.250000 -0.211594
-4.002274 -3.001742 2.004085 0.250000 -0.157698
-4.002945 -2.001471 1.004336 0.250000 -0.198548
-4.003158 -2.001614 2.005140 0.250000 -0.133058
-4.003819 -1.000935 1.005274 0.250000 -0.178543
-4.003931 -1.000996 2.006075 0.250000 -0.105626
-4.004189 0.000037 1.005686 0.250000 -0.168913
-4.004248 0.000015 2.006475 0.250000 -0.093571
-4.003818 1.001008 1.005337 0.250000 -0.179371
-4.003939 1.001020 2.006145 0.250000 -0.105808
-4.002951 2.001537 1.004487 0.250000 -0.198437
-4.003182 2.001623 2.005303 0.250000 -0.131472
-4.002040 3.001574 1.003647 0.250000 -0.204287
-4.002329 3.001735 2.004391 0.250000 -0.149365
-4.001371 4.001368 1.003205 0.250000 -0.179663
-4.001636 4.001547 2.003751 0.250000 -0.143881
-3.000892 -5.001428 1.002681 0.250000 -0.190519
-3.001086 -5.001687 2.003206 0.250000 -0.157913
-3.001516 -4.002006 1.003336 0.250000 -0.211595
-3.001742 -4.002274 2.004085 0.250000 -0.157698
-3.002612 -3.002612 1.004800 0.250000 -0.191744
-3.002759 -3.002759 2.005629 0.250000 -0.120465
-3.004226 -2.002808 1.007006 0.250000 -0.128492
-3.004087 -2.002735 2.007695 0.250000 -0.048841
-3.005947 -1.001958 1.009330 0.250000 -0.042091
-3.005356 -1.001785 2.009663 0.250000 0.030750
-3.006742 0.000043 1.010413 0.250000 0.001746
-3.005905 0.000018 2.010528 0.250000 0.066920
-3.005946 1.002042 1.009398 0.250000 -0.043605
-3.005362 1.001814 2.009738 0.250000 0.029892
-3.004229 2.002887 1.007170 0.250000 -0.129490
-3.004105 2.002748 2.007871 0.250000 -0.048288
-3.002638 3.002687 1.005147 0.250000 -0.184898
-3.002802 3.002754 2.005968 0.250000 -0.112603
-3.001597 4.002126 1.004010 0.250000 -0.181510
-3.001825 4.002294 2.004659 0.250000 -0.133492
-2.000795 -5.001949 1.003152 0.250000 -0.192914
-2.000950 -5.002224 2.003741 0.250000 -0.153189
-2.001471 -4.002945 1.004336 0.250000 -0.198548
-2.001614 -4.003158 2.005140 0.250000 -0.133057
-2.002808 -3.004226 1.007006 0.250000 -0.128492
-2.002735 -3.004087 2.007695 0.250000 -0.048842
-2.005123 -2.005123 1.011606 0.250000 0.057788
-2.004362 -2.004362 2.011414 0.250000 0.110014
-2.008026 -1.003993 1.017353 0.250000 0.344813
-2.006086 -1.003036 2.015312 0.250000 0.299919
-2.009508 0.000049 1.020339 0.250000 0.506696
-2.006881 0.000021 2.017116 0.250000 0.391821
-2.008024 1.004090 1.017425 0.250000 0.342834
-2.006089 1.003072 2.015391 0.250000 0.298569
-2.005123 2.005218 1.011781 0.250000 0.056090
-2.004373 2.004381 2.011601 0.250000 0.109812
-2.002825 3.004322 1.007378 0.250000 -0.121773
-2.002764 3.004088 2.008057 0.250000 -0.041336
-2.001530 4.003093 1.005069 0.250000 -0.166031
-2.001672 4.003187 2.005760 0.250000 -0.107564
-1.000468 -5.002389 1.003563 0.250000 -0.191092
-1.000559 -5.002664 2.004191 0.250000 -0.145957
-1.000935 -4.003819 1.005274 0.250000 -0.178543
-1.000996 -4.003931 2.006075 0.250000 -0.105626
-1.001958 -3.005947 1.009330 0.250000 -0.042091
-1.001785 -3.005356 2.009663 0.250000 0.030749
-1.003993 -2.008026 1.017353 0.250000 0.344814
-1.003036 -2.006086 2.015312 0.250000 0.299919
-1.006872 -1.006872 1.029181 0.250000 1.029613
-1.004485 -1.004485 2.021772 0.250000 0.648448
-1.008357 0.000053 1.035954 0.250000 1.449410
-1.005192 0.000024 2.024927 0.250000 0.827143
-1.006871 1.006978 1.029254 0.250000 1.027323
-1.004487 1.004527 2.021852 0.250000 0.646811
-1.003993 2.008133 1.017534 0.250000 0.342741
-1.003041 2.006110 2.015505 0.250000 0.299311
-1.001966 3.006059 1.009719 0.250000 -0.035239
-1.001798 3.005363 2.010039 0.250000 0.038156
-1.000964 4.003990 1.006045 0.250000 -0.143978
-1.001024 4.003967 2.006722 0.250000 -0.079089
0.000035 -5.002564 1.003744 0.250000 -0.189763
0.000014 -5.002838 2.004387 0.250000 -0.142503
0.000037 -4.004189 1.005686 0.250000 -0.168913
0.000015 -4.004248 2.006475 0.250000 -0.093571
0.000043 -3.006742 1.010413 0.250000 0.001746
0.000018 -3.005905 2.010528 0.250000 0.066920
0.000049 -2.009508 1.020339 0.250000 0.506696
0.000021 -2.006881 2.017116 0.250000 0.391823
0.000053 -1.008357 1.035954 0.250000 1.449409
0.000024 -1.005192 2.024927 0.250000 0.827143
0.000054 0.000054 1.044973 0.250000 2.026652
0.000025 0.000025 2.028832 0.250000 1.055647
0.000053 1.008467 1.036028 0.250000 1.447057
0.000024 1.005236 2.025008 0.250000 0.825484
0.000049 2.009619 1.020523 0.250000 0.504640
0.000022 2.006908 2.017310 0.250000 0.391238
0.000044 3.006860 1.010808 0.250000 0.008926
0.000020 3.005914 2.010908 0.250000 0.074558
0.000042 4.004368 1.006471 0.250000 -0.133171
0.000019 4.004287 2.007132 0.250000 -0.066307
1.000535 -5.002390 1.003622 0.250000 -0.190920
1.000582 -5.002674 2.004255 0.250000 -0.145330
1.001008 -4.003818 1.005337 0.250000 -0.179370
1.001020 -4.003939 2.006145 0.250000 -0.105809
1.002042 -3.005946 1.009398 0.250000 -0.043606
1.001814 -3.005362 2.009738 0.250000 0.029893
1.004090 -2.008024 1.017425 0.250000 0.342835
1.003072 -2.006089 2.015391 0.250000 0.298569
1.006978 -1.006871 1.029254 0.250000 1.027323
1.004527 -1.004487 2.021852 0.250000 0.646810
1.008467 0.000053 1.036028 0.250000 1.447057
1.005236 0.000024 2.025008 0.250000 0.825483
1.006976 1.006976 1.029328 0.250000 1.025273
1.004529 1.004529 2.021932 0.250000 0.645433
1.004089 2.008131 1.017606 0.250000 0.341260
1.003079 2.006114 2.015582 0.250000 0.298484
1.002053 3.006057 1.009786 0.250000 -0.035928
1.001832 3.005369 2.010113 0.250000 0.038100
1.001046 4.003989 1.006109 0.250000 -0.143560
1.001057 4.003976 2.006791 0.250000 -0.078229
2.000855 -5.001959 1.003288 0.250000 -0.191158
2.000961 -5.002253 2.003886 0.250000 -0.150409
2.001537 -4.002951 1.004487 0.250000 -0.198437
2.001623 -4.003182 2.005303 0.250000 -0.131472
2.002887 -3.004229 1.007170 0.250000 -0.129490
2.002748 -3.004105 2.007871 0.250000 -0.048288
2.005218 -2.005123 1.011781 0.250000 0.056090
2.004381 -2.004373 2.011601 0.250000 0.109812
2.008133 -1.003993 1.017534 0.250000 0.342742
2.006110 -1.003041 2.015505 0.250000 0.299311
2.009619 0.000049 1.020523 0.250000 0.504640
2.006908 0.000022 2.017310 0.250000 0.391238
2.008131 1.004089 1.017606 0.250000 0.341260
2.006114 1.003079 2.015582 0.250000 0.298484
2.005218 2.005218 1.011954 0.250000 0.055407
2.004394 2.004394 2.011786 0.250000 0.110649
2.002907 3.004324 1.007540 0.250000 -0.121142
2.002782 3.004108 2.008230 0.250000 -0.039258
2.001605 4.003100 1.005217 0.250000 -0.163560
2.001692 4.003213 2.005916 0.250000 -0.104095
3.000943 -5.001468 1.002946 0.250000 -0.182523
3.001087 -5.001752 2.003469 0.250000 -0.149263
3.001574 -4.002040 1.003647 0.250000 -0.204287
3.001735 -4.002329 2.004391 0.250000 -0.149365
3.002687 -3.002638 1.005147 0.250000 -0.184897
3.002754 -3.002802 2.005968 0.250000 -0.112603
3.004322 -2.002825 1.007378 0.250000 -0.121773
3.004088 -2.002764 2.008057 0.250000 -0.041336
3.006059 -1.001966 1.009719 0.250000 -0.035239
3.005363 -1.001798 2.010039 0.250000 0.038157
3.006860 0.000044 1.010808 0.250000 0.008927
3.005914 0.000020 2.010908 0.250000 0.074558
3.006057 1.002053 1.009786 0.250000 -0.035928
3.005369 1.001832 2.010113 0.250000 0.038099
3.004324 2.002907 1.007540 0.250000 -0.121142
3.004108 2.002782 2.008230 0.250000 -0.039258
3.002716 3.002716 1.005485 0.250000 -0.175708
3.002803 3.002803 2.006297 0.250000 -0.102714
3.001665 4.002162 1.004301 0.250000 -0.171504
3.001833 4.002357 2.004944 0.250000 -0.123091
4.000892 -5.001081 1.002798 0.250000 -0.155926
4.001037 -5.001322 2.003179 0.250000 -0.134343
4.001368 -4.001371 1.003205 0.250000 -0.179663
4.001547 -4.001636 2.003751 0.250000 -0.143881
4.002126 -3.001597 1.004010 0.250000 -0.181510
4.002294 -3.001825 2.004659 0.250000 -0.133492
4.003093 -2.001530 1.005069 0.250000 -0.166031
4.003187 -2.001672 2.005760 0.250000 -0.107564
4.003990 -1.000964 1.006045 0.250000 -0.143978
4.003967 -1.001024 2.006722 0.250000 -0.079088
4.004368 0.000042 1.006471 0.250000 -0.133172
4.004287 0.000019 2.007132 0.250000 -0.066307
4.003989 1.001046 1.006109 0.250000 -0.143560
4.003976 1.001057 2.006791 0.250000 -0.078228
4.003100 2.001605 1.005217 0.250000 -0.163561
4.003213 2.001692 2.005916 0.250000 -0.104094
4.002162 3.001665 1.004301 0.250000 -0.171504
4.002357 3.001833 2.004944 0.250000 -0.123091
4.001470 4.001470 1.003735 0.250000 -0.151680
4.001666 4.001666 2.004213 0.250000 -0.120422
0.000000 0.000000 -1.000000 0.250000 0.000000
