-4.999948 -4.999948 0.000294 0.250000 0.011422
-5.000072 -3.999987 0.000013 0.250000 0.015348
-5.000426 -3.000119 -0.000099 0.250000 0.017159
-5.000960 -2.000245 -0.000193 0.250000 0.014886
-5.001498 -1.000219 -0.000290 0.250000 0.010491
-5.001730 -0.000014 -0.000338 0.250000 0.008404
-5.001485 1.000199 -0.000316 0.250000 0.010805
-5.000918 2.000255 -0.000248 0.250000 0.014475
-5.000364 3.000190 -0.000109 0.250000 0.014613
-5.000099 4.000164 0.000271 0.250000 0.011001
-3.999987 -5.000072 0.000013 0.250000 0.015348
-4.000278 -4.000278 -0.000404 0.250000 0.018797
-4.001101 -3.000738 -0.000657 0.250000 0.013362
-4.002528 -2.001164 -0.000917 0.250000 -0.005885
-4.004146 -1.000988 -0.001115 0.250000 -0.030731
-4.004902 -0.000037 -0.001185 0.250000 -0.042172
-4.004133 1.000927 -0.001157 0.250000 -0.029941
-4.002480 2.001152 -0.001015 0.250000 -0.005896
-4.001029 3.000840 -0.000724 0.250000 0.010076
-4.000324 4.000569 -0.000126 0.250000 0.012196
-3.000119 -5.000426 -0.000099 0.250000 0.017159
-3.000738 -4.001101 -0.000657 0.250000 0.013362
-3.002522 -3.002522 -0.001071 0.250000 -0.018113
-3.006104 -2.004040 -0.001094 0.250000 -0.085994
-3.010787 -1.003602 -0.000059 0.250000 -0.155729
-3.013182 -0.000042 0.000861 0.250000 -0.181208
-3.010773 1.003538 -0.000108 0.250000 -0.154574
-3.006052 2.004052 -0.001215 0.250000 -0.085705
-3.002445 3.002717 -0.001171 0.250000 -0.022075
-3.000788 4.001580 -0.000374 0.250000 0.004399
-2.000245 -5.000960 -0.000193 0.250000 0.014885
-2.001164 -4.002528 -0.000917 0.250000 -0.005885
-2.004040 -3.006104 -0.001094 0.250000 -0.085994
-2.010864 -2.010864 0.002451 0.250000 -0.204781
-2.021290 -1.010679 0.015065 0.250000 -0.206161
-2.026826 -0.000041 0.025243 0.250000 -0.131453
-2.021276 1.010624 0.015010 0.250000 -0.204748
-2.010815 2.010916 0.002316 0.250000 -0.204407
-2.003968 3.006416 -0.001208 0.250000 -0.090680
-2.001198 4.003231 -0.000610 0.250000 -0.016938
-1.000219 -5.001498 -0.000290 0.250000 0.010491
-1.000988 -4.004146 -0.001115 0.250000 -0.030730
-1.003602 -3.010787 -0.000059 0.250000 -0.155729
-1.010679 -2.021290 0.015065 0.250000 -0.206162
-1.019790 -1.019790 0.066682 0.250000 0.328063
-1.025326 -0.000038 0.097735 0.250000 0.701844
-1.019781 1.019747 0.066618 0.250000 0.329706
-1.010649 2.021377 0.014915 0.250000 -0.205862
-1.003556 3.011199 -0.000179 0.250000 -0.161106
-1.000995 4.005034 -0.000778 0.250000 -0.043417
-0.000014 -5.001730 -0.000338 0.250000 0.008403
-0.000037 -4.004902 -0.001185 0.250000 -0.042172
-0.000042 -3.013182 0.000861 0.250000 -0.181209
-0.000041 -2.026826 0.025243 0.250000 -0.131453
-0.000038 -1.025326 0.097735 0.250000 0.701844
-0.000035 -0.000035 0.144593 0.250000 1.303418
-0.000038 1.025287 0.097666 0.250000 0.703536
-0.000042 2.026928 0.025083 0.250000 -0.131306
-0.000038 3.013632 0.000738 0.250000 -0.187031
-0.000012 4.005862 -0.000832 0.250000 -0.055701
1.000199 -5.001485 -0.000316 0.250000 0.010805
1.000927 -4.004133 -0.001157 0.250000 -0.029941
1.003538 -3.010773 -0.000108 0.250000 -0.154574
1.010624 -2.021276 0.015010 0.250000 -0.204749
1.019747 -1.019781 0.066618 0.250000 0.329706
1.025287 -0.000038 0.097666 0.250000 0.703535
1.019737 1.019737 0.066553 0.250000 0.331216
1.010592 2.021362 0.014858 0.250000 -0.204746
1.003500 3.011181 -0.000227 0.250000 -0.160459
1.000986 4.005015 -0.000808 0.250000 -0.043290
2.000255 -5.000918 -0.000248 0.250000 0.014475
2.001152 -4.002480 -0.001015 0.250000 -0.005896
2.004052 -3.006052 -0.001215 0.250000 -0.085705
2.010916 -2.010815 0.002316 0.250000 -0.204407
2.021377 -1.010649 0.014915 0.250000 -0.205861
2.026928 -0.000042 0.025083 0.250000 -0.131305
2.021362 1.010592 0.014858 0.250000 -0.204746
2.010865 2.010865 0.002180 0.250000 -0.204659
2.003987 3.006358 -0.001321 0.250000 -0.091336
2.001235 4.003173 -0.000674 0.250000 -0.017972
3.000190 -5.000364 -0.000109 0.250000 0.014613
3.000840 -4.001029 -0.000724 0.250000 0.010076
3.002717 -3.002445 -0.001171 0.250000 -0.022075
3.006416 -2.003968 -0.001208 0.250000 -0.090679
3.011199 -1.003556 -0.000179 0.250000 -0.161106
3.013632 -0.000038 0.000738 0.250000 -0.187032
3.011181 1.003500 -0.000227 0.250000 -0.160459
3.006358 2.003987 -0.001321 0.250000 -0.091335
3.002640 3.002640 -0.001243 0.250000 -0.027117
3.000922 4.001503 -0.000381 0.250000 0.000391
4.000164 -5.000099 0.000271 0.250000 0.011000
4.000569 -4.000324 -0.000126 0.250000 0.012196
4.001580 -3.000788 -0.000374 0.250000 0.004399
4.003231 -2.001198 -0.000610 0.250000 -0.016937
4.005034 -1.000995 -0.000778 0.250000 -0.043417
4.005862 -0.000012 -0.000832 0.250000 -0.055701
4.005015 1.000986 -0.000808 0.250000 -0.043290
4.003173 2.001235 -0.000674 0.250000 -0.017972
4.001503 3.000922 -0.000381 0.250000 0.000391
4.000624 4.000624 0.000193 0.250000 0.005476
-4.999834 -4.999834 1.000364 0.250000 0.004928
-5.000270 -5.000270 2.000693 0.250000 0.001639
-4.999948 -3.999966 1.000269 0.250000 0.007229
-5.000621 -4.000534 2.000820 0.250000 0.003432
-5.000281 -3.000143 1.000449 0.250000 0.009400
-5.001191 -3.000733 2.001218 0.250000 0.005805
-5.000765 -2.000253 1.000723 0.250000 0.010122
-5.001875 -2.000728 2.001737 0.250000 0.007982
-5.001233 -1.000200 1.000961 0.250000 0.009921
-5.002457 -1.000441 2.002178 0.250000 0.009622
-5.001426 0.000018 1.001047 0.250000 0.009955
-5.002680 0.000069 2.002342 0.250000 0.010398
-5.001204 1.000240 1.000923 0.250000 0.010507
-5.002416 1.000577 2.002135 0.250000 0.009848
-5.000700 2.000299 1.000642 0.250000 0.010061
-5.001798 2.000850 2.001659 0.250000 0.007448
-5.000204 3.000181 1.000382 0.250000 0.006933
-5.001111 3.000811 2.001164 0.250000 0.003233
-4.999977 4.000043 1.000448 0.250000 0.002664
-5.000616 4.000581 2.000936 0.250000 -0.001106
-3.999966 -4.999948 1.000269 0.250000 0.007229
-4.000534 -5.000621 2.000820 0.250000 0.003432
-4.000252 -4.000252 1.000333 0.250000 0.012011
-4.001131 -4.001131 2.001281 0.250000 0.008370
-4.000988 -3.000706 1.000868 0.250000 0.015275
-4.002123 -3.001576 2.002255 0.250000 0.014462
-4.002190 -2.001039 1.001638 0.250000 0.013765
-4.003416 -2.001655 2.003529 0.250000 0.019924
-4.003509 -1.000837 1.002385 0.250000 0.009268
-4.004621 -1.001082 2.004684 0.250000 0.023809
-4.004113 0.000010 1.002698 0.250000 0.007245
-4.005120 0.000082 2.005144 0.250000 0.025491
-4.003480 1.000866 1.002321 0.250000 0.010327
-4.004577 1.001247 2.004609 0.250000 0.024227
-4.002118 2.001088 1.001489 0.250000 0.013985
-4.003329 2.001812 2.003382 0.250000 0.019250
-4.000896 3.000769 1.000694 0.250000 0.011692
-4.002024 3.001687 2.002101 0.250000 0.010635
-4.000281 4.000396 1.000461 0.250000 0.004716
-4.001104 4.001202 2.001324 0.250000 0.001355
-3.000143 -5.000281 1.000449 0.250000 0.009400
-3.000733 -5.001191 2.001218 0.250000 0.005805
-3.000706 -4.000988 1.000868 0.250000 0.015274
-3.001576 -4.002123 2.002255 0.250000 0.014462
-3.002196 -3.002196 1.002137 0.250000 0.014030
-3.003098 -3.003098 2.004276 0.250000 0.024413
-3.005057 -2.003353 1.004249 0.250000 -0.000610
-3.005341 -2.003516 2.007135 0.250000 0.033019
-3.008717 -1.002903 1.006858 0.250000 -0.018155
-3.007700 -1.002491 2.010027 0.250000 0.040086
-3.010559 0.000016 1.008195 0.250000 -0.023795
-3.008765 0.000102 2.011297 0.250000 0.043681
-3.008689 1.002950 1.006772 0.250000 -0.016773
-3.007657 1.002702 2.009921 0.250000 0.040563
-3.004986 2.003443 1.004044 0.250000 -0.000368
-3.005255 2.003730 2.006918 0.250000 0.031929
-3.002100 3.002340 1.001864 0.250000 0.009002
-3.002996 3.003275 2.004016 0.250000 0.018887
-3.000732 4.001266 1.000914 0.250000 0.004679
-3.001538 4.002257 2.002200 0.250000 0.004352
-2.000253 -5.000765 1.000723 0.250000 0.010122
-2.000728 -5.001875 2.001737 0.250000 0.007982
-2.001039 -4.002190 1.001638 0.250000 0.013765
-2.001655 -4.003416 2.003529 0.250000 0.019925
-2.003353 -3.005057 1.004249 0.250000 -0.000610
-2.003516 -3.005341 2.007135 0.250000 0.033019
-2.008652 -2.008652 1.009994 0.250000 -0.031088
-2.006668 -2.006668 2.012913 0.250000 0.047542
-2.016537 -1.008303 1.019603 0.250000 -0.022717
-2.010454 -1.005169 2.019666 0.250000 0.070032
-2.020875 0.000025 1.025426 0.250000 0.005045
-2.012313 0.000122 2.022962 0.250000 0.085098
-2.016513 1.008378 1.019498 0.250000 -0.021183
-2.010418 1.005427 2.019534 0.250000 0.070429
-2.008591 2.008794 1.009740 0.250000 -0.031146
-2.006597 2.006944 2.012635 0.250000 0.045798
-2.003270 3.005302 1.003892 0.250000 -0.007401
-2.003429 3.005593 2.006778 0.250000 0.025524
-2.001056 4.002635 1.001616 0.250000 -0.000239
-2.001618 4.003628 2.003379 0.250000 0.006507
-1.000200 -5.001233 1.000961 0.250000 0.009921
-1.000441 -5.002457 2.002178 0.250000 0.009621
-1.000837 -4.003509 1.002385 0.250000 0.009268
-1.001082 -4.004621 2.004684 0.250000 0.023809
-1.002903 -3.008717 1.006858 0.250000 -0.018156
-1.002491 -3.007700 2.010027 0.250000 0.040086
-1.008303 -2.016537 1.019603 0.250000 -0.022717
-1.005169 -2.010454 2.019666 0.250000 0.070032
-1.017135 -1.017135 1.045524 0.250000 0.157711
-1.008739 -1.008739 2.032440 0.250000 0.137043
-1.021944 0.000035 1.062597 0.250000 0.331099
-1.010606 0.000138 2.039197 0.250000 0.184724
-1.017120 1.017234 1.045403 0.250000 0.159277
-1.008719 1.009032 2.032288 0.250000 0.137293
-1.008267 2.016722 1.019311 0.250000 -0.023220
-1.005129 2.010776 2.019344 0.250000 0.067620
-1.002852 3.009045 1.006439 0.250000 -0.026584
-1.002440 3.008012 2.009601 0.250000 0.030865
-1.000838 4.004092 1.002319 0.250000 -0.007582
-1.001057 4.004898 2.004466 0.250000 0.007638
0.000018 -5.001426 1.001047 0.250000 0.009955
0.000069 -5.002680 2.002342 0.250000 0.010398
0.000010 -4.004113 1.002698 0.250000 0.007246
0.000082 -4.005120 2.005144 0.250000 0.025491
0.000016 -3.010559 1.008195 0.250000 -0.023796
0.000102 -3.008765 2.011297 0.250000 0.043682
0.000025 -2.020875 1.025426 0.250000 0.005045
0.000122 -2.012313 2.022962 0.250000 0.085098
0.000035 -1.021944 1.062597 0.250000 0.331098
0.000138 -1.010606 2.039197 0.250000 0.184724
0.000040 0.000040 1.086777 0.250000 0.605549
0.000144 0.000144 2.048045 0.250000 0.256459
0.000035 1.022053 1.062469 0.250000 0.332611
0.000137 1.010912 2.039038 0.250000 0.184847
0.000024 2.021076 1.025119 0.250000 0.004219
0.000121 2.012652 2.022625 0.250000 0.082295
0.000018 3.010918 1.007755 0.250000 -0.033074
0.000102 3.009097 2.010848 0.250000 0.033611
0.000028 4.004748 1.002620 0.250000 -0.010963
0.000089 4.005420 2.004906 0.250000 0.008047
1.000240 -5.001204 1.000923 0.250000 0.010507
1.000577 -5.002416 2.002135 0.250000 0.009848
1.000866 -4.003480 1.002321 0.250000 0.010328
1.001247 -4.004577 2.004609 0.250000 0.024227
1.002950 -3.008689 1.006772 0.250000 -0.016773
1.002702 -3.007657 2.009921 0.250000 0.040563
1.008378 -2.016513 1.019498 0.250000 -0.021183
1.005427 -2.010418 2.019534 0.250000 0.070430
1.017234 -1.017120 1.045403 0.250000 0.159278
1.009032 -1.008719 2.032288 0.250000 0.137292
1.022053 0.000035 1.062469 0.250000 0.332613
1.010912 0.000137 2.039038 0.250000 0.184846
1.017217 1.017217 1.045282 0.250000 0.160668
1.009009 1.009009 2.032139 0.250000 0.137362
1.008338 2.016695 1.019207 0.250000 -0.022054
1.005382 2.010737 2.019217 0.250000 0.067665
1.002902 3.009011 1.006359 0.250000 -0.025773
1.002650 3.007963 2.009506 0.250000 0.030843
1.000902 4.004055 1.002270 0.250000 -0.007241
1.001234 4.004849 2.004408 0.250000 0.007479
2.000299 -5.000700 1.000642 0.250000 0.010061
2.000850 -5.001798 2.001659 0.250000 0.007448
2.001088 -4.002118 1.001489 0.250000 0.013985
2.001812 -4.003329 2.003382 0.250000 0.019251
2.003443 -3.004986 1.004044 0.250000 -0.000368
2.003730 -3.005255 2.006918 0.250000 0.031929
2.008794 -2.008591 1.009740 0.250000 -0.031147
2.006944 -2.006597 2.012635 0.250000 0.045798
2.016722 -1.008267 1.019311 0.250000 -0.023220
2.010776 -1.005129 2.019344 0.250000 0.067620
2.021076 0.000024 1.025119 0.250000 0.004219
2.012652 0.000121 2.022625 0.250000 0.082296
2.016695 1.008338 1.019207 0.250000 -0.022054
2.010737 1.005382 2.019217 0.250000 0.067664
2.008727 2.008727 1.009490 0.250000 -0.031940
2.006867 2.006867 2.012369 0.250000 0.043387
2.003359 3.005220 1.003703 0.250000 -0.008205
2.003639 3.005499 2.006586 0.250000 0.023555
2.001136 4.002551 1.001509 0.250000 -0.001149
2.001785 4.003535 2.003271 0.250000 0.004915
3.000181 -5.000204 1.000382 0.250000 0.006933
3.000811 -5.001111 2.001164 0.250000 0.003233
3.000769 -4.000896 1.000694 0.250000 0.011692
3.001687 -4.002024 2.002101 0.250000 0.010635
3.002340 -3.002100 1.001864 0.250000 0.009003
3.003275 -3.002996 2.004016 0.250000 0.018887
3.005302 -2.003270 1.003892 0.250000 -0.007401
3.005593 -2.003429 2.006778 0.250000 0.025524
3.009045 -1.002852 1.006439 0.250000 -0.026584
3.008012 -1.002440 2.009601 0.250000 0.030865
3.010918 0.000018 1.007755 0.250000 -0.033073
3.009097 0.000102 2.010848 0.250000 0.033611
3.009011 1.002902 1.006359 0.250000 -0.025773
3.007963 1.002650 2.009506 0.250000 0.030842
3.005220 2.003359 1.003703 0.250000 -0.008205
3.005499 2.003639 2.006586 0.250000 0.023555
3.002238 3.002238 1.001634 0.250000 0.002771
3.003168 3.003168 2.003800 0.250000 0.012360
3.000822 4.001170 1.000817 0.250000 0.000225
3.001661 4.002159 2.002109 0.250000 -0.000288
4.000043 -4.999977 1.000448 0.250000 0.002664
4.000581 -5.000616 2.000936 0.250000 -0.001106
4.000396 -4.000281 1.000461 0.250000 0.004716
4.001202 -4.001104 2.001324 0.250000 0.001355
4.001266 -3.000732 1.000914 0.250000 0.004679
4.002257 -3.001538 2.002200 0.250000 0.004352
4.002635 -2.001056 1.001616 0.250000 -0.000238
4.003628 -2.001618 2.003379 0.250000 0.006507
4.004092 -1.000838 1.002319 0.250000 -0.007582
4.004898 -1.001057 2.004466 0.250000 0.007638
4.004748 0.000028 1.002620 0.250000 -0.010964
4.005420 0.000089 2.004906 0.250000 0.008047
4.004055 1.000902 1.002270 0.250000 -0.007241
4.004849 1.001234 2.004408 0.250000 0.007478
4.002551 2.001136 1.001509 0.250000 -0.001149
4.003535 2.001785 2.003271 0.250000 0.004916
4.001170 3.000822 1.000817 0.250000 0.000225
4.002159 3.001661 2.002109 0.250000 -0.000288
4.000445 4.000445 1.000658 0.250000 -0.002821
4.001196 4.001196 2.001435 0.250000 -0.006034
0.000000 0.000000 -1.000000 0.250000 0.000000
