-4.999749 -4.999749 0.000456 0.250000 0.010297
-4.999752 -3.999751 0.000236 0.250000 0.014651
-4.999938 -2.999872 0.000179 0.250000 0.019969
-5.000317 -2.000040 0.000098 0.250000 0.023362
-5.000758 -1.000112 -0.000019 0.250000 0.024226
-5.000968 -0.000039 -0.000078 0.250000 0.024427
-5.000766 1.000040 -0.000033 0.250000 0.025272
-5.000305 1.999986 0.000054 0.250000 0.024817
-4.999890 2.999864 0.000163 0.250000 0.020983
-4.999754 3.999837 0.000477 0.250000 0.015762
-3.999751 -4.999752 0.000236 0.250000 0.014652
-3.999903 -3.999903 -0.000106 0.250000 0.021164
-4.000568 -3.000375 -0.000365 0.250000 0.024559
-4.001921 -2.000913 -0.000808 0.250000 0.016714
-4.003591 -1.000890 -0.001291 0.250000 0.000336
-4.004407 -0.000060 -0.001498 0.250000 -0.008127
-4.003601 1.000775 -0.001313 0.250000 0.001923
-4.001905 2.000826 -0.000885 0.250000 0.018957
-4.000505 3.000376 -0.000439 0.250000 0.025905
-3.999916 4.000077 0.000140 0.250000 0.021944
-2.999872 -4.999938 0.000179 0.250000 0.019969
-3.000375 -4.000568 -0.000365 0.250000 0.024559
-3.002148 -3.002148 -0.001106 0.250000 0.008269
-3.006084 -2.004058 -0.002000 0.250000 -0.048267
-3.011491 -1.003876 -0.001952 0.250000 -0.118324
-3.014314 -0.000069 -0.001414 0.250000 -0.146657
-3.011497 1.003746 -0.001976 0.250000 -0.116299
-3.006058 2.003976 -0.002092 0.250000 -0.045359
-3.002072 3.002220 -0.001214 0.250000 0.009885
-3.000388 4.000921 -0.000135 0.250000 0.024550
-2.000040 -5.000317 0.000098 0.250000 0.023362
-2.000913 -4.001921 -0.000808 0.250000 0.016715
-2.004058 -3.006084 -0.002000 0.250000 -0.048267
-2.012071 -2.012071 -0.000210 0.250000 -0.176745
-2.024676 -1.012405 0.012062 0.250000 -0.217672
-2.031437 -0.000075 0.023086 0.250000 -0.168150
-2.024678 1.012267 0.012037 0.250000 -0.215271
-2.012041 2.012008 -0.000313 0.250000 -0.173398
-2.003982 3.006259 -0.002126 0.250000 -0.046618
-2.000918 4.002505 -0.000575 0.250000 0.015711
-1.000112 -5.000758 -0.000019 0.250000 0.024226
-1.000890 -4.003591 -0.001291 0.250000 0.000336
-1.003876 -3.011491 -0.001952 0.250000 -0.118324
-1.012405 -2.024676 0.012062 0.250000 -0.217672
-1.023533 -1.023533 0.070305 0.250000 0.208708
-1.030311 -0.000079 0.106121 0.250000 0.522573
-1.023532 1.023392 0.070276 0.250000 0.211555
-1.012384 2.024632 0.011947 0.250000 -0.214028
-1.003828 3.011757 -0.002089 0.250000 -0.116823
-1.000885 4.004376 -0.001046 0.250000 -0.001655
-0.000039 -5.000968 -0.000078 0.250000 0.024427
-0.000060 -4.004407 -0.001498 0.250000 -0.008127
-0.000069 -3.014314 -0.001414 0.250000 -0.146656
-0.000075 -2.031437 0.023086 0.250000 -0.168151
-0.000079 -1.030311 0.106121 0.250000 0.522571
-0.000079 -0.000079 0.160731 0.250000 1.038431
-0.000078 1.030170 0.106089 0.250000 0.525630
-0.000077 2.031402 0.022960 0.250000 -0.164400
-0.000070 3.014618 -0.001558 0.250000 -0.145316
-0.000044 4.005270 -0.001248 0.250000 -0.010675
1.000040 -5.000766 -0.000033 0.250000 0.025272
1.000775 -4.003601 -0.001313 0.250000 0.001924
1.003746 -3.011497 -0.001976 0.250000 -0.116298
1.012267 -2.024678 0.012037 0.250000 -0.215272
1.023392 -1.023532 0.070276 0.250000 0.211554
1.030170 -0.000078 0.106089 0.250000 0.525630
1.023392 1.023392 0.070245 0.250000 0.214375
1.012243 2.024634 0.011917 0.250000 -0.211737
1.003698 3.011762 -0.002118 0.250000 -0.115073
1.000805 4.004379 -0.001065 0.250000 -0.000524
1.999986 -5.000305 0.000054 0.250000 0.024817
2.000826 -4.001905 -0.000885 0.250000 0.018957
2.003976 -3.006058 -0.002092 0.250000 -0.045359
2.012008 -2.012041 -0.000313 0.250000 -0.173399
2.024632 -1.012384 0.011947 0.250000 -0.214028
2.031402 -0.000077 0.022960 0.250000 -0.164400
2.024634 1.012243 0.011917 0.250000 -0.211737
2.011976 2.011976 -0.000423 0.250000 -0.170361
2.003903 3.006228 -0.002221 0.250000 -0.044310
2.000871 4.002478 -0.000632 0.250000 0.017158
2.999864 -4.999890 0.000163 0.250000 0.020983
3.000376 -4.000505 -0.000439 0.250000 0.025905
3.002220 -3.002072 -0.001214 0.250000 0.009885
3.006259 -2.003982 -0.002126 0.250000 -0.046618
3.011757 -1.003828 -0.002089 0.250000 -0.116823
3.014618 -0.000070 -0.001558 0.250000 -0.145316
3.011762 1.003698 -0.002118 0.250000 -0.115072
3.006228 2.003903 -0.002221 0.250000 -0.044311
3.002145 3.002145 -0.001307 0.250000 0.010675
3.000424 4.000853 -0.000160 0.250000 0.025115
3.999837 -4.999754 0.000477 0.250000 0.015762
4.000077 -3.999916 0.000140 0.250000 0.021944
4.000921 -3.000388 -0.000135 0.250000 0.024550
4.002505 -2.000918 -0.000575 0.250000 0.015711
4.004376 -1.000885 -0.001046 0.250000 -0.001655
4.005270 -0.000044 -0.001248 0.250000 -0.010676
4.004379 1.000805 -0.001065 0.250000 -0.000524
4.002478 2.000871 -0.000632 0.250000 0.017158
4.000853 3.000424 -0.000160 0.250000 0.025115
4.000107 4.000107 0.000418 0.250000 0.021976
-4.999589 -4.999589 1.000441 0.250000 0.004607
-5.000095 -5.000095 2.000727 0.250000 0.001916
-4.999575 -3.999684 1.000371 0.250000 0.005870
-5.000394 -4.000362 2.000873 0.250000 0.002502
-4.999732 -2.999848 1.000594 0.250000 0.009253
-5.000902 -3.000578 2.001307 0.250000 0.005100
-5.000031 -2.000000 1.000905 0.250000 0.013231
-5.001526 -2.000613 2.001870 0.250000 0.008965
-5.000361 -1.000062 1.001167 0.250000 0.016542
-5.002068 -1.000390 2.002351 0.250000 0.012704
-5.000510 -0.000010 1.001269 0.250000 0.018344
-5.002279 0.000040 2.002537 0.250000 0.014804
-5.000350 1.000046 1.001148 0.250000 0.018242
-5.002036 1.000471 2.002324 0.250000 0.014415
-4.999990 1.999989 1.000845 0.250000 0.015831
-5.001460 2.000686 2.001812 0.250000 0.011660
-4.999662 2.999823 1.000532 0.250000 0.011459
-5.000819 3.000611 2.001259 0.250000 0.007647
-4.999578 3.999687 1.000538 0.250000 0.007713
-5.000366 4.000358 2.000976 0.250000 0.004391
-3.999684 -4.999575 1.000371 0.250000 0.005870
-4.000362 -5.000394 2.000873 0.250000 0.002503
-3.999807 -3.999807 1.000503 0.250000 0.010372
-4.000906 -4.000906 2.001395 0.250000 0.006244
-4.000312 -3.000228 1.001119 0.250000 0.017887
-4.001832 -3.001371 2.002466 0.250000 0.013811
-4.001283 -2.000629 1.001925 0.250000 0.023756
-4.003059 -2.001500 2.003845 0.250000 0.022871
-4.002456 -1.000615 1.002657 0.250000 0.025661
-4.004223 -1.001012 2.005080 0.250000 0.030285
-4.003023 -0.000020 1.002962 0.250000 0.026328
-4.004712 0.000049 2.005579 0.250000 0.033859
-4.002445 1.000583 1.002620 0.250000 0.028130
-4.004187 1.001116 2.005028 0.250000 0.032650
-4.001235 2.000613 1.001810 0.250000 0.027497
-4.002980 2.001605 2.003724 0.250000 0.026521
-4.000221 3.000215 1.000949 0.250000 0.020745
-4.001724 3.001436 2.002316 0.250000 0.016987
-3.999800 3.999862 1.000601 0.250000 0.012072
-4.000847 4.000923 2.001411 0.250000 0.008122
-2.999848 -4.999732 1.000594 0.250000 0.009253
-3.000578 -5.000902 2.001307 0.250000 0.005099
-3.000228 -4.000312 1.001119 0.250000 0.017887
-3.001371 -4.001832 2.002466 0.250000 0.013811
-3.001491 -3.001491 1.002439 0.250000 0.025693
-3.002831 -3.002831 2.004653 0.250000 0.027367
-3.004245 -2.002845 1.004411 0.250000 0.020155
-3.005036 -2.003330 2.007663 0.250000 0.040419
-3.008048 -1.002728 1.006785 0.250000 0.004966
-3.007415 -1.002425 2.010665 0.250000 0.049435
-3.010034 -0.000019 1.008038 0.250000 -0.001123
-3.008508 0.000065 2.011989 0.250000 0.053721
-3.008036 1.002705 1.006734 0.250000 0.008081
-3.007378 1.002569 2.010587 0.250000 0.052339
-3.004192 2.002859 1.004246 0.250000 0.024795
-3.004953 2.003490 2.007477 0.250000 0.044759
-3.001388 3.001550 1.002163 0.250000 0.028802
-3.002714 3.002964 2.004388 0.250000 0.030685
-3.000212 4.000502 1.001107 0.250000 0.018617
-3.001296 4.001914 2.002359 0.250000 0.014912
-2.000000 -5.000031 1.000905 0.250000 0.013232
-2.000613 -5.001526 2.001870 0.250000 0.008965
-2.000629 -4.001283 1.001925 0.250000 0.023755
-2.001500 -4.003059 2.003845 0.250000 0.022871
-2.002845 -3.004245 1.004411 0.250000 0.020154
-2.003330 -3.005036 2.007663 0.250000 0.040420
-2.008518 -2.008518 1.009692 0.250000 -0.013205
-2.006547 -2.006547 2.013631 0.250000 0.054385
-2.017469 -1.008821 1.019233 0.250000 -0.027037
-2.010559 -1.005245 2.020622 0.250000 0.068122
-2.022512 -0.000015 1.025331 0.250000 -0.013412
-2.012575 0.000083 2.024086 0.250000 0.077961
-2.017456 1.008813 1.019168 0.250000 -0.023449
-2.010527 1.005430 2.020520 0.250000 0.071382
-2.008468 2.008573 1.009482 0.250000 -0.008067
-2.006475 2.006768 2.013382 0.250000 0.059037
-2.002750 3.004402 1.004036 0.250000 0.022915
-2.003225 3.005250 2.007285 0.250000 0.043307
-2.000610 4.001652 1.001810 0.250000 0.022851
-2.001429 4.003230 2.003610 0.250000 0.022506
-1.000062 -5.000361 1.001167 0.250000 0.016542
-1.000390 -5.002068 2.002351 0.250000 0.012704
-1.000615 -4.002456 1.002657 0.250000 0.025661
-1.001012 -4.004223 2.005080 0.250000 0.030285
-1.002728 -3.008048 1.006785 0.250000 0.004966
-1.002425 -3.007415 2.010665 0.250000 0.049435
-1.008821 -2.017469 1.019233 0.250000 -0.027038
-1.005245 -2.010559 2.020622 0.250000 0.068122
-1.019229 -1.019229 1.047175 0.250000 0.090448
-1.009171 -1.009171 2.034115 0.250000 0.108340
-1.024978 -0.000009 1.066392 0.250000 0.227865
-1.011275 0.000097 2.041422 0.250000 0.141333
-1.019220 1.019237 1.047097 0.250000 0.094368
-1.009152 1.009389 2.033994 0.250000 0.111775
-1.008789 2.017560 1.018983 0.250000 -0.021723
-1.005202 2.010829 2.020325 0.250000 0.072787
-1.002669 3.008289 1.006334 0.250000 0.007066
-1.002362 3.007695 2.010201 0.250000 0.051631
-1.000597 4.002981 1.002466 0.250000 0.023012
-1.000965 4.004468 2.004747 0.250000 0.028340
-0.000010 -5.000510 1.001269 0.250000 0.018344
0.000040 -5.002279 2.002537 0.250000 0.014804
-0.000020 -4.003023 1.002962 0.250000 0.026327
0.000049 -4.004712 2.005579 0.250000 0.033858
-0.000019 -3.010034 1.008038 0.250000 -0.001122
0.000065 -3.008508 2.011989 0.250000 0.053721
-0.000015 -2.022512 1.025331 0.250000 -0.013412
0.000083 -2.012575 2.024086 0.250000 0.077962
-0.000009 -1.024978 1.066392 0.250000 0.227865
0.000097 -1.011275 2.041422 0.250000 0.141333
-0.000006 -0.000006 1.094036 0.250000 0.454324
0.000102 0.000102 2.051119 0.250000 0.193645
-0.000009 1.024994 1.066307 0.250000 0.231894
0.000097 1.011506 2.041293 0.250000 0.144781
-0.000015 2.022618 1.025064 0.250000 -0.008126
0.000083 2.012863 2.023770 0.250000 0.082509
-0.000018 3.010308 1.007556 0.250000 0.000532
0.000067 3.008813 2.011494 0.250000 0.055454
-0.000007 4.003608 1.002743 0.250000 0.022743
0.000057 4.004986 2.005211 0.250000 0.031051
1.000046 -5.000350 1.001148 0.250000 0.018242
1.000471 -5.002036 2.002324 0.250000 0.014415
1.000583 -4.002445 1.002620 0.250000 0.028130
1.001116 -4.004187 2.005028 0.250000 0.032650
1.002705 -3.008036 1.006734 0.250000 0.008081
1.002569 -3.007378 2.010587 0.250000 0.052338
1.008813 -2.017456 1.019168 0.250000 -0.023448
1.005430 -2.010527 2.020520 0.250000 0.071382
1.019237 -1.019220 1.047097 0.250000 0.094368
1.009389 -1.009152 2.033994 0.250000 0.111776
1.024994 -0.000009 1.066307 0.250000 0.231894
1.011506 0.000097 2.041293 0.250000 0.144780
1.019228 1.019228 1.047018 0.250000 0.098191
1.009370 1.009370 2.033872 0.250000 0.115069
1.008779 2.017547 1.018915 0.250000 -0.018369
1.005386 2.010795 2.020223 0.250000 0.075747
1.002646 3.008274 1.006282 0.250000 0.009753
1.002507 3.007655 2.010127 0.250000 0.054066
1.000593 4.002962 1.002435 0.250000 0.024871
1.001083 4.004428 2.004704 0.250000 0.030110
1.999989 -4.999990 1.000845 0.250000 0.015831
2.000686 -5.001460 2.001812 0.250000 0.011660
2.000613 -4.001235 1.001810 0.250000 0.027497
2.001605 -4.002980 2.003724 0.250000 0.026520
2.002859 -3.004192 1.004246 0.250000 0.024794
2.003490 -3.004953 2.007477 0.250000 0.044759
2.008573 -2.008468 1.009482 0.250000 -0.008067
2.006768 -2.006475 2.013382 0.250000 0.059037
2.017560 -1.008789 1.018983 0.250000 -0.021723
2.010829 -1.005202 2.020325 0.250000 0.072787
2.022618 -0.000015 1.025064 0.250000 -0.008128
2.012863 0.000083 2.023770 0.250000 0.082507
2.017547 1.008779 1.018915 0.250000 -0.018370
2.010795 1.005386 2.020223 0.250000 0.075747
2.008520 2.008520 1.009267 0.250000 -0.003465
2.006693 2.006693 2.013135 0.250000 0.063068
2.002763 3.004340 1.003875 0.250000 0.026669
2.003384 3.005161 2.007110 0.250000 0.046725
2.000622 4.001591 1.001719 0.250000 0.025472
2.001546 4.003145 2.003513 0.250000 0.025054
2.999823 -4.999662 1.000532 0.250000 0.011459
3.000611 -5.000819 2.001259 0.250000 0.007647
3.000215 -4.000221 1.000949 0.250000 0.020745
3.001436 -4.001724 2.002316 0.250000 0.016987
3.001550 -3.001388 1.002163 0.250000 0.028802
3.002964 -3.002714 2.004388 0.250000 0.030684
3.004402 -2.002750 1.004036 0.250000 0.022915
3.005250 -2.003225 2.007285 0.250000 0.043307
3.008289 -1.002669 1.006334 0.250000 0.007066
3.007695 -1.002362 2.010201 0.250000 0.051631
3.010308 -0.000018 1.007556 0.250000 0.000532
3.008813 0.000067 2.011494 0.250000 0.055453
3.008274 1.002646 1.006282 0.250000 0.009752
3.007655 1.002507 2.010127 0.250000 0.054066
3.004340 2.002763 1.003875 0.250000 0.026670
3.005161 2.003384 2.007110 0.250000 0.046725
3.001442 3.001442 1.001911 0.250000 0.030666
3.002843 3.002843 2.004150 0.250000 0.032733
3.000228 4.000406 1.000996 0.250000 0.020185
3.001375 4.001808 2.002255 0.250000 0.016703
3.999687 -4.999578 1.000538 0.250000 0.007713
4.000358 -5.000366 2.000976 0.250000 0.004391
3.999862 -3.999800 1.000601 0.250000 0.012072
4.000923 -4.000847 2.001411 0.250000 0.008122
4.000502 -3.000212 1.001107 0.250000 0.018616
4.001914 -3.001296 2.002359 0.250000 0.014912
4.001652 -2.000610 1.001810 0.250000 0.022850
4.003230 -2.001429 2.003610 0.250000 0.022506
4.002981 -1.000597 1.002466 0.250000 0.023013
4.004468 -1.000965 2.004747 0.250000 0.028340
4.003608 -0.000007 1.002743 0.250000 0.022743
4.004986 0.000057 2.005211 0.250000 0.031051
4.002962 1.000593 1.002435 0.250000 0.024871
4.004428 1.001083 2.004704 0.250000 0.030110
4.001591 2.000622 1.001719 0.250000 0.025472
4.003145 2.001546 2.003513 0.250000 0.025054
4.000406 3.000228 1.000996 0.250000 0.020185
4.001808 3.001375 2.002255 0.250000 0.016703
3.999881 3.999881 1.000756 0.250000 0.012483
4.000888 4.000888 2.001480 0.250000 0.008574
0.000000 0.000000 -1.000000 0.250000 0.000000
