-4.999809 -4.999809 0.000401 0.250000 0.011645
-4.999855 -3.999825 0.000159 0.250000 0.016088
-5.000105 -2.999953 0.000077 0.250000 0.020466
-5.000544 -2.000110 -0.000017 0.250000 0.022136
-5.001025 -1.000151 -0.000135 0.250000 0.021334
-5.001245 -0.000032 -0.000194 0.250000 0.020833
-5.001025 1.000094 -0.000154 0.250000 0.022262
-5.000521 2.000077 -0.000068 0.250000 0.023207
-5.000050 2.999973 0.000058 0.250000 0.020594
-4.999867 3.999945 0.000398 0.250000 0.015643
-3.999825 -4.999855 0.000159 0.250000 0.016088
-4.000028 -4.000028 -0.000214 0.250000 0.021861
-4.000757 -3.000502 -0.000485 0.250000 0.022454
-4.002148 -2.001006 -0.000880 0.250000 0.010721
-4.003809 -1.000930 -0.001275 0.250000 -0.008679
-4.004607 -0.000054 -0.001438 0.250000 -0.018186
-4.003810 1.000830 -0.001305 0.250000 -0.007185
-4.002118 2.000943 -0.000968 0.250000 0.012538
-4.000689 3.000539 -0.000563 0.250000 0.022661
-4.000054 4.000247 0.000032 0.250000 0.020509
-2.999953 -5.000105 0.000077 0.250000 0.020466
-3.000502 -4.000757 -0.000485 0.250000 0.022455
-3.002292 -3.002292 -0.001133 0.250000 0.000829
-3.006118 -2.004070 -0.001735 0.250000 -0.060258
-3.011283 -1.003794 -0.001335 0.250000 -0.131023
-3.013961 -0.000062 -0.000657 0.250000 -0.158692
-3.011282 1.003683 -0.001369 0.250000 -0.129083
-3.006082 2.004018 -0.001841 0.250000 -0.057840
-3.002213 3.002408 -0.001246 0.250000 0.001045
-3.000529 4.001161 -0.000249 0.250000 0.019788
-2.000110 -5.000544 -0.000017 0.250000 0.022136
-2.001006 -4.002148 -0.000880 0.250000 0.010722
-2.004070 -3.006118 -0.001735 0.250000 -0.060258
-2.011679 -2.011679 0.000694 0.250000 -0.187165
-2.023528 -1.011820 0.013149 0.250000 -0.216396
-2.029861 -0.000065 0.023910 0.250000 -0.158983
-2.023524 1.011707 0.013112 0.250000 -0.214095
-2.011641 2.011655 0.000576 0.250000 -0.184390
-2.003994 3.006345 -0.001866 0.250000 -0.060243
-2.001022 4.002783 -0.000637 0.250000 0.006648
-1.000151 -5.001025 -0.000135 0.250000 0.021334
-1.000930 -4.003809 -0.001275 0.250000 -0.008678
-1.003794 -3.011283 -0.001335 0.250000 -0.131023
-1.011820 -2.023528 0.013149 0.250000 -0.216396
-1.022246 -1.022246 0.069193 0.250000 0.244156
-1.028590 -0.000067 0.103402 0.250000 0.577451
-1.022242 1.022135 0.069150 0.250000 0.246853
-1.011795 2.023529 0.013017 0.250000 -0.213424
-1.003746 3.011606 -0.001477 0.250000 -0.131339
-1.000930 4.004642 -0.001015 0.250000 -0.014012
-0.000032 -5.001245 -0.000194 0.250000 0.020833
-0.000054 -4.004607 -0.001438 0.250000 -0.018186
-0.000062 -3.013961 -0.000657 0.250000 -0.158693
-0.000065 -2.029861 0.023910 0.250000 -0.158982
-0.000067 -1.028590 0.103402 0.250000 0.577450
-0.000066 -0.000066 0.155378 0.250000 1.121347
-0.000067 1.028481 0.103355 0.250000 0.580313
-0.000067 2.029874 0.023767 0.250000 -0.155986
-0.000061 3.014322 -0.000804 0.250000 -0.159271
-0.000034 4.005518 -0.001168 0.250000 -0.024208
1.000094 -5.001025 -0.000154 0.250000 0.022263
1.000830 -4.003810 -0.001305 0.250000 -0.007185
1.003683 -3.011282 -0.001369 0.250000 -0.129083
1.011707 -2.023524 0.013112 0.250000 -0.214095
1.022135 -1.022242 0.069150 0.250000 0.246853
1.028481 -0.000067 0.103355 0.250000 0.580314
1.022131 1.022131 0.069105 0.250000 0.249485
1.011679 2.023525 0.012976 0.250000 -0.211305
1.003637 3.011603 -0.001513 0.250000 -0.129772
1.000872 4.004637 -0.001038 0.250000 -0.013083
2.000077 -5.000521 -0.000068 0.250000 0.023207
2.000943 -4.002118 -0.000968 0.250000 0.012538
2.004018 -3.006082 -0.001841 0.250000 -0.057840
2.011655 -2.011641 0.000576 0.250000 -0.184390
2.023529 -1.011795 0.013017 0.250000 -0.213425
2.029874 -0.000067 0.023767 0.250000 -0.155986
2.023525 1.011679 0.012976 0.250000 -0.211305
2.011615 2.011615 0.000452 0.250000 -0.182052
2.003947 3.006303 -0.001972 0.250000 -0.058589
2.001003 4.002743 -0.000700 0.250000 0.007509
2.999973 -5.000050 0.000058 0.250000 0.020594
3.000539 -4.000689 -0.000563 0.250000 0.022661
3.002408 -3.002213 -0.001246 0.250000 0.001044
3.006345 -2.003994 -0.001866 0.250000 -0.060243
3.011606 -1.003746 -0.001477 0.250000 -0.131340
3.014322 -0.000061 -0.000804 0.250000 -0.159271
3.011603 1.003637 -0.001513 0.250000 -0.129773
3.006303 2.003947 -0.001972 0.250000 -0.058588
3.002331 3.002331 -0.001341 0.250000 0.000260
3.000600 4.001088 -0.000275 0.250000 0.019098
3.999945 -4.999867 0.000398 0.250000 0.015644
4.000247 -4.000054 0.000032 0.250000 0.020509
4.001161 -3.000529 -0.000249 0.250000 0.019788
4.002783 -2.001022 -0.000637 0.250000 0.006648
4.004642 -1.000930 -0.001014 0.250000 -0.014012
4.005518 -0.000034 -0.001168 0.250000 -0.024208
4.004637 1.000872 -0.001038 0.250000 -0.013083
4.002743 2.001003 -0.000700 0.250000 0.007509
4.001088 3.000600 -0.000275 0.250000 0.019098
4.000287 4.000287 0.000314 0.250000 0.018446
-4.999669 -4.999669 1.000416 0.250000 0.005636
-5.000154 -5.000154 2.000716 0.250000 0.002712
-4.999701 -3.999777 1.000339 0.250000 0.007445
-5.000473 -4.000420 2.000857 0.250000 0.003853
-4.999923 -2.999946 1.000544 0.250000 0.010622
-5.001004 -3.000630 2.001278 0.250000 0.006512
-5.000291 -2.000086 1.000837 0.250000 0.013669
-5.001651 -2.000651 2.001822 0.250000 0.009915
-5.000673 -1.000109 1.001085 0.250000 0.015905
-5.002209 -1.000406 2.002287 0.250000 0.013021
-5.000839 -0.000001 1.001179 0.250000 0.017190
-5.002424 0.000052 2.002462 0.250000 0.014740
-5.000655 1.000113 1.001058 0.250000 0.017374
-5.002172 1.000509 2.002252 0.250000 0.014364
-5.000239 2.000096 1.000766 0.250000 0.015635
-5.001579 2.000744 2.001753 0.250000 0.011754
-4.999847 2.999945 1.000474 0.250000 0.011571
-5.000919 3.000682 2.001220 0.250000 0.007603
-4.999711 3.999809 1.000500 0.250000 0.007395
-5.000450 4.000438 2.000955 0.250000 0.003798
-3.999777 -4.999701 1.000339 0.250000 0.007445
-4.000420 -5.000473 2.000857 0.250000 0.003853
-3.999958 -3.999958 1.000447 0.250000 0.012303
-4.000984 -4.000984 2.001359 0.250000 0.008179
-4.000550 -3.000394 1.001027 0.250000 0.018563
-4.001935 -3.001441 2.002394 0.250000 0.015355
-4.001612 -2.000775 1.001809 0.250000 0.021953
-4.003189 -2.001553 2.003729 0.250000 0.023197
-4.002846 -1.000696 1.002536 0.250000 0.021608
-4.004371 -1.001036 2.004930 0.250000 0.029363
-4.003430 -0.000010 1.002839 0.250000 0.021367
-4.004865 0.000062 2.005412 0.250000 0.032318
-4.002828 1.000685 1.002487 0.250000 0.023794
-4.004331 1.001165 2.004867 0.250000 0.031243
-4.001553 2.000783 1.001677 0.250000 0.024857
-4.003105 2.001681 2.003593 0.250000 0.025687
-4.000456 3.000410 1.000846 0.250000 0.019665
-4.001827 3.001527 2.002232 0.250000 0.016508
-3.999963 4.000050 1.000542 0.250000 0.011298
-4.000933 4.001024 2.001372 0.250000 0.007324
-2.999946 -4.999923 1.000544 0.250000 0.010622
-3.000630 -5.001004 2.001278 0.250000 0.006512
-3.000394 -4.000550 1.001027 0.250000 0.018563
-3.001441 -4.001935 2.002394 0.250000 0.015355
-3.001748 -3.001748 1.002314 0.250000 0.023209
-3.002928 -3.002928 2.004516 0.250000 0.027610
-3.004558 -2.003041 1.004321 0.250000 0.014071
-3.005154 -2.003401 2.007464 0.250000 0.038810
-3.008329 -1.002804 1.006775 0.250000 -0.002537
-3.007537 -1.002454 2.010423 0.250000 0.046766
-3.010273 -0.000007 1.008058 0.250000 -0.008683
-3.008625 0.000080 2.011727 0.250000 0.050702
-3.008311 1.002805 1.006709 0.250000 0.000221
-3.007496 1.002625 2.010332 0.250000 0.049050
-3.004496 2.003083 1.004136 0.250000 0.017636
-3.005068 2.003586 2.007259 0.250000 0.041661
-3.001645 3.001841 1.002028 0.250000 0.024037
-3.002813 3.003083 2.004238 0.250000 0.028316
-3.000392 4.000779 1.001018 0.250000 0.015795
-3.001377 4.002042 2.002288 0.250000 0.012936
-2.000086 -5.000291 1.000837 0.250000 0.013669
-2.000651 -5.001651 2.001822 0.250000 0.009915
-2.000775 -4.001612 1.001809 0.250000 0.021953
-2.001553 -4.003189 2.003729 0.250000 0.023197
-2.003041 -3.004558 1.004321 0.250000 0.014072
-2.003401 -3.005154 2.007464 0.250000 0.038810
-2.008605 -2.008605 1.009771 0.250000 -0.019652
-2.006609 -2.006609 2.013364 0.250000 0.052081
-2.017204 -1.008670 1.019369 0.250000 -0.027322
-2.010558 -1.005235 2.020282 0.250000 0.067890
-2.022009 -0.000001 1.025391 0.250000 -0.009403
-2.012526 0.000099 2.023694 0.250000 0.079194
-2.017187 1.008691 1.019288 0.250000 -0.024174
-2.010524 1.005451 2.020165 0.250000 0.070400
-2.008550 2.008694 1.009537 0.250000 -0.015827
-2.006536 2.006857 2.013094 0.250000 0.054938
-2.002947 3.004752 1.003939 0.250000 0.014079
-2.003300 3.005390 2.007078 0.250000 0.038565
-2.000769 4.002017 1.001706 0.250000 0.016896
-2.001493 4.003382 2.003504 0.250000 0.018647
-1.000109 -5.000673 1.001085 0.250000 0.015905
-1.000406 -5.002209 2.002287 0.250000 0.013021
-1.000696 -4.002846 1.002536 0.250000 0.021608
-1.001036 -4.004371 2.004930 0.250000 0.029363
-1.002804 -3.008329 1.006775 0.250000 -0.002536
-1.002454 -3.007537 2.010423 0.250000 0.046765
-1.008670 -2.017204 1.019369 0.250000 -0.027322
-1.005235 -2.010558 2.020282 0.250000 0.067890
-1.018538 -1.018538 1.046687 0.250000 0.109502
-1.009049 -1.009049 2.033559 0.250000 0.115874
-1.023963 0.000006 1.065194 0.250000 0.258369
-1.011076 0.000114 2.040692 0.250000 0.153378
-1.018527 1.018579 1.046590 0.250000 0.112895
-1.009029 1.009300 2.033422 0.250000 0.118461
-1.008635 2.017332 1.019096 0.250000 -0.023518
-1.005192 2.010854 2.019966 0.250000 0.070535
-1.002746 3.008609 1.006319 0.250000 -0.003533
-1.002393 3.007837 2.009955 0.250000 0.045461
-1.000685 4.003403 1.002367 0.250000 0.014368
-1.000995 4.004637 2.004616 0.250000 0.022783
-0.000001 -5.000839 1.001179 0.250000 0.017189
0.000052 -5.002424 2.002462 0.250000 0.014740
-0.000010 -4.003430 1.002839 0.250000 0.021368
0.000062 -4.004865 2.005412 0.250000 0.032317
-0.000007 -3.010273 1.008058 0.250000 -0.008683
0.000080 -3.008625 2.011727 0.250000 0.050702
-0.000001 -2.022009 1.025391 0.250000 -0.009403
0.000099 -2.012526 2.023694 0.250000 0.079194
0.000006 -1.023963 1.065194 0.250000 0.258368
0.000114 -1.011076 2.040692 0.250000 0.153376
0.000010 0.000010 1.091676 0.250000 0.500272
0.000120 0.000120 2.050116 0.250000 0.211734
0.000006 1.024013 1.065090 0.250000 0.261818
0.000114 1.011340 2.040548 0.250000 0.155926
-0.000002 2.022152 1.025101 0.250000 -0.005727
0.000099 2.012840 2.023360 0.250000 0.081623
-0.000006 3.010585 1.007575 0.250000 -0.010276
0.000082 3.008949 2.011229 0.250000 0.048786
0.000005 4.004045 1.002648 0.250000 0.013008
0.000070 4.005158 2.005067 0.250000 0.024700
1.000113 -5.000655 1.001058 0.250000 0.017374
1.000509 -5.002172 2.002252 0.250000 0.014363
1.000685 -4.002828 1.002487 0.250000 0.023793
1.001165 -4.004331 2.004867 0.250000 0.031243
1.002805 -3.008311 1.006709 0.250000 0.000221
1.002625 -3.007496 2.010332 0.250000 0.049050
1.008691 -2.017187 1.019288 0.250000 -0.024175
1.005451 -2.010524 2.020165 0.250000 0.070401
1.018579 -1.018527 1.046590 0.250000 0.112895
1.009300 -1.009029 2.033422 0.250000 0.118460
1.024013 0.000006 1.065090 0.250000 0.261819
1.011340 0.000114 2.040548 0.250000 0.155925
1.018567 1.018567 1.046493 0.250000 0.116155
1.009279 1.009279 2.033286 0.250000 0.120881
1.008654 2.017313 1.019012 0.250000 -0.020665
1.005406 2.010818 2.019850 0.250000 0.072709
1.002749 3.008586 1.006254 0.250000 -0.001278
1.002566 3.007793 2.009869 0.250000 0.047238
1.000705 4.003377 1.002327 0.250000 0.015863
1.001139 4.004592 2.004564 0.250000 0.024031
2.000096 -5.000239 1.000766 0.250000 0.015635
2.000744 -5.001579 2.001753 0.250000 0.011754
2.000783 -4.001553 1.001677 0.250000 0.024857
2.001681 -4.003105 2.003593 0.250000 0.025687
2.003083 -3.004496 1.004136 0.250000 0.017636
2.003586 -3.005068 2.007259 0.250000 0.041661
2.008694 -2.008550 1.009537 0.250000 -0.015828
2.006857 -2.006536 2.013094 0.250000 0.054937
2.017332 -1.008635 1.019096 0.250000 -0.023518
2.010854 -1.005192 2.019966 0.250000 0.070536
2.022152 -0.000002 1.025101 0.250000 -0.005727
2.012840 0.000099 2.023360 0.250000 0.081623
2.017313 1.008654 1.019012 0.250000 -0.020664
2.010818 1.005406 2.019850 0.250000 0.072709
2.008634 2.008634 1.009302 0.250000 -0.012639
2.006779 2.006779 2.012832 0.250000 0.057119
2.002989 3.004681 1.003761 0.250000 0.016644
2.003483 3.005297 2.006888 0.250000 0.040447
2.000806 4.001946 1.001605 0.250000 0.018584
2.001632 4.003292 2.003397 0.250000 0.020014
2.999945 -4.999847 1.000474 0.250000 0.011570
3.000682 -5.000919 2.001220 0.250000 0.007603
3.000410 -4.000456 1.000846 0.250000 0.019665
3.001527 -4.001827 2.002232 0.250000 0.016508
3.001841 -3.001645 1.002028 0.250000 0.024037
3.003083 -3.002813 2.004238 0.250000 0.028316
3.004752 -2.002947 1.003939 0.250000 0.014079
3.005390 -2.003300 2.007078 0.250000 0.038565
3.008609 -1.002746 1.006319 0.250000 -0.003533
3.007837 -1.002393 2.009955 0.250000 0.045461
3.010585 -0.000006 1.007575 0.250000 -0.010276
3.008949 0.000082 2.011229 0.250000 0.048787
3.008586 1.002749 1.006254 0.250000 -0.001278
3.007793 1.002566 2.009869 0.250000 0.047237
3.004681 2.002989 1.003761 0.250000 0.016645
3.005297 2.003483 2.006888 0.250000 0.040447
3.001733 3.001733 1.001771 0.250000 0.023536
3.002963 3.002963 2.003995 0.250000 0.027748
3.000437 4.000680 1.000904 0.250000 0.015607
3.001476 4.001935 2.002179 0.250000 0.012774
3.999809 -4.999711 1.000500 0.250000 0.007395
4.000438 -5.000450 2.000955 0.250000 0.003799
4.000050 -3.999963 1.000542 0.250000 0.011298
4.001024 -4.000933 2.001372 0.250000 0.007324
4.000779 -3.000392 1.001018 0.250000 0.015795
4.002042 -3.001377 2.002288 0.250000 0.012936
4.002017 -2.000769 1.001706 0.250000 0.016896
4.003382 -2.001493 2.003504 0.250000 0.018647
4.003403 -1.000685 1.002367 0.250000 0.014368
4.004637 -1.000995 2.004616 0.250000 0.022783
4.004045 0.000005 1.002648 0.250000 0.013008
4.005158 0.000070 2.005067 0.250000 0.024700
4.003377 1.000705 1.002327 0.250000 0.015863
4.004592 1.001139 2.004564 0.250000 0.024031
4.001946 2.000806 1.001605 0.250000 0.018585
4.003292 2.001632 2.003397 0.250000 0.020014
4.000680 3.000437 1.000904 0.250000 0.015607
4.001935 3.001476 2.002179 0.250000 0.012775
4.000078 4.000078 1.000699 0.250000 0.009182
4.000996 4.000996 2.001443 0.250000 0.005252
0.000000 0.000000 -1.000000 0.250000 0.000000
