-5.000099 -5.000099 0.001084 0.250000 1.083723
-5.000131 -4.000105 0.001202 0.250000 1.201887
-5.000171 -3.000102 0.001326 0.250000 1.326030
-5.000213 -2.000085 0.001442 0.250000 1.442336
-5.000247 -1.000049 0.001529 0.250000 1.528513
-5.000261 0.000000 0.001561 0.250000 1.560806
-5.000247 1.000049 0.001529 0.250000 1.528513
-5.000213 2.000085 0.001442 0.250000 1.442336
-5.000171 3.000102 0.001326 0.250000 1.326030
-5.000131 4.000105 0.001202 0.250000 1.201887
-4.000105 -5.000131 0.001202 0.250000 1.201887
-4.000149 -4.000149 0.001369 0.250000 1.369123
-4.000209 -3.000157 0.001561 0.250000 1.560806
-4.000282 -2.000141 0.001759 0.250000 1.759103
-4.000349 -1.000087 0.001921 0.250000 1.920537
-4.000378 0.000000 0.001985 0.250000 1.984764
-4.000349 1.000087 0.001921 0.250000 1.920537
-4.000282 2.000141 0.001759 0.250000 1.759103
-4.000209 3.000157 0.001561 0.250000 1.560806
-4.000149 4.000149 0.001369 0.250000 1.369123
-3.000102 -5.000171 0.001326 0.250000 1.326030
-3.000157 -4.000209 0.001561 0.250000 1.560806
-3.000243 -3.000243 0.001862 0.250000 1.862017
-3.000368 -2.000245 0.002223 0.250000 2.222632
-3.000505 -1.000168 0.002567 0.250000 2.566584
-3.000569 0.000000 0.002720 0.250000 2.719559
-3.000505 1.000168 0.002567 0.250000 2.566584
-3.000368 2.000245 0.002223 0.250000 2.222632
-3.000243 3.000243 0.001862 0.250000 1.862017
-3.000157 4.000209 0.001561 0.250000 1.560806
-2.000085 -5.000213 0.001442 0.250000 1.442336
-2.000141 -4.000282 0.001759 0.250000 1.759103
-2.000245 -3.000368 0.002223 0.250000 2.222632
-2.000432 -2.000432 0.002901 0.250000 2.901235
-2.000680 -1.000340 0.003742 0.250000 3.742276
-2.000805 0.000000 0.004204 0.250000 4.203808
-2.000680 1.000340 0.003742 0.250000 3.742276
-2.000432 2.000432 0.002901 0.250000 2.901235
-2.000245 3.000368 0.002223 0.250000 2.222632
-2.000141 4.000282 0.001759 0.250000 1.759103
-1.000049 -5.000247 0.001529 0.250000 1.528513
-1.000087 -4.000349 0.001921 0.250000 1.920537
-1.000168 -3.000505 0.002567 0.250000 2.566584
-1.000340 -2.000680 0.003742 0.250000 3.742276
-1.000541 -1.000541 0.005670 0.250000 5.669873
-1.000663 0.000000 0.006685 0.250000 6.685437
-1.000541 1.000541 0.005670 0.250000 5.669873
-1.000340 2.000680 0.003742 0.250000 3.742276
-1.000168 3.000505 0.002567 0.250000 2.566584
-1.000087 4.000349 0.001921 0.250000 1.920537
0.000000 -5.000261 0.001561 0.250000 1.560806
0.000000 -4.000378 0.001985 0.250000 1.984764
0.000000 -3.000569 0.002720 0.250000 2.719559
0.000000 -2.000805 0.004204 0.250000 4.203808
0.000000 -1.000663 0.006685 0.250000 6.685437
0.000000 0.000000 0.008125 0.250000 8.125000
0.000000 1.000663 0.006685 0.250000 6.685437
0.000000 2.000805 0.004204 0.250000 4.203808
0.000000 3.000569 0.002720 0.250000 2.719559
0.000000 4.000378 0.001985 0.250000 1.984764
1.000049 -5.000247 0.001529 0.250000 1.528513
1.000087 -4.000349 0.001921 0.250000 1.920537
1.000168 -3.000505 0.002567 0.250000 2.566584
1.000340 -2.000680 0.003742 0.250000 3.742276
1.000541 -1.000541 0.005670 0.250000 5.669873
1.000663 0.000000 0.006685 0.250000 6.685437
1.000541 1.000541 0.005670 0.250000 5.669873
1.000340 2.000680 0.003742 0.250000 3.742276
1.000168 3.000505 0.002567 0.250000 2.566584
1.000087 4.000349 0.001921 0.250000 1.920537
2.000085 -5.000213 0.001442 0.250000 1.442336
2.000141 -4.000282 0.001759 0.250000 1.759103
2.000245 -3.000368 0.002223 0.250000 2.222632
2.000432 -2.000432 0.002901 0.250000 2.901235
2.000680 -1.000340 0.003742 0.250000 3.742276
2.000805 0.000000 0.004204 0.250000 4.203808
2.000680 1.000340 0.003742 0.250000 3.742276
2.000432 2.000432 0.002901 0.250000 2.901235
2.000245 3.000368 0.002223 0.250000 2.222632
2.000141 4.000282 0.001759 0.250000 1.759103
3.000102 -5.000171 0.001326 0.250000 1.326030
3.000157 -4.000209 0.001561 0.250000 1.560806
3.000243 -3.000243 0.001862 0.250000 1.862017
3.000368 -2.000245 0.002223 0.250000 2.222632
3.000505 -1.000168 0.002567 0.250000 2.566584
3.000569 0.000000 0.002720 0.250000 2.719559
3.000505 1.000168 0.002567 0.250000 2.566584
3.000368 2.000245 0.002223 0.250000 2.222632
3.000243 3.000243 0.001862 0.250000 1.862017
3.000157 4.000209 0.001561 0.250000 1.560806
4.000105 -5.000131 0.001202 0.250000 1.201887
4.000149 -4.000149 0.001369 0.250000 1.369123
4.000209 -3.000157 0.001561 0.250000 1.560806
4.000282 -2.000141 0.001759 0.250000 1.759103
4.000349 -1.000087 0.001921 0.250000 1.920537
4.000378 0.000000 0.001985 0.250000 1.984764
4.000349 1.000087 0.001921 0.250000 1.920537
4.000282 2.000141 0.001759 0.250000 1.759103
4.000209 3.000157 0.001561 0.250000 1.560806
4.000149 4.000149 0.001369 0.250000 1.369123
-5.000182 -5.000182 1.001106 0.250000 1.106022
-5.000240 -5.000240 2.001131 0.250000 1.131346
-5.000237 -4.000190 1.001230 0.250000 1.229561
-5.000305 -4.000244 2.001258 0.250000 1.258084
-5.000303 -3.000182 1.001359 0.250000 1.359335
-5.000380 -3.000228 2.001390 0.250000 1.389725
-5.000372 -2.000149 1.001481 0.250000 1.480619
-5.000455 -2.000182 2.001511 0.250000 1.510996
-5.000426 -1.000085 1.001570 0.250000 1.570138
-5.000512 -1.000102 2.001599 0.250000 1.599239
-5.000447 0.000000 1.001604 0.250000 1.603582
-5.000534 0.000000 2.001632 0.250000 1.631907
-5.000426 1.000085 1.001570 0.250000 1.570138
-5.000512 1.000102 2.001599 0.250000 1.599239
-5.000372 2.000149 1.001481 0.250000 1.480619
-5.000455 2.000182 2.001511 0.250000 1.510996
-5.000303 3.000182 1.001359 0.250000 1.359335
-5.000380 3.000228 2.001390 0.250000 1.389725
-5.000237 4.000190 1.001230 0.250000 1.229561
-5.000305 4.000244 2.001258 0.250000 1.258084
-4.000190 -5.000237 1.001230 0.250000 1.229561
-4.000244 -5.000305 2.001258 0.250000 1.258084
-4.000262 -4.000262 1.001404 0.250000 1.404321
-4.000326 -4.000326 2.001435 0.250000 1.434922
-4.000358 -3.000268 1.001604 0.250000 1.603582
-4.000427 -3.000320 2.001632 0.250000 1.631907
-4.000468 -2.000234 1.001807 0.250000 1.807349
-4.000537 -2.000268 2.001827 0.250000 1.827145
-4.000564 -1.000141 1.001971 0.250000 1.970641
-4.000627 -1.000157 2.001979 0.250000 1.978568
-4.000604 0.000000 1.002035 0.250000 2.034822
-4.000662 0.000000 2.002037 0.250000 2.036800
-4.000564 1.000141 1.001971 0.250000 1.970641
-4.000627 1.000157 2.001979 0.250000 1.978568
-4.000468 2.000234 1.001807 0.250000 1.807349
-4.000537 2.000268 2.001827 0.250000 1.827145
-4.000358 3.000268 1.001604 0.250000 1.603582
-4.000427 3.000320 2.001632 0.250000 1.631907
-4.000262 4.000262 1.001404 0.250000 1.404321
-4.000326 4.000326 2.001435 0.250000 1.434922
-3.000182 -5.000303 1.001359 0.250000 1.359335
-3.000228 -5.000380 2.001390 0.250000 1.389725
-3.000268 -4.000358 1.001604 0.250000 1.603582
-3.000320 -4.000427 2.001632 0.250000 1.631907
-3.000396 -3.000396 1.001912 0.250000 1.911758
-3.000445 -3.000445 2.001925 0.250000 1.924501
-3.000566 -2.000378 1.002268 0.250000 2.268002
-3.000595 -2.000396 2.002242 0.250000 2.242131
-3.000736 -1.000245 1.002591 0.250000 2.590798
-3.000729 -1.000243 2.002510 0.250000 2.510227
-3.000812 0.000000 1.002728 0.250000 2.728370
-3.000786 0.000000 2.002619 0.250000 2.618914
-3.000736 1.000245 1.002591 0.250000 2.590798
-3.000729 1.000243 2.002510 0.250000 2.510227
-3.000566 2.000378 1.002268 0.250000 2.268002
-3.000595 2.000396 2.002242 0.250000 2.242131
-3.000396 3.000396 1.001912 0.250000 1.911758
-3.000445 3.000445 2.001925 0.250000 1.924501
-3.000268 4.000358 1.001604 0.250000 1.603582
-3.000320 4.000427 2.001632 0.250000 1.631907
-2.000149 -5.000372 1.001481 0.250000 1.480619
-2.000182 -5.000455 2.001511 0.250000 1.510996
-2.000234 -4.000468 1.001807 0.250000 1.807349
-2.000268 -4.000537 2.001827 0.250000 1.827145
-2.000378 -3.000566 1.002268 0.250000 2.268002
-2.000396 -3.000595 2.002242 0.250000 2.242131
-2.000601 -2.000601 1.002887 0.250000 2.886751
-2.000566 -2.000566 2.002740 0.250000 2.740065
-2.000864 -1.000432 1.003549 0.250000 3.549383
-2.000736 -1.000368 2.003204 0.250000 3.204407
-2.000994 0.000000 1.003867 0.250000 3.866990
-2.000812 0.000000 2.003405 0.250000 3.405334
-2.000864 1.000432 1.003549 0.250000 3.549383
-2.000736 1.000368 2.003204 0.250000 3.204407
-2.000601 2.000601 1.002887 0.250000 2.886751
-2.000566 2.000566 2.002740 0.250000 2.740065
-2.000378 3.000566 1.002268 0.250000 2.268002
-2.000396 3.000595 2.002242 0.250000 2.242131
-2.000234 4.000468 1.001807 0.250000 1.807349
-2.000268 4.000537 2.001827 0.250000 1.827145
-1.000085 -5.000426 1.001570 0.250000 1.570138
-1.000102 -5.000512 2.001599 0.250000 1.599239
-1.000141 -4.000564 1.001971 0.250000 1.970641
-1.000157 -4.000627 2.001979 0.250000 1.978568
-1.000245 -3.000736 1.002591 0.250000 2.590798
-1.000243 -3.000729 2.002510 0.250000 2.510227
-1.000432 -2.000864 1.003549 0.250000 3.549383
-1.000368 -2.000736 2.003204 0.250000 3.204407
-1.000680 -1.000680 1.004763 0.250000 4.762897
-1.000505 -1.000505 2.003912 0.250000 3.912172
-1.000805 0.000000 1.005411 0.250000 5.411285
-1.000569 0.000000 2.004237 0.250000 4.237452
-1.000680 1.000680 1.004763 0.250000 4.762897
-1.000505 1.000505 2.003912 0.250000 3.912172
-1.000432 2.000864 1.003549 0.250000 3.549383
-1.000368 2.000736 2.003204 0.250000 3.204407
-1.000245 3.000736 1.002591 0.250000 2.590798
-1.000243 3.000729 2.002510 0.250000 2.510227
-1.000141 4.000564 1.001971 0.250000 1.970641
-1.000157 4.000627 2.001979 0.250000 1.978568
0.000000 -5.000447 1.001604 0.250000 1.603582
0.000000 -5.000534 2.001632 0.250000 1.631907
0.000000 -4.000604 1.002035 0.250000 2.034822
0.000000 -4.000662 2.002037 0.250000 2.036800
0.000000 -3.000812 1.002728 0.250000 2.728370
0.000000 -3.000786 2.002619 0.250000 2.618914
0.000000 -2.000994 1.003867 0.250000 3.866990
0.000000 -2.000812 2.003405 0.250000 3.405334
0.000000 -1.000805 1.005411 0.250000 5.411285
0.000000 -1.000569 2.004237 0.250000 4.237452
0.000000 0.000000 1.006250 0.250000 6.250000
0.000000 0.000000 2.004630 0.250000 4.629630
0.000000 1.000805 1.005411 0.250000 5.411285
0.000000 1.000569 2.004237 0.250000 4.237452
0.000000 2.000994 1.003867 0.250000 3.866990
0.000000 2.000812 2.003405 0.250000 3.405334
0.000000 3.000812 1.002728 0.250000 2.728370
0.000000 3.000786 2.002619 0.250000 2.618914
0.000000 4.000604 1.002035 0.250000 2.034822
0.000000 4.000662 2.002037 0.250000 2.036800
1.000085 -5.000426 1.001570 0.250000 1.570138
1.000102 -5.000512 2.001599 0.250000 1.599239
1.000141 -4.000564 1.001971 0.250000 1.970641
1.000157 -4.000627 2.001979 0.250000 1.978568
1.000245 -3.000736 1.002591 0.250000 2.590798
1.000243 -3.000729 2.002510 0.250000 2.510227
1.000432 -2.000864 1.003549 0.250000 3.549383
1.000368 -2.000736 2.003204 0.250000 3.204407
1.000680 -1.000680 1.004763 0.250000 4.762897
1.000505 -1.000505 2.003912 0.250000 3.912172
1.000805 0.000000 1.005411 0.250000 5.411285
1.000569 0.000000 2.004237 0.250000 4.237452
1.000680 1.000680 1.004763 0.250000 4.762897
1.000505 1.000505 2.003912 0.250000 3.912172
1.000432 2.000864 1.003549 0.250000 3.549383
1.000368 2.000736 2.003204 0.250000 3.204407
1.000245 3.000736 1.002591 0.250000 2.590798
1.000243 3.000729 2.002510 0.250000 2.510227
1.000141 4.000564 1.001971 0.250000 1.970641
1.000157 4.000627 2.001979 0.250000 1.978568
2.000149 -5.000372 1.001481 0.250000 1.480619
2.000182 -5.000455 2.001511 0.250000 1.510996
2.000234 -4.000468 1.001807 0.250000 1.807349
2.000268 -4.000537 2.001827 0.250000 1.827145
2.000378 -3.000566 1.002268 0.250000 2.268002
2.000396 -3.000595 2.002242 0.250000 2.242131
2.000601 -2.000601 1.002887 0.250000 2.886751
2.000566 -2.000566 2.002740 0.250000 2.740065
2.000864 -1.000432 1.003549 0.250000 3.549383
2.000736 -1.000368 2.003204 0.250000 3.204407
2.000994 0.000000 1.003867 0.250000 3.866990
2.000812 0.000000 2.003405 0.250000 3.405334
2.000864 1.000432 1.003549 0.250000 3.549383
2.000736 1.000368 2.003204 0.250000 3.204407
2.000601 2.000601 1.002887 0.250000 2.886751
2.000566 2.000566 2.002740 0.250000 2.740065
2.000378 3.000566 1.002268 0.250000 2.268002
2.000396 3.000595 2.002242 0.250000 2.242131
2.000234 4.000468 1.001807 0.250000 1.807349
2.000268 4.000537 2.001827 0.250000 1.827145
3.000182 -5.000303 1.001359 0.250000 1.359335
3.000228 -5.000380 2.001390 0.250000 1.389725
3.000268 -4.000358 1.001604 0.250000 1.603582
3.000320 -4.000427 2.001632 0.250000 1.631907
3.000396 -3.000396 1.001912 0.250000 1.911758
3.000445 -3.000445 2.001925 0.250000 1.924501
3.000566 -2.000378 1.002268 0.250000 2.268002
3.000595 -2.000396 2.002242 0.250000 2.242131
3.000736 -1.000245 1.002591 0.250000 2.590798
3.000729 -1.000243 2.002510 0.250000 2.510227
3.000812 0.000000 1.002728 0.250000 2.728370
3.000786 0.000000 2.002619 0.250000 2.618914
3.000736 1.000245 1.002591 0.250000 2.590798
3.000729 1.000243 2.002510 0.250000 2.510227
3.000566 2.000378 1.002268 0.250000 2.268002
3.000595 2.000396 2.002242 0.250000 2.242131
3.000396 3.000396 1.001912 0.250000 1.911758
3.000445 3.000445 2.001925 0.250000 1.924501
3.000268 4.000358 1.001604 0.250000 1.603582
3.000320 4.000427 2.001632 0.250000 1.631907
4.000190 -5.000237 1.001230 0.250000 1.229561
4.000244 -5.000305 2.001258 0.250000 1.258084
4.000262 -4.000262 1.001404 0.250000 1.404321
4.000326 -4.000326 2.001435 0.250000 1.434922
4.000358 -3.000268 1.001604 0.250000 1.603582
4.000427 -3.000320 2.001632 0.250000 1.631907
4.000468 -2.000234 1.001807 0.250000 1.807349
4.000537 -2.000268 2.001827 0.250000 1.827145
4.000564 -1.000141 1.001971 0.250000 1.970641
4.000627 -1.000157 2.001979 0.250000 1.978568
4.000604 0.000000 1.002035 0.250000 2.034822
4.000662 0.000000 2.002037 0.250000 2.036800
4.000564 1.000141 1.001971 0.250000 1.970641
4.000627 1.000157 2.001979 0.250000 1.978568
4.000468 2.000234 1.001807 0.250000 1.807349
4.000537 2.000268 2.001827 0.250000 1.827145
4.000358 3.000268 1.001604 0.250000 1.603582
4.000427 3.000320 2.001632 0.250000 1.631907
4.000262 4.000262 1.001404 0.250000 1.404321
4.000326 4.000326 2.001435 0.250000 1.434922
0.000000 0.000000 -1.000000 0.250000 0.000000
