-5.000425 -5.000425 0.000389 0.250000 -0.042261
-5.000705 -4.000495 0.000103 0.250000 -0.050005
-5.001197 -3.000578 0.000075 0.250000 -0.061438
-5.001811 -2.000567 0.000175 0.250000 -0.076794
-5.002355 -1.000353 0.000295 0.250000 -0.091119
-5.002572 0.000050 0.000350 0.250000 -0.098023
-5.002329 1.000461 0.000303 0.250000 -0.094904
-5.001761 2.000701 0.000212 0.250000 -0.085059
-5.001155 3.000760 0.000240 0.250000 -0.073901
-5.000758 4.000754 0.000586 0.250000 -0.062858
-4.000495 -5.000705 0.000103 0.250000 -0.050005
-4.000932 -4.000932 -0.000242 0.250000 -0.064588
-4.001795 -3.001246 -0.000164 0.250000 -0.089121
-4.003047 -2.001389 0.000210 0.250000 -0.122681
-4.004319 -1.000977 0.000689 0.250000 -0.153190
-4.004878 0.000042 0.000922 0.250000 -0.166658
-4.004291 1.001074 0.000683 0.250000 -0.157952
-4.002992 2.001534 0.000222 0.250000 -0.133446
-4.001751 3.001482 0.000001 0.250000 -0.106034
-4.001005 4.001296 0.000354 0.250000 -0.082496
-3.000578 -5.001197 0.000075 0.250000 -0.061438
-3.001246 -4.001795 -0.000164 0.250000 -0.089121
-3.002731 -3.002731 0.000374 0.250000 -0.136865
-3.005303 -2.003471 0.001921 0.250000 -0.194728
-3.008406 -1.002738 0.004309 0.250000 -0.229867
-3.009936 0.000047 0.005663 0.250000 -0.236672
-3.008379 1.002853 0.004297 0.250000 -0.235316
-3.005251 2.003657 0.001924 0.250000 -0.207249
-3.002689 3.003053 0.000549 0.250000 -0.156912
-3.001323 4.002296 0.000516 0.250000 -0.110767
-2.000567 -5.001811 0.000175 0.250000 -0.076794
-2.001389 -4.003047 0.000210 0.250000 -0.122681
-2.003471 -3.005303 0.001921 0.250000 -0.194727
-2.007863 -2.007863 0.007506 0.250000 -0.227516
-2.014222 -1.007081 0.018843 0.250000 -0.085557
-2.017530 0.000058 0.026589 0.250000 0.064578
-2.014200 1.007224 0.018826 0.250000 -0.091555
-2.007819 2.008100 0.007507 0.250000 -0.241304
-2.003434 3.005721 0.002115 0.250000 -0.216756
-2.001447 4.003692 0.000969 0.250000 -0.146291
-1.000353 -5.002355 0.000295 0.250000 -0.091119
-1.000977 -4.004319 0.000689 0.250000 -0.153191
-1.002738 -3.008406 0.004309 0.250000 -0.229866
-1.007081 -2.014222 0.018843 0.250000 -0.085559
-1.012508 -1.012508 0.055232 0.250000 0.754157
-1.015790 0.000067 0.076170 0.250000 1.282456
-1.012496 1.012675 0.055209 0.250000 0.747643
-1.007055 2.014499 0.018841 0.250000 -0.100311
-1.002713 3.008898 0.004522 0.250000 -0.253036
-1.000998 4.005076 0.001513 0.250000 -0.177540
0.000050 -5.002572 0.000350 0.250000 -0.098023
0.000042 -4.004878 0.000922 0.250000 -0.166658
0.000047 -3.009936 0.005663 0.250000 -0.236672
0.000058 -2.017530 0.026589 0.250000 0.064579
0.000067 -1.015790 0.076170 0.250000 1.282457
0.000071 0.000071 0.107080 0.250000 2.096792
0.000067 1.015965 0.076144 0.250000 1.275697
0.000058 2.017822 0.026585 0.250000 0.049381
0.000054 3.010454 0.005885 0.250000 -0.260199
0.000064 4.005676 0.001777 0.250000 -0.191047
1.000461 -5.002329 0.000303 0.250000 -0.094904
1.001074 -4.004291 0.000683 0.250000 -0.157952
1.002853 -3.008379 0.004297 0.250000 -0.235317
1.007224 -2.014200 0.018826 0.250000 -0.091554
1.012675 -1.012496 0.055209 0.250000 0.747644
1.015965 0.000067 0.076144 0.250000 1.275697
1.012662 1.012662 0.055188 0.250000 0.741132
1.007198 2.014475 0.018828 0.250000 -0.106266
1.002840 3.008868 0.004519 0.250000 -0.258293
1.001137 4.005045 0.001526 0.250000 -0.181732
2.000701 -5.001761 0.000212 0.250000 -0.085059
2.001534 -4.002992 0.000222 0.250000 -0.133446
2.003657 -3.005251 0.001924 0.250000 -0.207249
2.008100 -2.007819 0.007507 0.250000 -0.241304
2.014499 -1.007055 0.018841 0.250000 -0.100310
2.017822 0.000058 0.026585 0.250000 0.049381
2.014475 1.007198 0.018828 0.250000 -0.106266
2.008054 2.008054 0.007517 0.250000 -0.254906
2.003627 3.005663 0.002138 0.250000 -0.228621
2.001624 4.003633 0.001019 0.250000 -0.155425
3.000760 -5.001155 0.000240 0.250000 -0.073901
3.001482 -4.001751 0.000001 0.250000 -0.106034
3.003053 -3.002689 0.000549 0.250000 -0.156912
3.005721 -2.003434 0.002115 0.250000 -0.216756
3.008898 -1.002713 0.004522 0.250000 -0.253036
3.010454 0.000054 0.005885 0.250000 -0.260199
3.008868 1.002840 0.004519 0.250000 -0.258294
3.005663 2.003627 0.002138 0.250000 -0.228621
3.003010 3.003010 0.000757 0.250000 -0.175204
3.001571 4.002246 0.000723 0.250000 -0.124257
4.000754 -5.000758 0.000586 0.250000 -0.062858
4.001296 -4.001005 0.000354 0.250000 -0.082496
4.002296 -3.001323 0.000516 0.250000 -0.110767
4.003692 -2.001447 0.000969 0.250000 -0.146292
4.005076 -1.000998 0.001513 0.250000 -0.177541
4.005676 0.000064 0.001777 0.250000 -0.191047
4.005045 1.001137 0.001526 0.250000 -0.181733
4.003633 2.001624 0.001019 0.250000 -0.155425
4.002246 3.001571 0.000723 0.250000 -0.124258
4.001362 4.001362 0.000944 0.250000 -0.095492
-5.000363 -5.000363 1.000602 0.250000 -0.046644
-5.000614 -5.000614 2.000993 0.250000 -0.046987
-5.000651 -4.000541 1.000498 0.250000 -0.051832
-5.001013 -4.000866 2.001104 0.250000 -0.049914
-5.001174 -3.000702 1.000698 0.250000 -0.057638
-5.001620 -3.001030 2.001483 0.250000 -0.051902
-5.001830 -2.000697 1.001046 0.250000 -0.065192
-5.002325 -2.000952 2.001999 0.250000 -0.053984
-5.002406 -1.000431 1.001369 0.250000 -0.072248
-5.002914 -1.000561 2.002450 0.250000 -0.056077
-5.002633 0.000053 1.001501 0.250000 -0.076256
-5.003140 0.000065 2.002630 0.250000 -0.058212
-5.002378 1.000535 1.001368 0.250000 -0.076511
-5.002893 1.000683 2.002454 0.250000 -0.060678
-5.001785 2.000796 1.001065 0.250000 -0.074427
-5.002297 2.001050 2.002034 0.250000 -0.063395
-5.001155 3.000788 1.000825 0.250000 -0.071624
-5.001622 3.001088 2.001621 0.250000 -0.065355
-5.000750 4.000667 1.000922 0.250000 -0.066177
-5.001105 4.000922 2.001459 0.250000 -0.063963
-4.000541 -5.000651 1.000498 0.250000 -0.051832
-4.000866 -5.001013 2.001104 0.250000 -0.049914
-4.001036 -4.001036 1.000526 0.250000 -0.057593
-4.001499 -4.001499 2.001480 0.250000 -0.050281
-4.001971 -3.001455 1.001101 0.250000 -0.065268
-4.002494 -3.001883 2.002359 0.250000 -0.048477
-4.003283 -2.001589 1.002029 0.250000 -0.075678
-4.003741 -2.001857 2.003558 0.250000 -0.045633
-4.004577 -1.001086 1.002962 0.250000 -0.084585
-4.004865 -1.001170 2.004660 0.250000 -0.042697
-4.005135 0.000052 1.003365 0.250000 -0.089299
-4.005324 0.000075 2.005114 0.250000 -0.042903
-4.004548 1.001193 1.002940 0.250000 -0.090146
-4.004841 1.001313 2.004645 0.250000 -0.048776
-4.003234 2.001699 1.002010 0.250000 -0.088118
-4.003706 2.001972 2.003560 0.250000 -0.058339
-4.001945 3.001564 1.001197 0.250000 -0.084923
-4.002486 3.001953 2.002474 0.250000 -0.067174
-4.001138 4.001212 1.001013 0.250000 -0.078431
-4.001576 4.001562 2.001868 0.250000 -0.070327
-3.000702 -5.001174 1.000698 0.250000 -0.057638
-3.001030 -5.001620 2.001483 0.250000 -0.051901
-3.001455 -4.001971 1.001101 0.250000 -0.065268
-3.001883 -4.002494 2.002359 0.250000 -0.048477
-3.003009 -3.003009 1.002529 0.250000 -0.075237
-3.003328 -3.003328 2.004183 0.250000 -0.038936
-3.005547 -2.003664 1.004995 0.250000 -0.082932
-3.005337 -2.003533 2.006818 0.250000 -0.021877
-3.008454 -1.002771 1.007866 0.250000 -0.078380
-3.007345 -1.002390 2.009460 0.250000 -0.000499
-3.009840 0.000062 1.009255 0.250000 -0.073103
-3.008226 0.000090 2.010618 0.250000 0.008434
-3.008428 1.002902 1.007829 0.250000 -0.085029
-3.007322 1.002564 2.009428 0.250000 -0.007929
-3.005500 2.003809 1.004946 0.250000 -0.098062
-3.005303 2.003682 2.006790 0.250000 -0.037608
-3.002982 3.003174 1.002599 0.250000 -0.099691
-3.003314 3.003430 2.004269 0.250000 -0.062494
-3.001548 4.002230 1.001620 0.250000 -0.091832
-3.001944 4.002587 2.002758 0.250000 -0.074180
-2.000697 -5.001830 1.001046 0.250000 -0.065192
-2.000952 -5.002325 2.001999 0.250000 -0.053983
-2.001589 -4.003283 1.002029 0.250000 -0.075679
-2.001857 -4.003741 2.003558 0.250000 -0.045633
-2.003664 -3.005547 1.004995 0.250000 -0.082932
-2.003533 -3.005337 2.006818 0.250000 -0.021878
-2.007689 -2.007689 1.010995 0.250000 -0.054852
-2.006155 -2.006155 2.011992 0.250000 0.029264
-2.013119 -1.006535 1.019563 0.250000 0.049582
-2.009093 -1.004497 2.017791 0.250000 0.103790
-2.015981 0.000075 1.024305 0.250000 0.125542
-2.010484 0.000105 2.020537 0.250000 0.142510
-2.013098 1.006696 1.019514 0.250000 0.042035
-2.009075 1.004702 2.017745 0.250000 0.095245
-2.007651 2.007878 1.010925 0.250000 -0.072151
-2.006127 2.006339 2.011939 0.250000 0.011049
-2.003640 3.005777 1.005047 0.250000 -0.111137
-2.003519 3.005476 2.006879 0.250000 -0.049407
-2.001659 4.003637 1.002577 0.250000 -0.106393
-2.001900 4.003872 2.003960 0.250000 -0.075869
-1.000431 -5.002406 1.001369 0.250000 -0.072248
-1.000561 -5.002914 2.002450 0.250000 -0.056076
-1.001086 -4.004577 1.002962 0.250000 -0.084586
-1.001170 -4.004865 2.004660 0.250000 -0.042698
-1.002771 -3.008454 1.007866 0.250000 -0.078380
-1.002390 -3.007345 2.009460 0.250000 -0.000499
-1.006535 -2.013119 1.019563 0.250000 0.049583
-1.004497 -2.009093 2.017791 0.250000 0.103790
-1.012218 -1.012218 1.039458 0.250000 0.429731
-1.007094 -1.007094 2.028099 0.250000 0.273035
-1.015225 0.000086 1.051572 0.250000 0.704101
-1.008398 0.000116 2.033313 0.250000 0.368912
-1.012206 1.012403 1.039401 0.250000 0.421495
-1.007084 1.007322 2.028044 0.250000 0.263727
-1.006514 2.013341 1.019479 0.250000 0.030760
-1.004482 2.009304 2.017722 0.250000 0.083909
-1.002756 3.008736 1.007908 0.250000 -0.109067
-1.002382 3.007513 2.009506 0.250000 -0.030650
-1.001118 4.005007 1.003536 0.250000 -0.117782
-1.001191 4.005027 2.005067 0.250000 -0.075830
0.000053 -5.002633 1.001501 0.250000 -0.076256
0.000065 -5.003140 2.002630 0.250000 -0.058212
0.000052 -4.005135 1.003365 0.250000 -0.089298
0.000075 -4.005324 2.005114 0.250000 -0.042904
0.000062 -3.009840 1.009255 0.250000 -0.073103
0.000090 -3.008226 2.010618 0.250000 0.008433
0.000075 -2.015981 1.024305 0.250000 0.125543
0.000105 -2.010484 2.020537 0.250000 0.142510
0.000086 -1.015225 1.051572 0.250000 0.704102
0.000116 -1.008398 2.033313 0.250000 0.368912
0.000090 0.000090 1.068190 0.250000 1.106934
0.000119 0.000119 2.039947 0.250000 0.500735
0.000084 1.015418 1.051512 0.250000 0.695590
0.000114 1.008634 2.033257 0.250000 0.359354
0.000074 2.016214 1.024218 0.250000 0.106168
0.000102 2.010702 2.020465 0.250000 0.122104
0.000065 3.010140 1.009297 0.250000 -0.104601
0.000089 3.008404 2.010663 0.250000 -0.022511
0.000066 4.005592 1.003955 0.250000 -0.123165
0.000079 4.005498 2.005528 0.250000 -0.076834
1.000535 -5.002378 1.001368 0.250000 -0.076511
1.000683 -5.002893 2.002454 0.250000 -0.060677
1.001193 -4.004548 1.002940 0.250000 -0.090146
1.001313 -4.004841 2.004645 0.250000 -0.048776
1.002902 -3.008428 1.007829 0.250000 -0.085029
1.002564 -3.007322 2.009428 0.250000 -0.007929
1.006696 -2.013098 1.019514 0.250000 0.042035
1.004702 -2.009075 2.017745 0.250000 0.095245
1.012403 -1.012206 1.039401 0.250000 0.421496
1.007322 -1.007084 2.028044 0.250000 0.263727
1.015418 0.000084 1.051512 0.250000 0.695590
1.008634 0.000114 2.033257 0.250000 0.359355
1.012388 1.012388 1.039347 0.250000 0.413310
1.007309 1.007309 2.027994 0.250000 0.254536
1.006671 2.013316 1.019437 0.250000 0.023349
1.004682 2.009281 2.017685 0.250000 0.075642
1.002891 3.008705 1.007884 0.250000 -0.115374
1.002553 3.007486 2.009488 0.250000 -0.037559
1.001251 4.004974 1.003535 0.250000 -0.122638
1.001341 4.005001 2.005071 0.250000 -0.081097
2.000796 -5.001785 1.001065 0.250000 -0.074427
2.001050 -5.002297 2.002034 0.250000 -0.063394
2.001699 -4.003234 1.002010 0.250000 -0.088118
2.001972 -4.003706 2.003560 0.250000 -0.058339
2.003809 -3.005500 1.004946 0.250000 -0.098062
2.003682 -3.005303 2.006790 0.250000 -0.037608
2.007878 -2.007651 1.010925 0.250000 -0.072151
2.006339 -2.006127 2.011939 0.250000 0.011049
2.013341 -1.006514 1.019479 0.250000 0.030759
2.009304 -1.004482 2.017722 0.250000 0.083910
2.016214 0.000074 1.024218 0.250000 0.106168
2.010702 0.000102 2.020465 0.250000 0.122104
2.013316 1.006671 1.019437 0.250000 0.023349
2.009281 1.004682 2.017685 0.250000 0.075644
2.007835 2.007835 1.010870 0.250000 -0.089046
2.006305 2.006305 2.011904 0.250000 -0.006495
2.003787 3.005724 1.005025 0.250000 -0.125297
2.003666 3.005436 2.006878 0.250000 -0.063882
2.001792 4.003584 1.002600 0.250000 -0.116930
2.002024 4.003836 2.003998 0.250000 -0.086640
3.000788 -5.001155 1.000825 0.250000 -0.071624
3.001088 -5.001622 2.001621 0.250000 -0.065355
3.001564 -4.001945 1.001197 0.250000 -0.084924
3.001953 -4.002486 2.002474 0.250000 -0.067174
3.003174 -3.002982 1.002599 0.250000 -0.099691
3.003430 -3.003314 2.004269 0.250000 -0.062493
3.005777 -2.003640 1.005047 0.250000 -0.111137
3.005476 -2.003519 2.006879 0.250000 -0.049407
3.008736 -1.002756 1.007908 0.250000 -0.109068
3.007513 -1.002382 2.009506 0.250000 -0.030650
3.010140 0.000065 1.009297 0.250000 -0.104600
3.008404 0.000089 2.010663 0.250000 -0.022511
3.008705 1.002891 1.007884 0.250000 -0.115374
3.007486 1.002553 2.009488 0.250000 -0.037558
3.005724 2.003787 1.005025 0.250000 -0.125296
3.005436 2.003666 2.006878 0.250000 -0.063881
3.003145 3.003145 1.002711 0.250000 -0.121971
3.003415 3.003415 2.004394 0.250000 -0.083740
3.001676 4.002206 1.001770 0.250000 -0.107649
3.002028 4.002585 2.002915 0.250000 -0.089455
4.000667 -5.000750 1.000922 0.250000 -0.066177
4.000922 -5.001105 2.001459 0.250000 -0.063963
4.001212 -4.001138 1.001013 0.250000 -0.078431
4.001562 -4.001576 2.001868 0.250000 -0.070327
4.002230 -3.001548 1.001620 0.250000 -0.091832
4.002587 -3.001944 2.002758 0.250000 -0.074180
4.003637 -2.001659 1.002577 0.250000 -0.106393
4.003872 -2.001900 2.003960 0.250000 -0.075869
4.005007 -1.001118 1.003536 0.250000 -0.117782
4.005027 -1.001191 2.005067 0.250000 -0.075831
4.005592 0.000066 1.003955 0.250000 -0.123165
4.005498 0.000079 2.005528 0.250000 -0.076834
4.004974 1.001251 1.003535 0.250000 -0.122638
4.005001 1.001341 2.005071 0.250000 -0.081096
4.003584 2.001792 1.002600 0.250000 -0.116930
4.003836 2.002024 2.003998 0.250000 -0.086640
4.002206 3.001676 1.001770 0.250000 -0.107649
4.002585 3.002028 2.002915 0.250000 -0.089455
4.001326 4.001326 1.001520 0.250000 -0.093833
4.001660 4.001660 2.002282 0.250000 -0.085721
0.000000 0.000000 -1.000000 0.250000 0.000000
