-5.000081 -5.000081 0.000225 0.250000 0.006579
-5.000264 -4.000135 -0.000079 0.250000 0.009099
-5.000684 -3.000262 -0.000196 0.250000 0.007997
-5.001273 -2.000353 -0.000263 0.250000 0.001966
-5.001838 -1.000269 -0.000320 0.250000 -0.005645
-5.002074 0.000003 -0.000349 0.250000 -0.009235
-5.001816 1.000286 -0.000345 0.250000 -0.006269
-5.001221 2.000401 -0.000310 0.250000 -0.000442
-5.000622 3.000372 -0.000180 0.250000 0.002371
-5.000302 4.000351 0.000220 0.250000 0.000966
-4.000135 -5.000264 -0.000079 0.250000 0.009099
-4.000486 -4.000486 -0.000512 0.250000 0.009461
-4.001358 -3.000919 -0.000711 0.250000 -0.001454
-4.002780 -2.001270 -0.000819 0.250000 -0.026563
-4.004334 -1.001014 -0.000831 0.250000 -0.055181
-4.005045 -0.000017 -0.000816 0.250000 -0.068026
-4.004312 1.000996 -0.000875 0.250000 -0.055575
-4.002722 2.001306 -0.000909 0.250000 -0.029162
-4.001290 3.001072 -0.000744 0.250000 -0.008819
-4.000546 4.000822 -0.000173 0.250000 -0.002164
-3.000262 -5.000684 -0.000196 0.250000 0.007997
-3.000919 -4.001358 -0.000711 0.250000 -0.001454
-3.002663 -3.002663 -0.000882 0.250000 -0.040172
-3.006002 -2.003957 -0.000420 0.250000 -0.110882
-3.010263 -1.003405 0.001093 0.250000 -0.176590
-3.012418 -0.000019 0.002183 0.250000 -0.199061
-3.010241 1.003389 0.001040 0.250000 -0.176809
-3.005943 2.004025 -0.000534 0.250000 -0.113636
-3.002591 3.002912 -0.000941 0.250000 -0.048952
-3.000983 4.001876 -0.000348 0.250000 -0.016267
-2.000353 -5.001273 -0.000263 0.250000 0.001966
-2.001270 -4.002780 -0.000819 0.250000 -0.026563
-2.003957 -3.006002 -0.000420 0.250000 -0.110882
-2.010112 -2.010112 0.003921 0.250000 -0.216370
-2.019371 -1.009701 0.016459 0.250000 -0.187871
-2.024260 -0.000014 0.026065 0.250000 -0.096122
-2.019352 1.009702 0.016399 0.250000 -0.188001
-2.010060 2.010227 0.003792 0.250000 -0.219383
-2.003892 3.006370 -0.000487 0.250000 -0.120863
-2.001316 4.003506 -0.000416 0.250000 -0.043857
-1.000269 -5.001838 -0.000320 0.250000 -0.005646
-1.001014 -4.004334 -0.000831 0.250000 -0.055181
-1.003405 -3.010263 0.001093 0.250000 -0.176590
-1.009701 -2.019371 0.016459 0.250000 -0.187871
-1.017743 -1.017743 0.064132 0.250000 0.417636
-1.022622 -0.000008 0.092459 0.250000 0.829054
-1.017731 1.017762 0.064061 0.250000 0.417538
-1.009668 2.019527 0.016317 0.250000 -0.191239
-1.003362 3.010728 0.001026 0.250000 -0.187539
-1.001027 4.005229 -0.000386 0.250000 -0.074216
0.000003 -5.002074 -0.000349 0.250000 -0.009234
-0.000017 -4.005045 -0.000816 0.250000 -0.068026
-0.000019 -3.012418 0.002183 0.250000 -0.199061
-0.000014 -2.024260 0.026065 0.250000 -0.096123
-0.000008 -1.022622 0.092459 0.250000 0.829055
-0.000005 -0.000005 0.134951 0.250000 1.483478
-0.000009 1.022648 0.092382 0.250000 0.828901
-0.000015 2.024431 0.025915 0.250000 -0.099786
-0.000013 3.012919 0.002117 0.250000 -0.210556
0.000010 4.006004 -0.000350 0.250000 -0.087895
1.000286 -5.001816 -0.000345 0.250000 -0.006269
1.000996 -4.004312 -0.000875 0.250000 -0.055574
1.003389 -3.010241 0.001040 0.250000 -0.176809
1.009702 -2.019352 0.016399 0.250000 -0.188002
1.017762 -1.017731 0.064061 0.250000 0.417537
1.022648 -0.000009 0.092382 0.250000 0.828901
1.017749 1.017749 0.063990 0.250000 0.417283
1.009669 2.019505 0.016257 0.250000 -0.191696
1.003358 3.010702 0.000978 0.250000 -0.188260
1.001063 4.005201 -0.000414 0.250000 -0.075178
2.000401 -5.001221 -0.000310 0.250000 -0.000442
2.001306 -4.002722 -0.000909 0.250000 -0.029162
2.004025 -3.005943 -0.000534 0.250000 -0.113636
2.010227 -2.010060 0.003792 0.250000 -0.219382
2.019527 -1.009668 0.016317 0.250000 -0.191239
2.024431 -0.000015 0.025915 0.250000 -0.099787
2.019505 1.009669 0.016257 0.250000 -0.191697
2.010172 2.010172 0.003667 0.250000 -0.223043
2.003968 3.006305 -0.000586 0.250000 -0.124475
2.001400 4.003439 -0.000466 0.250000 -0.047184
3.000372 -5.000622 -0.000180 0.250000 0.002371
3.001072 -4.001290 -0.000744 0.250000 -0.008818
3.002912 -3.002591 -0.000941 0.250000 -0.048952
3.006370 -2.003892 -0.000487 0.250000 -0.120863
3.010728 -1.003362 0.001026 0.250000 -0.187539
3.012919 -0.000013 0.002117 0.250000 -0.210556
3.010702 1.003358 0.000978 0.250000 -0.188261
3.006305 2.003968 -0.000586 0.250000 -0.124475
3.002841 3.002841 -0.000965 0.250000 -0.058497
3.001164 4.001800 -0.000317 0.250000 -0.023697
4.000351 -5.000302 0.000220 0.250000 0.000966
4.000822 -4.000546 -0.000173 0.250000 -0.002165
4.001876 -3.000983 -0.000348 0.250000 -0.016266
4.003506 -2.001316 -0.000416 0.250000 -0.043857
4.005229 -1.001027 -0.000386 0.250000 -0.074216
4.006004 0.000010 -0.000350 0.250000 -0.087895
4.005201 1.001063 -0.000414 0.250000 -0.075178
4.003439 2.001400 -0.000466 0.250000 -0.047184
4.001800 3.001164 -0.000317 0.250000 -0.023697
4.000885 4.000885 0.000205 0.250000 -0.012837
-4.999982 -4.999982 1.000342 0.250000 -0.000050
-5.000367 -5.000367 2.000693 0.250000 -0.003371
-5.000157 -4.000131 1.000231 0.250000 0.001834
-5.000740 -4.000631 2.000808 0.250000 -0.001649
-5.000567 -3.000311 1.000400 0.250000 0.002520
-5.001334 -3.000822 2.001192 0.250000 0.000046
-5.001129 -2.000391 1.000676 0.250000 0.000899
-5.002040 -2.000796 2.001698 0.250000 0.000960
-5.001650 -1.000273 1.000921 0.250000 -0.001555
-5.002637 -1.000474 2.002132 0.250000 0.001245
-5.001860 0.000032 1.001011 0.250000 -0.002765
-5.002864 0.000077 2.002294 0.250000 0.001076
-5.001616 1.000340 1.000883 0.250000 -0.002156
-5.002596 1.000624 2.002092 0.250000 0.000158
-5.001059 2.000462 1.000601 0.250000 -0.001629
-5.001968 2.000927 2.001632 0.250000 -0.002192
-5.000498 3.000373 1.000361 0.250000 -0.003615
-5.001268 3.000908 2.001166 0.250000 -0.006224
-5.000204 4.000236 1.000454 0.250000 -0.006963
-5.000757 4.000691 2.000968 0.250000 -0.010289
-4.000131 -5.000157 1.000231 0.250000 0.001834
-4.000631 -5.000740 2.000808 0.250000 -0.001649
-4.000494 -4.000494 1.000264 0.250000 0.005533
-4.001249 -4.001249 2.001234 0.250000 0.003107
-4.001324 -3.000953 1.000785 0.250000 0.005843
-4.002264 -3.001683 2.002169 0.250000 0.008041
-4.002608 -2.001237 1.001578 0.250000 0.000473
-4.003572 -2.001734 2.003411 0.250000 0.011740
-4.003965 -1.000936 1.002365 0.250000 -0.006967
-4.004781 -1.001118 2.004543 0.250000 0.014097
-4.004572 0.000026 1.002696 0.250000 -0.010397
-4.005278 0.000090 2.004994 0.250000 0.014743
-4.003930 1.000996 1.002297 0.250000 -0.007463
-4.004737 1.001298 2.004470 0.250000 0.012790
-4.002533 2.001314 1.001436 0.250000 -0.002604
-4.003492 2.001898 2.003278 0.250000 0.007590
-4.001243 3.001044 1.000651 0.250000 -0.002742
-4.002183 3.001799 2.002056 0.250000 -0.000758
-4.000546 4.000666 1.000460 0.250000 -0.007557
-4.001249 4.001331 2.001343 0.250000 -0.009453
-3.000311 -5.000567 1.000400 0.250000 0.002521
-3.000822 -5.001334 2.001192 0.250000 0.000046
-3.000953 -4.001324 1.000785 0.250000 0.005843
-3.001683 -4.002264 2.002169 0.250000 0.008041
-3.002516 -3.002516 1.002076 0.250000 0.000296
-3.003216 -3.003216 2.004125 0.250000 0.016558
-3.005361 -2.003544 1.004299 0.250000 -0.016797
-3.005441 -2.003581 2.006927 0.250000 0.024477
-3.008875 -1.002935 1.007027 0.250000 -0.032690
-3.007748 -1.002502 2.009767 0.250000 0.032416
-3.010613 0.000034 1.008401 0.250000 -0.037053
-3.008779 0.000111 2.011012 0.250000 0.036244
-3.008842 1.003017 1.006937 0.250000 -0.033185
-3.007706 1.002726 2.009665 0.250000 0.030792
-3.005289 2.003665 1.004103 0.250000 -0.020564
-3.005363 2.003799 2.006730 0.250000 0.019143
-3.002434 3.002685 1.001856 0.250000 -0.010831
-3.003133 3.003391 2.003921 0.250000 0.004954
-3.001002 4.001621 1.000926 0.250000 -0.011746
-3.001673 4.002401 2.002205 0.250000 -0.008811
-2.000391 -5.001129 1.000676 0.250000 0.000899
-2.000796 -5.002040 2.001698 0.250000 0.000959
-2.001237 -4.002608 1.001578 0.250000 0.000472
-2.001734 -4.003572 2.003411 0.250000 0.011740
-2.003544 -3.005361 1.004299 0.250000 -0.016797
-2.003581 -3.005441 2.006927 0.250000 0.024476
-2.008560 -2.008560 1.010237 0.250000 -0.039472
-2.006643 -2.006643 2.012592 0.250000 0.043432
-2.015807 -1.007914 1.019735 0.250000 -0.012491
-2.010247 -1.005060 2.019163 0.250000 0.074898
-2.019742 0.000046 1.025335 0.250000 0.025472
-2.011997 0.000131 2.022341 0.250000 0.094338
-2.015779 1.008027 1.019626 0.250000 -0.013106
-2.010214 1.005330 2.019035 0.250000 0.072891
-2.008499 2.008734 1.009996 0.250000 -0.044093
-2.006580 2.006919 2.012340 0.250000 0.036845
-2.003474 3.005626 1.004009 0.250000 -0.030468
-2.003512 3.005683 2.006643 0.250000 0.010090
-2.001273 4.003055 1.001676 0.250000 -0.021239
-2.001720 4.003779 2.003377 0.250000 -0.009222
-1.000273 -5.001650 1.000921 0.250000 -0.001555
-1.000474 -5.002637 2.002132 0.250000 0.001245
-1.000936 -4.003965 1.002365 0.250000 -0.006968
-1.001118 -4.004781 2.004543 0.250000 0.014097
-1.002935 -3.008875 1.007027 0.250000 -0.032689
-1.002502 -3.007748 2.009767 0.250000 0.032416
-1.007914 -2.015807 1.019735 0.250000 -0.012491
-1.005060 -2.010247 2.019163 0.250000 0.074898
-1.015872 -1.015872 1.044266 0.250000 0.212181
-1.008395 -1.008395 2.031409 0.250000 0.162809
-1.020171 0.000057 1.060058 0.250000 0.409127
-1.010118 0.000147 2.037802 0.250000 0.220876
-1.015856 1.016012 1.044141 0.250000 0.211384
-1.008376 1.008699 2.031263 0.250000 0.160455
-1.007879 2.016024 1.019460 0.250000 -0.017932
-1.005025 2.010566 2.018873 0.250000 0.067264
-1.002892 3.009217 1.006689 0.250000 -0.048452
-1.002462 3.008042 2.009428 0.250000 0.015827
-1.000948 4.004535 1.002440 0.250000 -0.031840
-1.001107 4.005044 2.004462 0.250000 -0.010026
0.000032 -5.001860 1.001011 0.250000 -0.002765
0.000077 -5.002864 2.002294 0.250000 0.001076
0.000026 -4.004572 1.002696 0.250000 -0.010397
0.000090 -4.005278 2.004994 0.250000 0.014744
0.000034 -3.010613 1.008401 0.250000 -0.037053
0.000111 -3.008779 2.011012 0.250000 0.036244
0.000046 -2.019742 1.025335 0.250000 0.025472
0.000131 -2.011997 2.022341 0.250000 0.094338
0.000057 -1.020171 1.060058 0.250000 0.409128
0.000147 -1.010118 2.037802 0.250000 0.220876
0.000062 0.000062 1.082227 0.250000 0.714265
0.000152 0.000152 2.046110 0.250000 0.305957
0.000056 1.020322 1.059926 0.250000 0.408187
0.000145 1.010433 2.037651 0.250000 0.218328
0.000044 2.019975 1.025048 0.250000 0.019565
0.000129 2.012330 2.022039 0.250000 0.086200
0.000036 3.010982 1.008047 0.250000 -0.053806
0.000110 3.009091 2.010656 0.250000 0.018682
0.000044 4.005188 1.002770 0.250000 -0.036672
0.000096 4.005561 2.004903 0.250000 -0.010718
1.000340 -5.001616 1.000883 0.250000 -0.002156
1.000624 -5.002596 2.002092 0.250000 0.000158
1.000996 -4.003930 1.002297 0.250000 -0.007463
1.001298 -4.004737 2.004470 0.250000 0.012790
1.003017 -3.008842 1.006937 0.250000 -0.033185
1.002726 -3.007706 2.009665 0.250000 0.030792
1.008027 -2.015779 1.019626 0.250000 -0.013105
1.005330 -2.010214 2.019035 0.250000 0.072890
1.016012 -1.015856 1.044141 0.250000 0.211384
1.008699 -1.008376 2.031263 0.250000 0.160455
1.020322 0.000056 1.059926 0.250000 0.408187
1.010433 0.000145 2.037651 0.250000 0.218330
1.015994 1.015994 1.044018 0.250000 0.210412
1.008677 1.008677 2.031120 0.250000 0.157946
1.007989 2.015993 1.019355 0.250000 -0.018901
1.005289 2.010527 2.018752 0.250000 0.064973
1.002978 3.009178 1.006608 0.250000 -0.049451
1.002683 3.007995 2.009338 0.250000 0.013835
1.001043 4.004493 1.002393 0.250000 -0.032893
1.001297 4.004996 2.004410 0.250000 -0.011704
2.000462 -5.001059 1.000601 0.250000 -0.001629
2.000927 -5.001968 2.001632 0.250000 -0.002192
2.001314 -4.002533 1.001436 0.250000 -0.002604
2.001898 -4.003492 2.003278 0.250000 0.007591
2.003665 -3.005289 1.004103 0.250000 -0.020564
2.003799 -3.005363 2.006730 0.250000 0.019144
2.008734 -2.008499 1.009996 0.250000 -0.044092
2.006919 -2.006580 2.012340 0.250000 0.036844
2.016024 -1.007879 1.019460 0.250000 -0.017934
2.010566 -1.005025 2.018873 0.250000 0.067264
2.019975 0.000044 1.025048 0.250000 0.019567
2.012330 0.000129 2.022039 0.250000 0.086201
2.015993 1.007989 1.019355 0.250000 -0.018901
2.010527 1.005289 2.018752 0.250000 0.064973
2.008667 2.008667 1.009765 0.250000 -0.049373
2.006848 2.006848 2.012105 0.250000 0.029759
2.003594 3.005543 1.003837 0.250000 -0.035059
2.003725 3.005596 2.006476 0.250000 0.004197
2.001381 4.002970 1.001583 0.250000 -0.025012
2.001893 4.003693 2.003289 0.250000 -0.013802
3.000373 -5.000498 1.000361 0.250000 -0.003615
3.000908 -5.001268 2.001166 0.250000 -0.006224
3.001044 -4.001243 1.000651 0.250000 -0.002741
3.001799 -4.002183 2.002056 0.250000 -0.000757
3.002685 -3.002434 1.001856 0.250000 -0.010832
3.003391 -3.003133 2.003921 0.250000 0.004955
3.005626 -2.003474 1.004009 0.250000 -0.030467
3.005683 -2.003512 2.006643 0.250000 0.010090
3.009217 -1.002892 1.006689 0.250000 -0.048453
3.008042 -1.002462 2.009428 0.250000 0.015826
3.010982 0.000036 1.008047 0.250000 -0.053806
3.009091 0.000110 2.010656 0.250000 0.018682
3.009178 1.002978 1.006608 0.250000 -0.049452
3.007995 1.002683 2.009338 0.250000 0.013836
3.005543 2.003594 1.003837 0.250000 -0.035059
3.005596 2.003725 2.006476 0.250000 0.004197
3.002598 3.002598 1.001685 0.250000 -0.022660
3.003303 3.003303 2.003768 0.250000 -0.007068
3.001117 4.001537 1.000872 0.250000 -0.020339
3.001800 4.002322 2.002159 0.250000 -0.017573
4.000236 -5.000204 1.000454 0.250000 -0.006963
4.000691 -5.000757 2.000968 0.250000 -0.010289
4.000666 -4.000546 1.000460 0.250000 -0.007557
4.001331 -4.001249 2.001343 0.250000 -0.009453
4.001621 -3.001002 1.000926 0.250000 -0.011746
4.002401 -3.001673 2.002205 0.250000 -0.008811
4.003055 -2.001273 1.001676 0.250000 -0.021239
4.003779 -2.001720 2.003377 0.250000 -0.009222
4.004535 -1.000948 1.002440 0.250000 -0.031840
4.005044 -1.001107 2.004462 0.250000 -0.010026
4.005188 0.000044 1.002770 0.250000 -0.036671
4.005561 0.000096 2.004903 0.250000 -0.010719
4.004493 1.001043 1.002393 0.250000 -0.032892
4.004996 1.001297 2.004410 0.250000 -0.011703
4.002970 2.001381 1.001583 0.250000 -0.025012
4.003693 2.001893 2.003289 0.250000 -0.013802
4.001537 3.001117 1.000872 0.250000 -0.020340
4.002322 3.001800 2.002159 0.250000 -0.017573
4.000734 4.000734 1.000724 0.250000 -0.019595
4.001351 4.001351 2.001519 0.250000 -0.021215
0.000000 0.000000 -1.000000 0.250000 0.000000
