-4.999655 -4.999655 0.000550 0.250000 0.005631
-4.999557 -3.999618 0.000378 0.250000 0.009201
-4.999586 -2.999709 0.000393 0.250000 0.015648
-4.999803 -1.999887 0.000373 0.250000 0.021892
-5.000134 -1.000023 0.000287 0.250000 0.025777
-5.000312 -0.000048 0.000239 0.250000 0.027207
-5.000160 0.999927 0.000286 0.250000 0.026719
-4.999821 1.999798 0.000348 0.250000 0.023436
-4.999558 2.999646 0.000397 0.250000 0.017476
-4.999540 3.999624 0.000648 0.250000 0.012410
-3.999618 -4.999557 0.000378 0.250000 0.009201
-3.999645 -3.999645 0.000120 0.250000 0.016426
-4.000136 -3.000089 -0.000063 0.250000 0.024964
-4.001365 -2.000682 -0.000545 0.250000 0.025183
-4.003019 -1.000777 -0.001180 0.250000 0.015526
-4.003858 -0.000065 -0.001474 0.250000 0.009367
-4.003047 1.000644 -0.001185 0.250000 0.016853
-4.001380 2.000553 -0.000595 0.250000 0.027373
-4.000091 3.000013 -0.000112 0.250000 0.027339
-3.999628 3.999707 0.000397 0.250000 0.020228
-2.999709 -4.999586 0.000393 0.250000 0.015648
-3.000089 -4.000136 -0.000063 0.250000 0.024964
-3.001780 -3.001780 -0.000921 0.250000 0.020318
-3.005912 -2.003967 -0.002419 0.250000 -0.024645
-3.011834 -1.004014 -0.003189 0.250000 -0.090903
-3.014977 -0.000075 -0.002996 0.250000 -0.119780
-3.011858 1.003861 -0.003190 0.250000 -0.089240
-3.005914 2.003827 -0.002475 0.250000 -0.021825
-3.001714 3.001748 -0.000999 0.250000 0.023318
-3.000068 4.000349 0.000196 0.250000 0.029018
-1.999887 -4.999803 0.000373 0.250000 0.021892
-2.000682 -4.001365 -0.000545 0.250000 0.025182
-2.003967 -3.005912 -0.002419 0.250000 -0.024646
-2.012868 -2.012868 -0.002167 0.250000 -0.151652
-2.027198 -1.013685 0.009473 0.250000 -0.212931
-2.034941 -0.000086 0.020987 0.250000 -0.178629
-2.027214 1.013511 0.009474 0.250000 -0.210947
-2.012859 2.012726 -0.002229 0.250000 -0.148349
-2.003897 3.005958 -0.002511 0.250000 -0.021212
-2.000660 4.001793 -0.000289 0.250000 0.029222
-1.000023 -5.000134 0.000287 0.250000 0.025776
-1.000777 -4.003019 -0.001180 0.250000 0.015526
-1.004014 -3.011834 -0.003189 0.250000 -0.090902
-1.013685 -2.027198 0.009473 0.250000 -0.212931
-1.026428 -1.026428 0.072376 0.250000 0.146129
-1.034201 -0.000095 0.111692 0.250000 0.420311
-1.026435 1.026238 0.072379 0.250000 0.148601
-1.013676 2.027059 0.009403 0.250000 -0.209204
-1.003970 3.011956 -0.003292 0.250000 -0.087265
-1.000760 4.003643 -0.000919 0.250000 0.019300
-0.000048 -5.000312 0.000239 0.250000 0.027207
-0.000065 -4.003858 -0.001474 0.250000 0.009367
-0.000075 -3.014977 -0.002996 0.250000 -0.119780
-0.000086 -2.034941 0.020987 0.250000 -0.178627
-0.000095 -1.034201 0.111692 0.250000 0.420311
-0.000097 -0.000097 0.172103 0.250000 0.878106
-0.000094 1.034006 0.111695 0.250000 0.423060
-0.000087 2.034805 0.020909 0.250000 -0.174661
-0.000079 3.015132 -0.003106 0.250000 -0.116094
-0.000059 4.004562 -0.001211 0.250000 0.012940
0.999927 -5.000160 0.000286 0.250000 0.026719
1.000644 -4.003047 -0.001185 0.250000 0.016853
1.003861 -3.011858 -0.003190 0.250000 -0.089240
1.013511 -2.027214 0.009474 0.250000 -0.210948
1.026238 -1.026435 0.072379 0.250000 0.148601
1.034006 -0.000094 0.111695 0.250000 0.423059
1.026247 1.026247 0.072381 0.250000 0.151109
1.013499 2.027077 0.009400 0.250000 -0.207191
1.003809 3.011981 -0.003300 0.250000 -0.085664
1.000643 4.003667 -0.000924 0.250000 0.020450
1.999798 -4.999821 0.000348 0.250000 0.023436
2.000553 -4.001380 -0.000595 0.250000 0.027373
2.003827 -3.005914 -0.002475 0.250000 -0.021825
2.012726 -2.012859 -0.002228 0.250000 -0.148349
2.027059 -1.013676 0.009403 0.250000 -0.209206
2.034805 -0.000087 0.020909 0.250000 -0.174661
2.027077 1.013499 0.009400 0.250000 -0.207191
2.012716 2.012716 -0.002299 0.250000 -0.145082
2.003756 3.005958 -0.002575 0.250000 -0.018601
2.000558 4.001799 -0.000325 0.250000 0.031094
2.999646 -4.999558 0.000397 0.250000 0.017476
3.000013 -4.000091 -0.000112 0.250000 0.027339
3.001748 -3.001714 -0.000999 0.250000 0.023318
3.005958 -2.003897 -0.002511 0.250000 -0.021211
3.011956 -1.003970 -0.003292 0.250000 -0.087265
3.015132 -0.000079 -0.003106 0.250000 -0.116093
3.011981 1.003809 -0.003300 0.250000 -0.085664
3.005958 2.003756 -0.002575 0.250000 -0.018600
3.001684 3.001684 -0.001068 0.250000 0.025993
3.000023 4.000300 0.000190 0.250000 0.031141
3.999624 -4.999540 0.000648 0.250000 0.012410
3.999707 -3.999628 0.000397 0.250000 0.020228
4.000349 -3.000068 0.000196 0.250000 0.029018
4.001793 -2.000660 -0.000289 0.250000 0.029222
4.003643 -1.000760 -0.000919 0.250000 0.019300
4.004562 -0.000059 -0.001211 0.250000 0.012940
4.003667 1.000643 -0.000924 0.250000 0.020450
4.001799 2.000558 -0.000325 0.250000 0.031094
4.000300 3.000023 0.000190 0.250000 0.031141
3.999712 3.999712 0.000700 0.250000 0.023661
-4.999431 -4.999431 1.000472 0.250000 0.000657
-4.999963 -4.999963 2.000729 0.250000 -0.001599
-4.999311 -3.999497 1.000407 0.250000 0.000289
-5.000214 -4.000236 2.000871 0.250000 -0.002556
-4.999310 -2.999642 1.000669 0.250000 0.003390
-5.000664 -3.000469 2.001333 0.250000 -0.000579
-4.999437 -1.999814 1.001037 0.250000 0.008625
-5.001232 -2.000536 2.001946 0.250000 0.003790
-4.999634 -0.999956 1.001352 0.250000 0.013700
-5.001735 -1.000362 2.002480 0.250000 0.008510
-4.999739 -0.000030 1.001481 0.250000 0.016294
-5.001937 0.000009 2.002695 0.250000 0.011153
-4.999641 0.999899 1.001354 0.250000 0.015455
-5.001718 1.000381 2.002476 0.250000 0.010567
-4.999424 1.999757 1.001013 0.250000 0.011726
-5.001187 2.000550 2.001929 0.250000 0.007495
-4.999260 2.999557 1.000645 0.250000 0.007128
-5.000598 3.000444 2.001331 0.250000 0.004033
-4.999303 3.999423 1.000617 0.250000 0.004979
-5.000186 4.000171 2.001020 0.250000 0.002441
-3.999497 -4.999311 1.000407 0.250000 0.000289
-4.000236 -5.000214 2.000871 0.250000 -0.002556
-3.999480 -3.999480 1.000584 0.250000 0.003277
-4.000733 -4.000733 2.001427 0.250000 -0.000580
-3.999768 -2.999855 1.001303 0.250000 0.012677
-4.001596 -3.001218 2.002593 0.250000 0.007325
-4.000499 -2.000287 1.002213 0.250000 0.023457
-4.002755 -2.001385 2.004096 0.250000 0.018749
-4.001498 -1.000415 1.003000 0.250000 0.030202
-4.003866 -1.000962 2.005438 0.250000 0.028807
-4.002012 -0.000039 1.003326 0.250000 0.032732
-4.004340 0.000014 2.005988 0.250000 0.033568
-4.001506 1.000342 1.002994 0.250000 0.032703
-4.003844 1.000997 2.005418 0.250000 0.031648
-4.000481 2.000217 1.002149 0.250000 0.027874
-4.002696 2.001423 2.004030 0.250000 0.023834
-3.999694 2.999767 1.001184 0.250000 0.017793
-4.001501 3.001215 2.002502 0.250000 0.013508
-3.999452 3.999436 1.000733 0.250000 0.009266
-4.000668 4.000677 2.001498 0.250000 0.005869
-2.999642 -4.999310 1.000669 0.250000 0.003389
-3.000469 -5.000664 2.001333 0.250000 -0.000579
-2.999855 -3.999768 1.001303 0.250000 0.012677
-3.001218 -4.001596 2.002593 0.250000 0.007324
-3.000873 -3.000873 1.002761 0.250000 0.027184
-3.002609 -3.002609 2.004961 0.250000 0.023656
-3.003433 -2.002337 1.004725 0.250000 0.030606
-3.004738 -2.003154 2.008158 0.250000 0.041470
-3.007240 -1.002501 1.006947 0.250000 0.020163
-3.007076 -1.002348 2.011289 0.250000 0.053805
-3.009294 -0.000041 1.008131 0.250000 0.014784
-3.008168 0.000025 2.012672 0.250000 0.059131
-3.007245 1.002428 1.006935 0.250000 0.023366
-3.007050 1.002412 2.011251 0.250000 0.057379
-3.003405 2.002283 1.004625 0.250000 0.036249
-3.004671 2.003238 2.008039 0.250000 0.047797
-3.000779 3.000838 1.002547 0.250000 0.033492
-3.002498 3.002666 2.004765 0.250000 0.031098
-2.999812 3.999841 1.001342 0.250000 0.019333
-3.001129 4.001598 2.002542 0.250000 0.014629
-1.999814 -4.999437 1.001037 0.250000 0.008625
-2.000536 -5.001232 2.001946 0.250000 0.003790
-2.000287 -4.000499 1.002213 0.250000 0.023457
-2.001385 -4.002755 2.004096 0.250000 0.018749
-2.002337 -3.003433 1.004725 0.250000 0.030606
-2.003154 -3.004738 2.008158 0.250000 0.041470
-2.008176 -2.008176 1.009633 0.250000 0.001806
-2.006347 -2.006346 2.014317 0.250000 0.059392
-2.017860 -1.009063 1.018940 0.250000 -0.021393
-2.010447 -1.005215 2.021457 0.250000 0.071235
-2.023426 -0.000042 1.025147 0.250000 -0.015606
-2.012548 0.000038 2.025022 0.250000 0.078794
-2.017860 1.008993 1.018920 0.250000 -0.017612
-2.010423 1.005311 2.021401 0.250000 0.075381
-2.008143 2.008148 1.009494 0.250000 0.008336
-2.006284 2.006483 2.014142 0.250000 0.066595
-2.002245 3.003480 1.004414 0.250000 0.037515
-2.003051 3.004870 2.007852 0.250000 0.049563
-2.000244 4.000744 1.002139 0.250000 0.030017
-2.001298 4.002841 2.003910 0.250000 0.026109
-0.999956 -4.999634 1.001352 0.250000 0.013701
-1.000362 -5.001735 2.002480 0.250000 0.008510
-1.000415 -4.001498 1.003000 0.250000 0.030202
-1.000962 -4.003866 2.005438 0.250000 0.028807
-1.002501 -3.007240 1.006947 0.250000 0.020163
-1.002348 -3.007076 2.011289 0.250000 0.053805
-1.009063 -2.017860 1.018940 0.250000 -0.021391
-1.005215 -2.010447 2.021457 0.250000 0.071235
-1.020674 -1.020674 1.048045 0.250000 0.060040
-1.009352 -1.009352 2.035342 0.250000 0.098534
-1.027156 -0.000041 1.068757 0.250000 0.174781
-1.011616 0.000048 2.042987 0.250000 0.123124
-1.020671 1.020610 1.048017 0.250000 0.064278
-1.009337 1.009476 2.035270 0.250000 0.103036
-1.009040 2.017859 1.018767 0.250000 -0.014329
-1.005176 2.010628 2.021238 0.250000 0.078904
-1.002443 3.007364 1.006556 0.250000 0.027156
-1.002283 3.007273 2.010894 0.250000 0.062023
-1.000386 4.001899 1.002836 0.250000 0.036148
-1.000905 4.004028 2.005142 0.250000 0.035696
-0.000030 -4.999739 1.001481 0.250000 0.016294
0.000009 -5.001937 2.002695 0.250000 0.011153
-0.000039 -4.002012 1.003326 0.250000 0.032732
0.000014 -4.004340 2.005988 0.250000 0.033569
-0.000041 -3.009294 1.008131 0.250000 0.014785
0.000025 -3.008168 2.012672 0.250000 0.059130
-0.000042 -2.023426 1.025147 0.250000 -0.015606
0.000038 -2.012548 2.025022 0.250000 0.078794
-0.000041 -1.027156 1.068757 0.250000 0.174781
0.000048 -1.011616 2.042987 0.250000 0.123124
-0.000040 -0.000040 1.098909 0.250000 0.370070
0.000053 0.000053 2.053233 0.250000 0.163891
-0.000040 1.027097 1.068724 0.250000 0.179214
0.000049 1.011751 2.042908 0.250000 0.127728
-0.000042 2.023437 1.024959 0.250000 -0.008379
0.000039 2.012746 2.024784 0.250000 0.086548
-0.000043 3.009450 1.007706 0.250000 0.021678
0.000027 3.008390 2.012241 0.250000 0.067234
-0.000032 4.002475 1.003126 0.250000 0.038236
0.000021 4.004532 2.005649 0.250000 0.040058
0.999899 -4.999641 1.001354 0.250000 0.015455
1.000381 -5.001718 2.002476 0.250000 0.010567
1.000342 -4.001506 1.002994 0.250000 0.032703
1.000997 -4.003844 2.005418 0.250000 0.031648
1.002428 -3.007245 1.006935 0.250000 0.023366
1.002412 -3.007050 2.011251 0.250000 0.057380
1.008993 -2.017860 1.018920 0.250000 -0.017612
1.005311 -2.010423 2.021401 0.250000 0.075380
1.020610 -1.020671 1.048017 0.250000 0.064278
1.009476 -1.009337 2.035270 0.250000 0.103035
1.027097 -0.000040 1.068724 0.250000 0.179214
1.011751 0.000049 2.042908 0.250000 0.127728
1.020610 1.020610 1.047987 0.250000 0.068485
1.009462 1.009462 2.035196 0.250000 0.107451
1.008970 2.017860 1.018743 0.250000 -0.010649
1.005275 2.010604 2.021179 0.250000 0.082854
1.002367 3.007367 1.006539 0.250000 0.030125
1.002350 3.007246 2.010855 0.250000 0.065273
1.000328 4.001901 1.002830 0.250000 0.038288
1.000952 4.004003 2.005125 0.250000 0.038114
1.999757 -4.999424 1.001013 0.250000 0.011726
2.000550 -5.001187 2.001929 0.250000 0.007496
2.000217 -4.000481 1.002149 0.250000 0.027874
2.001423 -4.002696 2.004030 0.250000 0.023834
2.002283 -3.003405 1.004625 0.250000 0.036250
2.003238 -3.004671 2.008039 0.250000 0.047797
2.008148 -2.008143 1.009494 0.250000 0.008336
2.006483 -2.006284 2.014142 0.250000 0.066595
2.017859 -1.009040 1.018767 0.250000 -0.014330
2.010628 -1.005176 2.021238 0.250000 0.078904
2.023437 -0.000042 1.024959 0.250000 -0.008379
2.012746 0.000039 2.024784 0.250000 0.086548
2.017860 1.008970 1.018743 0.250000 -0.010649
2.010604 1.005275 2.021179 0.250000 0.082854
2.008115 2.008115 1.009348 0.250000 0.014585
2.006421 2.006421 2.013964 0.250000 0.073369
2.002189 3.003447 1.004309 0.250000 0.042608
2.003135 3.004800 2.007734 0.250000 0.055206
2.000195 4.000714 1.002088 0.250000 0.033709
2.001348 4.002778 2.003857 0.250000 0.030344
2.999557 -4.999260 1.000645 0.250000 0.007128
3.000444 -5.000598 2.001331 0.250000 0.004033
2.999767 -3.999694 1.001184 0.250000 0.017794
3.001215 -4.001501 2.002502 0.250000 0.013508
3.000838 -3.000779 1.002547 0.250000 0.033492
3.002666 -3.002498 2.004765 0.250000 0.031098
3.003480 -2.002245 1.004414 0.250000 0.037514
3.004870 -2.003051 2.007852 0.250000 0.049563
3.007364 -1.002443 1.006556 0.250000 0.027156
3.007273 -1.002283 2.010894 0.250000 0.062022
3.009450 -0.000043 1.007706 0.250000 0.021678
3.008390 0.000027 2.012241 0.250000 0.067234
3.007367 1.002367 1.006539 0.250000 0.030125
3.007246 1.002350 2.010855 0.250000 0.065273
3.003447 2.002189 1.004309 0.250000 0.042608
3.004800 2.003135 2.007734 0.250000 0.055206
3.000741 3.000741 1.002343 0.250000 0.038935
3.002554 3.002554 2.004582 0.250000 0.037513
2.999752 3.999764 1.001269 0.250000 0.023508
3.001142 4.001505 2.002482 0.250000 0.019609
3.999423 -4.999303 1.000617 0.250000 0.004979
4.000171 -5.000186 2.001020 0.250000 0.002441
3.999436 -3.999452 1.000733 0.250000 0.009266
4.000677 -4.000668 2.001498 0.250000 0.005870
3.999841 -2.999812 1.001342 0.250000 0.019333
4.001598 -3.001129 2.002542 0.250000 0.014629
4.000744 -2.000244 1.002139 0.250000 0.030017
4.002841 -2.001298 2.003910 0.250000 0.026109
4.001899 -1.000386 1.002836 0.250000 0.036148
4.004028 -1.000905 2.005142 0.250000 0.035697
4.002475 -0.000032 1.003126 0.250000 0.038236
4.004532 0.000021 2.005649 0.250000 0.040058
4.001901 1.000328 1.002830 0.250000 0.038288
4.004003 1.000952 2.005125 0.250000 0.038113
4.000714 2.000195 1.002088 0.250000 0.033709
4.002778 2.001348 2.003857 0.250000 0.030344
3.999764 2.999752 1.001269 0.250000 0.023507
4.001505 3.001142 2.002482 0.250000 0.019608
3.999438 3.999438 1.000923 0.250000 0.014091
4.000637 4.000637 2.001604 0.250000 0.010883
0.000000 0.000000 -1.000000 0.250000 0.000000
