-5.000587 -5.000587 0.001256 0.250000 -0.130249
-5.000870 -4.000649 0.001133 0.250000 -0.155351
-5.001303 -3.000685 0.001277 0.250000 -0.175682
-5.001812 -2.000609 0.001564 0.250000 -0.192969
-5.002247 -1.000349 0.001843 0.250000 -0.205684
-5.002417 0.000067 0.001974 0.250000 -0.211254
-5.002231 1.000488 0.001895 0.250000 -0.208637
-5.001785 2.000762 0.001690 0.250000 -0.198270
-5.001288 3.000864 0.001558 0.250000 -0.179804
-5.000918 4.000868 0.001699 0.250000 -0.150644
-4.000649 -5.000870 0.001133 0.250000 -0.155352
-4.001059 -4.001059 0.001044 0.250000 -0.190516
-4.001766 -3.001254 0.001427 0.250000 -0.220070
-4.002724 -2.001258 0.002144 0.250000 -0.244314
-4.003657 -1.000818 0.002904 0.250000 -0.259481
-4.004058 0.000070 0.003258 0.250000 -0.265306
-4.003639 1.000965 0.002956 0.250000 -0.263841
-4.002694 2.001433 0.002277 0.250000 -0.252396
-4.001751 3.001477 0.001755 0.250000 -0.227226
-4.001119 4.001349 0.001761 0.250000 -0.185658
-3.000685 -5.001303 0.001277 0.250000 -0.175682
-3.001254 -4.001766 0.001427 0.250000 -0.220070
-3.002375 -3.002375 0.002452 0.250000 -0.255116
-3.004192 -2.002737 0.004453 0.250000 -0.267815
-3.006302 -1.002026 0.006982 0.250000 -0.245111
-3.007325 0.000078 0.008293 0.250000 -0.224507
-3.006285 1.002196 0.007037 0.250000 -0.250376
-3.004164 2.002947 0.004599 0.250000 -0.277624
-3.002361 3.002658 0.002823 0.250000 -0.264024
-3.001314 4.002138 0.002254 0.250000 -0.214826
-2.000609 -5.001812 0.001564 0.250000 -0.192969
-2.001258 -4.002724 0.002144 0.250000 -0.244314
-2.002737 -3.004192 0.004453 0.250000 -0.267815
-2.005681 -2.005681 0.009890 0.250000 -0.183977
-2.009821 -1.004863 0.019014 0.250000 0.102514
-2.011949 0.000089 0.024792 0.250000 0.322618
-2.009807 1.005058 0.019072 0.250000 0.096629
-2.005658 2.005929 0.010047 0.250000 -0.194803
-2.002726 3.004535 0.004861 0.250000 -0.277341
-2.001304 4.003177 0.003059 0.250000 -0.237632
-1.000349 -5.002247 0.001843 0.250000 -0.205684
-1.000818 -4.003657 0.002904 0.250000 -0.259481
-1.002026 -3.006302 0.006982 0.250000 -0.245112
-1.004863 -2.009821 0.019014 0.250000 0.102514
-1.008340 -1.008340 0.044975 0.250000 1.200738
-1.010438 0.000097 0.059529 0.250000 1.852504
-1.008333 1.008553 0.045033 0.250000 1.194299
-1.004850 2.010096 0.019179 0.250000 0.091039
-1.002018 3.006689 0.007416 0.250000 -0.254637
-1.000838 4.004170 0.003881 0.250000 -0.250996
0.000067 -5.002417 0.001974 0.250000 -0.211254
0.000070 -4.004058 0.003258 0.250000 -0.265306
0.000078 -3.007325 0.008293 0.250000 -0.224507
0.000089 -2.011949 0.024792 0.250000 0.322617
0.000097 -1.010438 0.059529 0.250000 1.852502
0.000100 0.000100 0.080722 0.250000 2.829818
0.000096 1.010657 0.059587 0.250000 1.845884
0.000089 2.012234 0.024958 0.250000 0.310967
0.000081 3.007727 0.008738 0.250000 -0.233728
0.000080 4.004594 0.004261 0.250000 -0.255615
1.000488 -5.002231 0.001895 0.250000 -0.208637
1.000965 -4.003639 0.002956 0.250000 -0.263840
1.002196 -3.006285 0.007037 0.250000 -0.250376
1.005058 -2.009807 0.019072 0.250000 0.096630
1.008553 -1.008333 0.045033 0.250000 1.194299
1.010657 0.000096 0.059587 0.250000 1.845882
1.008545 1.008545 0.045092 0.250000 1.188084
1.005044 2.010081 0.019238 0.250000 0.085633
1.002192 3.006670 0.007474 0.250000 -0.259030
1.001005 4.004151 0.003940 0.250000 -0.253887
2.000762 -5.001785 0.001690 0.250000 -0.198270
2.001433 -4.002694 0.002277 0.250000 -0.252396
2.002947 -3.004164 0.004599 0.250000 -0.277624
2.005929 -2.005658 0.010047 0.250000 -0.194803
2.010096 -1.004850 0.019179 0.250000 0.091039
2.012234 0.000089 0.024958 0.250000 0.310966
2.010081 1.005044 0.019238 0.250000 0.085634
2.005904 2.005904 0.010207 0.250000 -0.204594
2.002937 3.004502 0.005012 0.250000 -0.285279
2.001491 4.003144 0.003202 0.250000 -0.242628
3.000864 -5.001288 0.001558 0.250000 -0.179804
3.001477 -4.001751 0.001755 0.250000 -0.227226
3.002658 -3.002361 0.002823 0.250000 -0.264024
3.004535 -2.002726 0.004861 0.250000 -0.277341
3.006689 -1.002018 0.007416 0.250000 -0.254637
3.007727 0.000081 0.008738 0.250000 -0.233728
3.006670 1.002192 0.007474 0.250000 -0.259030
3.004502 2.002937 0.005012 0.250000 -0.285279
3.002640 3.002640 0.003197 0.250000 -0.269761
3.001538 4.002117 0.002577 0.250000 -0.217523
4.000868 -5.000918 0.001699 0.250000 -0.150643
4.001349 -4.001119 0.001761 0.250000 -0.185658
4.002138 -3.001314 0.002254 0.250000 -0.214825
4.003177 -2.001304 0.003059 0.250000 -0.237632
4.004170 -1.000838 0.003881 0.250000 -0.250996
4.004594 0.000080 0.004261 0.250000 -0.255615
4.004151 1.001005 0.003940 0.250000 -0.253887
4.003144 2.001491 0.003202 0.250000 -0.242628
4.002117 3.001538 0.002577 0.250000 -0.217523
4.001397 4.001397 0.002415 0.250000 -0.176805
-5.000609 -5.000609 1.001489 0.250000 -0.127885
-5.000792 -5.000792 2.001848 0.250000 -0.119681
-5.000925 -4.000772 1.001505 0.250000 -0.147142
-5.001172 -4.000999 2.002035 0.250000 -0.132252
-5.001427 -3.000886 1.001802 0.250000 -0.159212
-5.001718 -3.001112 2.002455 0.250000 -0.137794
-5.002027 -2.000815 1.002241 0.250000 -0.167058
-5.002338 -2.000994 2.002994 0.250000 -0.138584
-5.002541 -1.000486 1.002639 0.250000 -0.171800
-5.002850 -1.000586 2.003460 0.250000 -0.137558
-5.002745 0.000046 1.002814 0.250000 -0.174352
-5.003052 0.000031 2.003660 0.250000 -0.137858
-5.002533 1.000574 1.002687 0.250000 -0.175255
-5.002853 1.000641 2.003515 0.250000 -0.140803
-5.002022 2.000895 1.002360 0.250000 -0.173287
-5.002355 2.001030 2.003126 0.250000 -0.144069
-5.001456 3.000954 1.002062 0.250000 -0.164955
-5.001775 3.001127 2.002718 0.250000 -0.142553
-5.001040 4.000873 1.002031 0.250000 -0.144533
-5.001300 4.001031 2.002495 0.250000 -0.131021
-4.000772 -5.000925 1.001505 0.250000 -0.147141
-4.000999 -5.001172 2.002035 0.250000 -0.132252
-4.001274 -4.001274 1.001670 0.250000 -0.169035
-4.001576 -4.001576 2.002460 0.250000 -0.142315
-4.002120 -3.001593 1.002350 0.250000 -0.179351
-4.002440 -3.001865 2.003324 0.250000 -0.140005
-4.003239 -2.001603 1.003367 0.250000 -0.180988
-4.003488 -2.001771 2.004460 0.250000 -0.128189
-4.004299 -1.001041 1.004352 0.250000 -0.177043
-4.004416 -1.001102 2.005489 0.250000 -0.114082
-4.004749 0.000048 1.004786 0.250000 -0.175598
-4.004796 0.000034 2.005926 0.250000 -0.108988
-4.004289 1.001135 1.004397 0.250000 -0.182190
-4.004416 1.001163 2.005542 0.250000 -0.118913
-4.003229 2.001691 1.003486 0.250000 -0.190619
-4.003499 2.001810 2.004598 0.250000 -0.136693
-4.002142 3.001673 1.002641 0.250000 -0.189361
-4.002486 3.001876 2.003618 0.250000 -0.148390
-4.001386 4.001402 1.002315 0.250000 -0.168138
-4.001689 4.001606 2.003007 0.250000 -0.143247
-3.000886 -5.001427 1.001802 0.250000 -0.159212
-3.001112 -5.001718 2.002455 0.250000 -0.137794
-3.001593 -4.002120 1.002350 0.250000 -0.179351
-3.001865 -4.002440 2.003324 0.250000 -0.140005
-3.002903 -3.002903 1.003852 0.250000 -0.178007
-3.003074 -3.003074 2.005000 0.250000 -0.118891
-3.004897 -2.003247 1.006260 0.250000 -0.150057
-3.004690 -2.003129 2.007337 0.250000 -0.074405
-3.007074 -1.002322 1.008896 0.250000 -0.101461
-3.006258 -1.002069 2.009616 0.250000 -0.022260
-3.008088 0.000055 1.010141 0.250000 -0.075636
-3.006939 0.000041 2.010619 0.250000 0.000686
-3.007064 1.002433 1.008940 0.250000 -0.107897
-3.006256 1.002143 2.009669 0.250000 -0.028449
-3.004887 2.003357 1.006382 0.250000 -0.162281
-3.004696 2.003179 2.007478 0.250000 -0.085518
-3.002919 3.003013 1.004167 0.250000 -0.191352
-3.003108 3.003094 2.005316 0.250000 -0.130525
-3.001690 4.002291 1.003076 0.250000 -0.180214
-3.001956 4.002479 2.003932 0.250000 -0.143197
-2.000815 -5.002027 1.002241 0.250000 -0.167058
-2.000994 -5.002338 2.002994 0.250000 -0.138584
-2.001603 -4.003239 1.003367 0.250000 -0.180988
-2.001771 -4.003488 2.004460 0.250000 -0.128189
-2.003247 -3.004897 1.006260 0.250000 -0.150057
-2.003129 -3.004690 2.007337 0.250000 -0.074405
-2.006199 -2.006199 1.011570 0.250000 -0.033786
-2.005151 -2.005151 2.011696 0.250000 0.035705
-2.009991 -1.004969 1.018515 0.250000 0.177111
-2.007335 -1.003647 2.016387 0.250000 0.175889
-2.011946 0.000064 1.022199 0.250000 0.303202
-2.008350 0.000048 2.018577 0.250000 0.244568
-2.009983 1.005100 1.018559 0.250000 0.169734
-2.007333 1.003735 2.016440 0.250000 0.168674
-2.006189 2.006334 1.011696 0.250000 -0.047856
-2.005154 2.005216 2.011840 0.250000 0.022620
-2.003256 3.005042 1.006594 0.250000 -0.165657
-2.003151 3.004724 2.007667 0.250000 -0.088484
-2.001674 4.003458 1.004154 0.250000 -0.182592
-2.001835 4.003544 2.005111 0.250000 -0.132998
-1.000486 -5.002541 1.002639 0.250000 -0.171800
-1.000586 -5.002850 2.003460 0.250000 -0.137558
-1.001041 -4.004299 1.004352 0.250000 -0.177043
-1.001102 -4.004416 2.005489 0.250000 -0.114082
-1.002322 -3.007074 1.008896 0.250000 -0.101461
-1.002069 -3.006258 2.009616 0.250000 -0.022260
-1.004969 -2.009991 1.018515 0.250000 0.177111
-1.003647 -2.007335 2.016387 0.250000 0.175890
-1.008796 -1.008796 1.033391 0.250000 0.740944
-1.005513 -1.005513 2.024359 0.250000 0.450773
-1.010787 0.000071 1.042085 0.250000 1.103293
-1.006432 0.000053 2.028302 0.250000 0.595272
-1.008791 1.008941 1.033434 0.250000 0.732929
-1.005512 1.005612 2.024411 0.250000 0.442928
-1.004963 2.010144 1.018643 0.250000 0.161924
-1.003648 2.007411 2.016532 0.250000 0.161637
-1.002325 3.007244 1.009243 0.250000 -0.118262
-1.002080 3.006304 2.009956 0.250000 -0.037732
-1.001076 4.004556 1.005182 0.250000 -0.178525
-1.001134 4.004485 2.006167 0.250000 -0.119608
0.000046 -5.002745 1.002814 0.250000 -0.174352
0.000031 -5.003052 2.003660 0.250000 -0.137858
0.000048 -4.004749 1.004786 0.250000 -0.175598
0.000034 -4.004796 2.005926 0.250000 -0.108989
0.000055 -3.008088 1.010141 0.250000 -0.075636
0.000041 -3.006939 2.010619 0.250000 0.000685
0.000064 -2.011946 1.022199 0.250000 0.303203
0.000048 -2.008350 2.018577 0.250000 0.244569
0.000071 -1.010787 1.042085 0.250000 1.103293
0.000053 -1.006432 2.028302 0.250000 0.595272
0.000073 0.000073 1.053780 0.250000 1.612737
0.000055 0.000055 2.033227 0.250000 0.784501
0.000070 1.010937 1.042127 0.250000 1.095103
0.000053 1.006535 2.028353 0.250000 0.587303
0.000064 2.012106 1.022328 0.250000 0.287789
0.000048 2.008430 2.018724 0.250000 0.230118
0.000057 3.008268 1.010494 0.250000 -0.092522
0.000042 3.006990 2.010963 0.250000 -0.014923
0.000055 4.005021 1.005634 0.250000 -0.176478
0.000038 4.004871 2.006616 0.250000 -0.114280
1.000574 -5.002533 1.002687 0.250000 -0.175255
1.000641 -5.002853 2.003515 0.250000 -0.140803
1.001135 -4.004289 1.004397 0.250000 -0.182191
1.001163 -4.004416 2.005542 0.250000 -0.118913
1.002433 -3.007064 1.008940 0.250000 -0.107897
1.002143 -3.006256 2.009669 0.250000 -0.028449
1.005100 -2.009983 1.018558 0.250000 0.169733
1.003735 -2.007333 2.016440 0.250000 0.168674
1.008941 -1.008791 1.033434 0.250000 0.732929
1.005612 -1.005512 2.024411 0.250000 0.442928
1.010937 0.000070 1.042127 0.250000 1.095103
1.006535 0.000053 2.028353 0.250000 0.587303
1.008935 1.008935 1.033478 0.250000 0.725197
1.005610 1.005610 2.024464 0.250000 0.435413
1.005093 2.010135 1.018689 0.250000 0.155151
1.003736 2.007408 2.016587 0.250000 0.155105
1.002440 3.007233 1.009291 0.250000 -0.123664
1.002156 3.006302 2.010013 0.250000 -0.042835
1.001185 4.004546 1.005235 0.250000 -0.182086
1.001204 4.004486 2.006226 0.250000 -0.122978
2.000895 -5.002022 1.002360 0.250000 -0.173287
2.001030 -5.002355 2.003126 0.250000 -0.144069
2.001691 -4.003229 1.003486 0.250000 -0.190619
2.001810 -4.003499 2.004598 0.250000 -0.136693
2.003357 -3.004887 1.006382 0.250000 -0.162282
2.003179 -3.004696 2.007478 0.250000 -0.085519
2.006334 -2.006189 1.011696 0.250000 -0.047856
2.005216 -2.005154 2.011840 0.250000 0.022619
2.010144 -1.004963 1.018643 0.250000 0.161924
2.007411 -1.003648 2.016532 0.250000 0.161636
2.012106 0.000064 1.022328 0.250000 0.287788
2.008430 0.000048 2.018724 0.250000 0.230118
2.010135 1.005093 1.018689 0.250000 0.155152
2.007408 1.003736 2.016587 0.250000 0.155105
2.006322 2.006322 1.011827 0.250000 -0.060628
2.005218 2.005218 2.011988 0.250000 0.010959
2.003369 3.005029 1.006724 0.250000 -0.175680
2.003205 3.004731 2.007815 0.250000 -0.097377
2.001776 4.003449 1.004286 0.250000 -0.188894
2.001885 4.003557 2.005256 0.250000 -0.138565
3.000954 -5.001456 1.002062 0.250000 -0.164955
3.001127 -5.001775 2.002718 0.250000 -0.142553
3.001673 -4.002142 1.002641 0.250000 -0.189362
3.001876 -4.002486 2.003618 0.250000 -0.148390
3.003013 -3.002919 1.004167 0.250000 -0.191352
3.003094 -3.003108 2.005316 0.250000 -0.130525
3.005042 -2.003256 1.006594 0.250000 -0.165658
3.004724 -2.003151 2.007667 0.250000 -0.088485
3.007244 -1.002325 1.009243 0.250000 -0.118262
3.006304 -1.002080 2.009956 0.250000 -0.037732
3.008268 0.000057 1.010494 0.250000 -0.092523
3.006990 0.000042 2.010963 0.250000 -0.014923
3.007233 1.002440 1.009291 0.250000 -0.123664
3.006302 1.002156 2.010013 0.250000 -0.042836
3.005029 2.003369 1.006724 0.250000 -0.175680
3.004731 2.003205 2.007815 0.250000 -0.097377
3.003031 3.003031 1.004491 0.250000 -0.201104
3.003135 3.003135 2.005637 0.250000 -0.138806
3.001784 4.002317 1.003369 0.250000 -0.185296
3.001984 4.002533 2.004223 0.250000 -0.147438
4.000873 -5.001040 1.002031 0.250000 -0.144533
4.001031 -5.001300 2.002495 0.250000 -0.131021
4.001402 -4.001386 1.002315 0.250000 -0.168138
4.001606 -4.001689 2.003007 0.250000 -0.143247
4.002291 -3.001690 1.003076 0.250000 -0.180214
4.002479 -3.001956 2.003932 0.250000 -0.143197
4.003458 -2.001674 1.004154 0.250000 -0.182592
4.003544 -2.001835 2.005111 0.250000 -0.132998
4.004556 -1.001076 1.005182 0.250000 -0.178525
4.004485 -1.001134 2.006167 0.250000 -0.119608
4.005021 0.000055 1.005634 0.250000 -0.176479
4.004871 0.000038 2.006616 0.250000 -0.114280
4.004546 1.001185 1.005235 0.250000 -0.182086
4.004486 1.001204 2.006226 0.250000 -0.122979
4.003449 2.001776 1.004286 0.250000 -0.188895
4.003557 2.001885 2.005256 0.250000 -0.138565
4.002317 3.001784 1.003369 0.250000 -0.185296
4.002533 3.001984 2.004223 0.250000 -0.147439
4.001523 4.001523 1.002916 0.250000 -0.162408
4.001737 4.001737 2.003524 0.250000 -0.139847
0.000000 0.000000 -1.000000 0.250000 0.000000
