-5.000253 -5.000253 0.000217 0.250000 -0.008709
-5.000493 -4.000317 -0.000097 0.250000 -0.009663
-5.000966 -3.000428 -0.000190 0.250000 -0.015252
-5.001589 -2.000471 -0.000193 0.250000 -0.026050
-5.002160 -1.000319 -0.000175 0.250000 -0.037421
-5.002392 0.000027 -0.000169 0.250000 -0.042856
-5.002134 1.000382 -0.000190 0.250000 -0.039600
-5.001533 2.000564 -0.000210 0.250000 -0.031512
-5.000911 3.000580 -0.000114 0.250000 -0.024970
-5.000541 4.000566 0.000282 0.250000 -0.021828
-4.000317 -5.000493 -0.000097 0.250000 -0.009663
-4.000724 -4.000724 -0.000515 0.250000 -0.014983
-4.001617 -3.001107 -0.000602 0.250000 -0.032728
-4.002986 -2.001359 -0.000488 0.250000 -0.063555
-4.004425 -1.001016 -0.000261 0.250000 -0.094946
-4.005070 0.000011 -0.000139 0.250000 -0.108873
-4.004397 1.001055 -0.000294 0.250000 -0.097409
-4.002925 2.001452 -0.000544 0.250000 -0.070265
-4.001558 3.001310 -0.000557 0.250000 -0.045630
-4.000795 4.001090 -0.000063 0.250000 -0.031935
-3.000428 -5.000966 -0.000190 0.250000 -0.015253
-3.001107 -4.001617 -0.000602 0.250000 -0.032728
-3.002755 -3.002755 -0.000439 0.250000 -0.078001
-3.005753 -2.003777 0.000587 0.250000 -0.146955
-3.009471 -1.003115 0.002595 0.250000 -0.202348
-3.011328 0.000013 0.003846 0.250000 -0.219081
-3.009444 1.003165 0.002551 0.250000 -0.205013
-3.005692 2.003909 0.000511 0.250000 -0.154582
-3.002695 3.003053 -0.000406 0.250000 -0.093294
-3.001182 4.002147 -0.000098 0.250000 -0.053574
-2.000471 -5.001589 -0.000193 0.250000 -0.026050
-2.001359 -4.002986 -0.000488 0.250000 -0.063554
-2.003777 -3.005753 0.000587 0.250000 -0.146955
-2.009095 -2.009095 0.005687 0.250000 -0.225616
-2.016948 -1.008466 0.017845 0.250000 -0.150272
-2.021065 0.000021 0.026634 0.250000 -0.033609
-2.016925 1.008539 0.017794 0.250000 -0.153143
-2.009044 2.009279 0.005601 0.250000 -0.234017
-2.003724 3.006162 0.000625 0.250000 -0.163983
-2.001414 4.003697 0.000076 0.250000 -0.086991
-1.000319 -5.002160 -0.000175 0.250000 -0.037421
-1.001016 -4.004425 -0.000261 0.250000 -0.094946
-1.003115 -3.009471 0.002595 0.250000 -0.202348
-1.008466 -2.016948 0.017845 0.250000 -0.150271
-1.015232 -1.015232 0.060333 0.250000 0.557176
-1.019330 0.000030 0.085194 0.250000 1.020470
-1.015218 1.015328 0.060273 0.250000 0.554059
-1.008435 2.017174 0.017749 0.250000 -0.159375
-1.003080 3.009970 0.002641 0.250000 -0.220568
-1.001035 4.005280 0.000359 0.250000 -0.119908
0.000027 -5.002392 -0.000169 0.250000 -0.042857
0.000011 -4.005070 -0.000139 0.250000 -0.108873
0.000013 -3.011328 0.003846 0.250000 -0.219080
0.000021 -2.021065 0.026634 0.250000 -0.033608
0.000030 -1.019330 0.085194 0.250000 1.020468
0.000034 0.000034 0.122209 0.250000 1.746605
0.000029 1.019434 0.085129 0.250000 1.017177
0.000021 2.021307 0.026533 0.250000 -0.043137
0.000020 3.011859 0.003898 0.250000 -0.237850
0.000038 4.005979 0.000509 0.250000 -0.134433
1.000382 -5.002134 -0.000190 0.250000 -0.039601
1.001055 -4.004397 -0.000294 0.250000 -0.097408
1.003165 -3.009444 0.002551 0.250000 -0.205012
1.008539 -2.016925 0.017794 0.250000 -0.153143
1.015328 -1.015218 0.060273 0.250000 0.554060
1.019434 0.000029 0.085129 0.250000 1.017176
1.015313 1.015313 0.060214 0.250000 0.550816
1.008508 2.017149 0.017701 0.250000 -0.162483
1.003143 3.009939 0.002605 0.250000 -0.223523
1.001125 4.005248 0.000345 0.250000 -0.122538
2.000564 -5.001533 -0.000210 0.250000 -0.031512
2.001452 -4.002925 -0.000544 0.250000 -0.070265
2.003909 -3.005692 0.000511 0.250000 -0.154583
2.009279 -2.009044 0.005601 0.250000 -0.234017
2.017174 -1.008435 0.017749 0.250000 -0.159375
2.021307 0.000021 0.026533 0.250000 -0.043136
2.017149 1.008508 0.017701 0.250000 -0.162483
2.009225 2.009225 0.005523 0.250000 -0.242823
2.003864 3.006096 0.000569 0.250000 -0.171955
2.001550 4.003629 0.000064 0.250000 -0.093535
3.000580 -5.000911 -0.000114 0.250000 -0.024970
3.001310 -4.001558 -0.000557 0.250000 -0.045630
3.003053 -3.002695 -0.000406 0.250000 -0.093294
3.006162 -2.003724 0.000625 0.250000 -0.163983
3.009970 -1.003080 0.002641 0.250000 -0.220568
3.011859 0.000020 0.003898 0.250000 -0.237850
3.009939 1.003143 0.002605 0.250000 -0.223523
3.006096 2.003864 0.000569 0.250000 -0.171956
3.002994 3.002994 -0.000333 0.250000 -0.108398
3.001407 4.002081 0.000007 0.250000 -0.065074
4.000566 -5.000541 0.000282 0.250000 -0.021828
4.001090 -4.000795 -0.000063 0.250000 -0.031935
4.002147 -3.001182 -0.000098 0.250000 -0.053574
4.003697 -2.001414 0.000076 0.250000 -0.086991
4.005280 -1.001035 0.000359 0.250000 -0.119908
4.005979 0.000038 0.000509 0.250000 -0.134433
4.005248 1.001125 0.000345 0.250000 -0.122538
4.003629 2.001550 0.000064 0.250000 -0.093535
4.002081 3.001407 0.000007 0.250000 -0.065074
4.001158 4.001158 0.000414 0.250000 -0.046034
-5.000168 -5.000168 1.000386 0.250000 -0.014873
-5.000487 -5.000487 2.000762 0.250000 -0.017509
-5.000406 -4.000335 1.000265 0.250000 -0.015057
-5.000878 -4.000748 2.000867 0.250000 -0.017035
-5.000887 -3.000510 1.000437 0.250000 -0.017014
-5.001488 -3.000929 2.001241 0.250000 -0.016757
-5.001514 -2.000551 1.000737 0.250000 -0.021686
-5.002206 -2.000878 2.001746 0.250000 -0.017464
-5.002078 -1.000356 1.001011 0.250000 -0.026788
-5.002809 -1.000518 2.002183 0.250000 -0.018697
-5.002302 0.000046 1.001117 0.250000 -0.029565
-5.003038 0.000077 2.002350 0.250000 -0.020030
-5.002044 1.000449 1.000984 0.250000 -0.029228
-5.002774 1.000666 2.002158 0.250000 -0.021647
-5.001451 2.000642 1.000695 0.250000 -0.027771
-5.002150 2.001002 2.001717 0.250000 -0.024112
-5.000837 3.000591 1.000464 0.250000 -0.027842
-5.001451 3.001009 2.001281 0.250000 -0.027506
-5.000479 4.000458 1.000576 0.250000 -0.028333
-5.000930 4.000812 2.001111 0.250000 -0.029969
-4.000335 -5.000406 1.000265 0.250000 -0.015057
-4.000748 -5.000878 2.000867 0.250000 -0.017035
-4.000775 -4.000775 1.000278 0.250000 -0.014458
-4.001382 -4.001382 2.001258 0.250000 -0.013731
-4.001682 -3.001225 1.000810 0.250000 -0.018052
-4.002404 -3.001798 2.002159 0.250000 -0.010366
-4.003014 -2.001440 1.001659 0.250000 -0.027104
-4.003704 -2.001813 2.003377 0.250000 -0.008014
-4.004370 -1.001030 1.002515 0.250000 -0.036745
-4.004891 -1.001154 2.004494 0.250000 -0.006495
-4.004965 0.000042 1.002879 0.250000 -0.041441
-4.005377 0.000090 2.004944 0.250000 -0.006783
-4.004335 1.001120 1.002460 0.250000 -0.039716
-4.004854 1.001329 2.004440 0.250000 -0.010279
-4.002945 2.001541 1.001559 0.250000 -0.035022
-4.003641 2.001965 2.003293 0.250000 -0.016847
-4.001623 3.001334 1.000767 0.250000 -0.033090
-4.002354 3.001901 2.002138 0.250000 -0.025207
-4.000853 4.000960 1.000601 0.250000 -0.033660
-4.001419 4.001462 2.001490 0.250000 -0.032083
-3.000510 -5.000887 1.000437 0.250000 -0.017014
-3.000929 -5.001488 2.001241 0.250000 -0.016757
-3.001225 -4.001682 1.000810 0.250000 -0.018052
-3.001798 -4.002404 2.002159 0.250000 -0.010365
-3.002821 -3.002821 1.002159 0.250000 -0.027291
-3.003313 -3.003313 2.004050 0.250000 -0.002459
-3.005568 -2.003676 1.004520 0.250000 -0.043349
-3.005468 -2.003605 2.006784 0.250000 0.007419
-3.008834 -1.002904 1.007357 0.250000 -0.052959
-3.007663 -1.002478 2.009550 0.250000 0.019335
-3.010418 0.000051 1.008756 0.250000 -0.054166
-3.008635 0.000108 2.010760 0.250000 0.024530
-3.008801 1.003019 1.007280 0.250000 -0.056445
-3.007628 1.002693 2.009471 0.250000 0.014711
-3.005504 2.003819 1.004373 0.250000 -0.052968
-3.005407 2.003803 2.006650 0.250000 -0.003587
-3.002763 3.003000 1.002056 0.250000 -0.046187
-3.003261 3.003462 2.003965 0.250000 -0.021358
-3.001298 4.001974 1.001118 0.250000 -0.042841
-3.001823 4.002528 2.002356 0.250000 -0.034123
-2.000551 -5.001514 1.000737 0.250000 -0.021686
-2.000878 -5.002206 2.001746 0.250000 -0.017464
-2.001440 -4.003014 1.001659 0.250000 -0.027105
-2.001813 -4.003704 2.003377 0.250000 -0.008014
-2.003676 -3.005568 1.004520 0.250000 -0.043350
-2.003605 -3.005468 2.006784 0.250000 0.007419
-2.008265 -2.008265 1.010584 0.250000 -0.048126
-2.006496 -2.006496 2.012264 0.250000 0.037416
-2.014674 -1.007326 1.019766 0.250000 0.009846
-2.009819 -1.004848 2.018531 0.250000 0.085334
-2.018103 0.000065 1.025010 0.250000 0.063496
-2.011411 0.000127 2.021530 0.250000 0.112242
-2.014647 1.007473 1.019673 0.250000 0.005852
-2.009791 1.005103 2.018431 0.250000 0.079938
-2.008212 2.008459 1.010402 0.250000 -0.059310
-2.006448 2.006742 2.012087 0.250000 0.024450
-2.003627 3.005831 1.004369 0.250000 -0.065598
-2.003562 3.005671 2.006644 0.250000 -0.015080
-2.001496 4.003431 1.001960 0.250000 -0.056448
-2.001828 4.003882 2.003539 0.250000 -0.036471
-1.000356 -5.002078 1.001011 0.250000 -0.026788
-1.000518 -5.002809 2.002183 0.250000 -0.018698
-1.001030 -4.004370 1.002515 0.250000 -0.036745
-1.001154 -4.004891 2.004494 0.250000 -0.006495
-1.002904 -3.008834 1.007357 0.250000 -0.052960
-1.002478 -3.007663 2.009550 0.250000 0.019335
-1.007326 -2.014674 1.019766 0.250000 0.009845
-1.004848 -2.009819 2.018531 0.250000 0.085335
-1.014200 -1.014200 1.042281 0.250000 0.300556
-1.007853 -1.007853 2.029965 0.250000 0.206569
-1.017877 0.000077 1.056385 0.250000 0.531095
-1.009384 0.000141 2.035842 0.250000 0.280384
-1.014185 1.014374 1.042175 0.250000 0.296111
-1.007838 1.008138 2.029851 0.250000 0.200585
-1.007296 2.014907 1.019559 0.250000 -0.002583
-1.004821 2.010100 2.018326 0.250000 0.070925
-1.002874 3.009162 1.007176 0.250000 -0.077677
-1.002453 3.007908 2.009374 0.250000 -0.005759
-1.001053 4.004889 1.002819 0.250000 -0.069233
-1.001160 4.005114 2.004635 0.250000 -0.038267
0.000046 -5.002302 1.001117 0.250000 -0.029565
0.000077 -5.003038 2.002350 0.250000 -0.020030
0.000042 -4.004965 1.002879 0.250000 -0.041441
0.000090 -4.005377 2.004944 0.250000 -0.006783
0.000051 -3.010418 1.008756 0.250000 -0.054166
0.000108 -3.008635 2.010760 0.250000 0.024530
0.000065 -2.018103 1.025010 0.250000 0.063496
0.000127 -2.011411 2.021530 0.250000 0.112242
0.000077 -1.017877 1.056385 0.250000 0.531094
0.000141 -1.009384 2.035842 0.250000 0.280384
0.000081 0.000081 1.075970 0.250000 0.879160
0.000146 0.000146 2.043404 0.250000 0.385235
0.000075 1.018061 1.056273 0.250000 0.526413
0.000139 1.009679 2.035723 0.250000 0.274155
0.000063 2.018350 1.024795 0.250000 0.050500
0.000124 2.011704 2.021317 0.250000 0.097260
0.000054 3.010770 1.008568 0.250000 -0.079896
0.000107 3.008894 2.010575 0.250000 -0.001548
0.000059 4.005521 1.003191 0.250000 -0.075137
0.000094 4.005615 2.005085 0.250000 -0.039768
1.000449 -5.002044 1.000984 0.250000 -0.029229
1.000666 -5.002774 2.002158 0.250000 -0.021647
1.001120 -4.004335 1.002460 0.250000 -0.039717
1.001329 -4.004854 2.004440 0.250000 -0.010279
1.003019 -3.008801 1.007280 0.250000 -0.056444
1.002693 -3.007628 2.009471 0.250000 0.014710
1.007473 -2.014647 1.019673 0.250000 0.005852
1.005103 -2.009791 2.018431 0.250000 0.079938
1.014374 -1.014185 1.042175 0.250000 0.296110
1.008138 -1.007838 2.029851 0.250000 0.200585
1.018061 0.000075 1.056273 0.250000 0.526414
1.009679 0.000139 2.035723 0.250000 0.274156
1.014356 1.014356 1.042071 0.250000 0.291553
1.008119 1.008119 2.029740 0.250000 0.194546
1.007439 2.014876 1.019472 0.250000 -0.006774
1.005070 2.010068 2.018234 0.250000 0.065452
1.002993 3.009123 1.007112 0.250000 -0.081370
1.002665 3.007868 2.009309 0.250000 -0.010406
1.001175 4.004848 1.002787 0.250000 -0.072286
1.001343 4.005073 2.004603 0.250000 -0.041943
2.000642 -5.001451 1.000695 0.250000 -0.027771
2.001002 -5.002150 2.001717 0.250000 -0.024113
2.001541 -4.002945 1.001559 0.250000 -0.035021
2.001965 -4.003641 2.003293 0.250000 -0.016847
2.003819 -3.005504 1.004373 0.250000 -0.052968
2.003803 -3.005407 2.006650 0.250000 -0.003587
2.008459 -2.008212 1.010402 0.250000 -0.059310
2.006742 -2.006448 2.012087 0.250000 0.024451
2.014907 -1.007296 1.019559 0.250000 -0.002583
2.010100 -1.004821 2.018326 0.250000 0.070926
2.018350 0.000063 1.024795 0.250000 0.050499
2.011704 0.000124 2.021317 0.250000 0.097260
2.014876 1.007439 1.019472 0.250000 -0.006774
2.010068 1.005070 2.018234 0.250000 0.065452
2.008400 2.008400 1.010235 0.250000 -0.070789
2.006686 2.006686 2.011930 0.250000 0.011436
2.003770 3.005757 1.004252 0.250000 -0.075372
2.003755 3.005603 2.006542 0.250000 -0.025912
2.001624 4.003356 1.001911 0.250000 -0.064021
2.001988 4.003816 2.003500 0.250000 -0.044734
3.000591 -5.000837 1.000464 0.250000 -0.027842
3.001009 -5.001451 2.001281 0.250000 -0.027506
3.001334 -4.001623 1.000767 0.250000 -0.033090
3.001901 -4.002354 2.002138 0.250000 -0.025207
3.003000 -3.002763 1.002056 0.250000 -0.046188
3.003462 -3.003261 2.003965 0.250000 -0.021358
3.005831 -2.003627 1.004369 0.250000 -0.065597
3.005671 -2.003562 2.006644 0.250000 -0.015080
3.009162 -1.002874 1.007176 0.250000 -0.077677
3.007908 -1.002453 2.009374 0.250000 -0.005758
3.010770 0.000054 1.008568 0.250000 -0.079896
3.008894 0.000107 2.010575 0.250000 -0.001548
3.009123 1.002993 1.007112 0.250000 -0.081371
3.007868 1.002665 2.009309 0.250000 -0.010407
3.005757 2.003770 1.004252 0.250000 -0.075372
3.005603 2.003755 2.006542 0.250000 -0.025913
3.002938 3.002938 1.002003 0.250000 -0.064620
3.003406 3.003406 2.003930 0.250000 -0.039508
3.001429 4.001914 1.001151 0.250000 -0.056207
3.001938 4.002481 2.002396 0.250000 -0.047398
4.000458 -5.000479 1.000576 0.250000 -0.028333
4.000812 -5.000930 2.001111 0.250000 -0.029969
4.000960 -4.000853 1.000601 0.250000 -0.033660
4.001462 -4.001419 2.001490 0.250000 -0.032083
4.001974 -3.001298 1.001118 0.250000 -0.042841
4.002528 -3.001823 2.002356 0.250000 -0.034123
4.003431 -2.001496 1.001960 0.250000 -0.056449
4.003882 -2.001828 2.003539 0.250000 -0.036471
4.004889 -1.001053 1.002819 0.250000 -0.069233
4.005114 -1.001160 2.004635 0.250000 -0.038267
4.005521 0.000059 1.003191 0.250000 -0.075137
4.005615 0.000094 2.005085 0.250000 -0.039768
4.004848 1.001175 1.002787 0.250000 -0.072286
4.005073 1.001343 2.004603 0.250000 -0.041943
4.003356 2.001624 1.001911 0.250000 -0.064021
4.003816 2.001988 2.003500 0.250000 -0.044734
4.001914 3.001429 1.001151 0.250000 -0.056207
4.002481 3.001938 2.002396 0.250000 -0.047398
4.001052 4.001052 1.000977 0.250000 -0.049680
4.001519 4.001519 2.001775 0.250000 -0.047758
0.000000 0.000000 -1.000000 0.250000 0.000000
