-5.000022 -5.000022 0.000251 0.250000 0.009364
-5.000180 -4.000069 -0.000045 0.250000 0.012629
-5.000573 -3.000200 -0.000162 0.250000 0.012883
-5.001142 -2.000307 -0.000244 0.250000 0.008528
-5.001697 -1.000248 -0.000321 0.250000 0.002327
-5.001932 -0.000005 -0.000359 0.250000 -0.000595
-5.001679 1.000249 -0.000347 0.250000 0.002158
-5.001093 2.000338 -0.000296 0.250000 0.007069
-5.000511 3.000293 -0.000160 0.250000 0.008674
-5.000214 4.000270 0.000233 0.250000 0.006163
-4.000069 -5.000180 -0.000045 0.250000 0.012629
-4.000396 -4.000396 -0.000473 0.250000 0.014486
-4.001250 -3.000842 -0.000700 0.250000 0.005994
-4.002678 -2.001227 -0.000878 0.250000 -0.016644
-4.004263 -1.001005 -0.000973 0.250000 -0.043738
-4.004995 -0.000026 -0.000996 0.250000 -0.056008
-4.004245 1.000968 -0.001017 0.250000 -0.043549
-4.002624 2.001242 -0.000974 0.250000 -0.018000
-4.001180 3.000974 -0.000751 0.250000 0.000512
-4.000451 4.000714 -0.000165 0.250000 0.005067
-3.000200 -5.000573 -0.000162 0.250000 0.012883
-3.000842 -4.001250 -0.000700 0.250000 0.005994
-3.002608 -3.002608 -0.000982 0.250000 -0.029722
-3.006057 -2.004000 -0.000730 0.250000 -0.099589
-3.010504 -1.003495 0.000582 0.250000 -0.167469
-3.012764 -0.000029 0.001601 0.250000 -0.191406
-3.010486 1.003458 0.000529 0.250000 -0.167007
-3.006000 2.004044 -0.000850 0.250000 -0.100879
-3.002533 3.002835 -0.001063 0.250000 -0.036280
-3.000901 4.001754 -0.000376 0.250000 -0.006266
-2.000307 -5.001142 -0.000244 0.250000 0.008527
-2.001227 -4.002678 -0.000878 0.250000 -0.016643
-2.004000 -3.006057 -0.000730 0.250000 -0.099588
-2.010448 -2.010448 0.003281 0.250000 -0.211714
-2.020215 -1.010131 0.015877 0.250000 -0.197080
-2.025384 -0.000026 0.025742 0.250000 -0.113092
-2.020197 1.010107 0.015817 0.250000 -0.196447
-2.010397 2.010537 0.003147 0.250000 -0.213103
-2.003931 3.006403 -0.000822 0.250000 -0.107140
-2.001268 4.003398 -0.000522 0.250000 -0.031239
-1.000248 -5.001697 -0.000321 0.250000 0.002327
-1.001005 -4.004263 -0.000973 0.250000 -0.043738
-1.003495 -3.010504 0.000582 0.250000 -0.167469
-1.010131 -2.020215 0.015877 0.250000 -0.197080
-1.018636 -1.018636 0.065300 0.250000 0.376120
-1.023800 -0.000022 0.094828 0.250000 0.770646
-1.018625 1.018627 0.065231 0.250000 0.376877
-1.010099 2.020341 0.015728 0.250000 -0.198698
-1.003451 3.010949 0.000487 0.250000 -0.175873
-1.001016 4.005160 -0.000580 0.250000 -0.060055
-0.000005 -5.001932 -0.000359 0.250000 -0.000595
-0.000026 -4.004995 -0.000996 0.250000 -0.056008
-0.000029 -3.012764 0.001601 0.250000 -0.191406
-0.000026 -2.025384 0.025742 0.250000 -0.113092
-0.000022 -1.023800 0.094828 0.250000 0.770648
-0.000019 -0.000019 0.139236 0.250000 1.401438
-0.000022 1.023797 0.094753 0.250000 0.771392
-0.000027 2.025525 0.025585 0.250000 -0.114944
-0.000024 3.013246 0.001506 0.250000 -0.200321
0.000001 4.005959 -0.000584 0.250000 -0.073181
1.000249 -5.001679 -0.000347 0.250000 0.002157
1.000968 -4.004245 -0.001017 0.250000 -0.043549
1.003458 -3.010486 0.000529 0.250000 -0.167006
1.010107 -2.020197 0.015817 0.250000 -0.196448
1.018627 -1.018625 0.065231 0.250000 0.376877
1.023797 -0.000022 0.094753 0.250000 0.771393
1.018616 1.018616 0.065161 0.250000 0.377481
1.010074 2.020322 0.015668 0.250000 -0.198389
1.003423 3.010926 0.000438 0.250000 -0.175933
1.001031 4.005135 -0.000610 0.250000 -0.060499
2.000338 -5.001093 -0.000296 0.250000 0.007069
2.001242 -4.002624 -0.000974 0.250000 -0.018000
2.004044 -3.006000 -0.000850 0.250000 -0.100880
2.010537 -2.010397 0.003147 0.250000 -0.213103
2.020341 -1.010099 0.015728 0.250000 -0.198698
2.025525 -0.000027 0.025585 0.250000 -0.114944
2.020322 1.010074 0.015668 0.250000 -0.198390
2.010483 2.010483 0.003014 0.250000 -0.215151
2.003983 3.006340 -0.000929 0.250000 -0.109360
2.001332 4.003334 -0.000580 0.250000 -0.033499
3.000293 -5.000511 -0.000160 0.250000 0.008674
3.000974 -4.001180 -0.000751 0.250000 0.000512
3.002835 -3.002533 -0.001063 0.250000 -0.036280
3.006403 -2.003931 -0.000822 0.250000 -0.107139
3.010949 -1.003451 0.000487 0.250000 -0.175873
3.013246 -0.000024 0.001506 0.250000 -0.200322
3.010926 1.003423 0.000438 0.250000 -0.175933
3.006340 2.003983 -0.000929 0.250000 -0.109360
3.002761 3.002761 -0.001110 0.250000 -0.043793
3.001063 4.001677 -0.000364 0.250000 -0.012162
4.000270 -5.000214 0.000233 0.250000 0.006163
4.000714 -4.000451 -0.000165 0.250000 0.005068
4.001754 -3.000901 -0.000376 0.250000 -0.006266
4.003398 -2.001268 -0.000522 0.250000 -0.031239
4.005160 -1.001016 -0.000580 0.250000 -0.060055
4.005959 0.000001 -0.000584 0.250000 -0.073182
4.005135 1.001031 -0.000610 0.250000 -0.060500
4.003334 2.001332 -0.000580 0.250000 -0.033500
4.001677 3.001063 -0.000364 0.250000 -0.012162
4.000774 4.000774 0.000184 0.250000 -0.003929
-4.999917 -4.999917 1.000348 0.250000 0.002752
-5.000324 -5.000324 2.000689 0.250000 -0.000602
-5.000066 -4.000059 1.000243 0.250000 0.004933
-5.000689 -4.000589 2.000809 0.250000 0.001236
-5.000444 -3.000238 1.000415 0.250000 0.006340
-5.001273 -3.000783 2.001198 0.250000 0.003279
-5.000975 -2.000331 1.000688 0.250000 0.005774
-5.001971 -2.000767 2.001709 0.250000 0.004762
-5.001475 -1.000241 1.000929 0.250000 0.004312
-5.002562 -1.000459 2.002145 0.250000 0.005641
-5.001678 0.000026 1.001016 0.250000 0.003660
-5.002787 0.000075 2.002307 0.250000 0.005895
-5.001442 1.000298 1.000890 0.250000 0.004276
-5.002521 1.000605 2.002102 0.250000 0.005163
-5.000906 2.000392 1.000609 0.250000 0.004398
-5.001896 2.000895 2.001635 0.250000 0.002807
-5.000371 3.000290 1.000362 0.250000 0.001871
-5.001200 3.000867 2.001157 0.250000 -0.001334
-5.000105 4.000152 1.000443 0.250000 -0.002012
-5.000695 4.000644 2.000947 0.250000 -0.005615
-4.000059 -5.000066 1.000243 0.250000 0.004932
-4.000589 -5.000689 2.000809 0.250000 0.001236
-4.000389 -4.000389 1.000288 0.250000 0.009239
-4.001198 -4.001198 2.001250 0.250000 0.006165
-4.001181 -3.000847 1.000813 0.250000 0.010877
-4.002205 -3.001637 2.002201 0.250000 0.011625
-4.002434 -2.001154 1.001593 0.250000 0.007134
-4.003509 -2.001700 2.003455 0.250000 0.016047
-4.003778 -1.000895 1.002360 0.250000 0.000889
-4.004718 -1.001103 2.004595 0.250000 0.019006
-4.004386 0.000019 1.002682 0.250000 -0.001950
-4.005216 0.000088 2.005050 0.250000 0.020090
-4.003745 1.000942 1.002292 0.250000 0.001137
-4.004673 1.001278 2.004520 0.250000 0.018501
-4.002359 2.001220 1.001445 0.250000 0.005601
-4.003424 2.001863 2.003313 0.250000 0.013488
-4.001094 3.000927 1.000658 0.250000 0.004564
-4.002115 3.001753 2.002066 0.250000 0.005051
-4.000431 4.000551 1.000450 0.250000 -0.001322
-4.001186 4.001277 2.001326 0.250000 -0.003985
-3.000238 -5.000444 1.000415 0.250000 0.006340
-3.000783 -5.001273 2.001198 0.250000 0.003279
-3.000847 -4.001181 1.000813 0.250000 0.010877
-3.001637 -4.002205 2.002201 0.250000 0.011625
-3.002383 -3.002383 1.002090 0.250000 0.007103
-3.003168 -3.003168 2.004183 0.250000 0.020689
-3.005242 -2.003469 1.004264 0.250000 -0.009218
-3.005405 -2.003557 2.007009 0.250000 0.028702
-3.008826 -1.002927 1.006942 0.250000 -0.026156
-3.007738 -1.002500 2.009872 0.250000 0.036043
-3.010611 0.000026 1.008302 0.250000 -0.031195
-3.008786 0.000108 2.011128 0.250000 0.039694
-3.008794 1.002994 1.006852 0.250000 -0.025756
-3.007695 1.002720 2.009767 0.250000 0.035392
-3.005170 2.003578 1.004061 0.250000 -0.011113
-3.005322 2.003776 2.006800 0.250000 0.025305
-3.002295 3.002543 1.001843 0.250000 -0.001266
-3.003076 3.003346 2.003950 0.250000 0.011794
-3.000886 4.001473 1.000907 0.250000 -0.003680
-3.001615 4.002342 2.002192 0.250000 -0.002314
-2.000331 -5.000975 1.000688 0.250000 0.005774
-2.000767 -5.001971 2.001709 0.250000 0.004762
-2.001154 -4.002434 1.001593 0.250000 0.007134
-2.001700 -4.003509 2.003455 0.250000 0.016047
-2.003469 -3.005242 1.004264 0.250000 -0.009219
-2.003557 -3.005405 2.007009 0.250000 0.028702
-2.008615 -2.008615 1.010126 0.250000 -0.035956
-2.006663 -2.006663 2.012726 0.250000 0.045283
-2.016146 -1.008094 1.019687 0.250000 -0.017752
-2.010352 -1.005114 2.019382 0.250000 0.072399
-2.020258 0.000037 1.025391 0.250000 0.015507
-2.012152 0.000129 2.022615 0.250000 0.089771
-2.016120 1.008191 1.019578 0.250000 -0.017344
-2.010317 1.005382 2.019251 0.250000 0.071504
-2.008554 2.008777 1.009875 0.250000 -0.038455
-2.006596 2.006942 2.012459 0.250000 0.040897
-2.003393 3.005501 1.003939 0.250000 -0.019796
-2.003479 3.005654 2.006688 0.250000 0.017369
-2.001181 4.002883 1.001633 0.250000 -0.011264
-2.001677 4.003720 2.003365 0.250000 -0.001678
-1.000241 -5.001475 1.000929 0.250000 0.004312
-1.000459 -5.002562 2.002145 0.250000 0.005641
-1.000895 -4.003778 1.002360 0.250000 0.000888
-1.001103 -4.004718 2.004595 0.250000 0.019005
-1.002927 -3.008826 1.006942 0.250000 -0.026157
-1.002500 -3.007738 2.009872 0.250000 0.036043
-1.008094 -2.016146 1.019687 0.250000 -0.017752
-1.005114 -2.010352 2.019382 0.250000 0.072400
-1.016434 -1.016434 1.044851 0.250000 0.186645
-1.008555 -1.008555 2.031873 0.250000 0.150567
-1.020955 0.000048 1.061212 0.250000 0.372931
-1.010342 0.000144 2.038430 0.250000 0.203862
-1.016418 1.016557 1.044726 0.250000 0.186969
-1.008536 1.008857 2.031722 0.250000 0.149409
-1.008058 2.016351 1.019400 0.250000 -0.020910
-1.005077 2.010675 2.019074 0.250000 0.067128
-1.002880 3.009164 1.006563 0.250000 -0.038641
-1.002455 3.008043 2.009489 0.250000 0.022702
-1.000902 4.004358 1.002368 0.250000 -0.020565
-1.001085 4.004989 2.004449 0.250000 -0.001729
0.000026 -5.001678 1.001016 0.250000 0.003660
0.000075 -5.002787 2.002307 0.250000 0.005895
0.000019 -4.004386 1.002682 0.250000 -0.001950
0.000088 -4.005216 2.005050 0.250000 0.020090
0.000026 -3.010611 1.008302 0.250000 -0.031194
0.000108 -3.008786 2.011128 0.250000 0.039694
0.000037 -2.020258 1.025391 0.250000 0.015507
0.000129 -2.012152 2.022615 0.250000 0.089770
0.000048 -1.020955 1.061212 0.250000 0.372930
0.000144 -1.010342 2.038430 0.250000 0.203863
0.000053 0.000053 1.084269 0.250000 0.664245
0.000150 0.000150 2.046981 0.250000 0.282848
0.000047 1.021089 1.061080 0.250000 0.373149
0.000143 1.010656 2.038273 0.250000 0.202541
0.000036 2.020479 1.025091 0.250000 0.011945
0.000126 2.012490 2.022294 0.250000 0.084040
0.000028 3.010979 1.007904 0.250000 -0.044616
0.000107 3.009110 2.010725 0.250000 0.025424
0.000037 4.005014 1.002684 0.250000 -0.024806
0.000094 4.005509 2.004888 0.250000 -0.001972
1.000298 -5.001442 1.000890 0.250000 0.004275
1.000605 -5.002521 2.002102 0.250000 0.005164
1.000942 -4.003745 1.002292 0.250000 0.001137
1.001278 -4.004673 2.004520 0.250000 0.018501
1.002994 -3.008794 1.006852 0.250000 -0.025755
1.002720 -3.007695 2.009767 0.250000 0.035393
1.008191 -2.016120 1.019578 0.250000 -0.017344
1.005382 -2.010317 2.019251 0.250000 0.071504
1.016557 -1.016418 1.044726 0.250000 0.186969
1.008857 -1.008536 2.031722 0.250000 0.149409
1.021089 0.000047 1.061080 0.250000 0.373148
1.010656 0.000143 2.038273 0.250000 0.202540
1.016539 1.016539 1.044602 0.250000 0.187109
1.008834 1.008834 2.031574 0.250000 0.148084
1.008151 2.016321 1.019294 0.250000 -0.020872
1.005339 2.010636 2.018949 0.250000 0.065908
1.002951 3.009127 1.006481 0.250000 -0.038789
1.002673 3.007995 2.009396 0.250000 0.021612
1.000985 4.004318 1.002319 0.250000 -0.020968
1.001272 4.004940 2.004393 0.250000 -0.002716
2.000392 -5.000906 1.000609 0.250000 0.004398
2.000895 -5.001896 2.001635 0.250000 0.002808
2.001220 -4.002359 1.001445 0.250000 0.005601
2.001863 -4.003424 2.003313 0.250000 0.013488
2.003578 -3.005170 1.004061 0.250000 -0.011113
2.003776 -3.005322 2.006800 0.250000 0.025305
2.008777 -2.008554 1.009875 0.250000 -0.038455
2.006942 -2.006596 2.012459 0.250000 0.040897
2.016351 -1.008058 1.019400 0.250000 -0.020909
2.010675 -1.005077 2.019074 0.250000 0.067129
2.020479 0.000036 1.025091 0.250000 0.011945
2.012490 0.000126 2.022294 0.250000 0.084041
2.016321 1.008151 1.019294 0.250000 -0.020872
2.010636 1.005339 2.018949 0.250000 0.065908
2.008710 2.008710 1.009632 0.250000 -0.041671
2.006867 2.006867 2.012207 0.250000 0.035917
2.003501 3.005418 1.003757 0.250000 -0.022646
2.003693 3.005563 2.006507 0.250000 0.013242
2.001278 4.002798 1.001531 0.250000 -0.013730
2.001849 4.003630 2.003266 0.250000 -0.004917
3.000290 -5.000371 1.000362 0.250000 0.001871
3.000867 -5.001200 2.001157 0.250000 -0.001334
3.000927 -4.001094 1.000658 0.250000 0.004564
3.001753 -4.002115 2.002066 0.250000 0.005051
3.002543 -3.002295 1.001843 0.250000 -0.001267
3.003346 -3.003076 2.003950 0.250000 0.011794
3.005501 -2.003393 1.003939 0.250000 -0.019796
3.005654 -2.003479 2.006688 0.250000 0.017370
3.009164 -1.002880 1.006563 0.250000 -0.038640
3.008043 -1.002455 2.009489 0.250000 0.022702
3.010979 0.000028 1.007904 0.250000 -0.044617
3.009110 0.000107 2.010725 0.250000 0.025424
3.009127 1.002951 1.006481 0.250000 -0.038789
3.007995 1.002673 2.009396 0.250000 0.021611
3.005418 2.003501 1.003757 0.250000 -0.022646
3.005563 2.003693 2.006507 0.250000 0.013243
3.002449 3.002449 1.001642 0.250000 -0.010605
3.003248 3.003248 2.003765 0.250000 0.002183
3.000992 4.001382 1.000831 0.250000 -0.010438
3.001742 4.002254 2.002123 0.250000 -0.009270
4.000152 -5.000105 1.000443 0.250000 -0.002012
4.000644 -5.000695 2.000947 0.250000 -0.005616
4.000551 -4.000431 1.000450 0.250000 -0.001322
4.001277 -4.001186 2.001326 0.250000 -0.003985
4.001473 -3.000886 1.000907 0.250000 -0.003679
4.002342 -3.001615 2.002192 0.250000 -0.002314
4.002883 -2.001181 1.001633 0.250000 -0.011265
4.003720 -2.001677 2.003365 0.250000 -0.001678
4.004358 -1.000902 1.002368 0.250000 -0.020566
4.004989 -1.001085 2.004449 0.250000 -0.001729
4.005014 0.000037 1.002684 0.250000 -0.024807
4.005509 0.000094 2.004888 0.250000 -0.001972
4.004318 1.000985 1.002319 0.250000 -0.020969
4.004940 1.001272 2.004393 0.250000 -0.002716
4.002798 2.001278 1.001531 0.250000 -0.013730
4.003630 2.001849 2.003266 0.250000 -0.004917
4.001382 3.000992 1.000831 0.250000 -0.010437
4.002254 3.001742 2.002123 0.250000 -0.009270
4.000610 4.000610 1.000682 0.250000 -0.011455
4.001285 4.001285 2.001470 0.250000 -0.013899
0.000000 0.000000 -1.000000 0.250000 0.000000
