-5.000320 -5.000320 0.002614 0.250000 0.296853
-5.000433 -4.000342 0.002865 0.250000 0.314017
-5.000578 -3.000336 0.003175 0.250000 0.352165
-5.000736 -2.000280 0.003493 0.250000 0.400354
-5.000866 -1.000158 0.003743 0.250000 0.442006
-5.000917 0.000015 0.003844 0.250000 0.460842
-5.000866 1.000188 0.003762 0.250000 0.449808
-5.000736 2.000311 0.003533 0.250000 0.417307
-5.000580 3.000368 0.003246 0.250000 0.382578
-5.000441 4.000375 0.002980 0.250000 0.363459
-4.000342 -5.000433 0.002865 0.250000 0.314016
-4.000496 -4.000496 0.003237 0.250000 0.345450
-4.000719 -3.000531 0.003743 0.250000 0.417020
-4.000995 -2.000484 0.004322 0.250000 0.514811
-4.001252 -1.000297 0.004820 0.250000 0.606661
-4.001361 0.000017 0.005030 0.250000 0.648096
-4.001251 1.000331 0.004842 0.250000 0.615836
-4.000995 2.000520 0.004370 0.250000 0.535099
-4.000721 3.000569 0.003832 0.250000 0.454649
-4.000504 4.000537 0.003384 0.250000 0.409007
-3.000336 -5.000578 0.003175 0.250000 0.352165
-3.000531 -4.000719 0.003743 0.250000 0.417020
-3.000856 -3.000856 0.004604 0.250000 0.557899
-3.001337 -2.000882 0.005739 0.250000 0.773372
-3.001868 -1.000608 0.006888 0.250000 1.008955
-3.002120 0.000019 0.007421 0.250000 1.123503
-3.001867 1.000647 0.006913 0.250000 1.019330
-3.001336 2.000923 0.005794 0.250000 0.796479
-3.000858 3.000900 0.004706 0.250000 0.601112
-3.000539 4.000767 0.003914 0.250000 0.490494
-2.000280 -5.000736 0.003493 0.250000 0.400354
-2.000484 -4.000995 0.004322 0.250000 0.514811
-2.000882 -3.001337 0.005739 0.250000 0.773372
-2.001611 -2.001611 0.008029 0.250000 1.249615
-2.002591 -1.001285 0.011051 0.250000 1.925975
-2.003086 0.000021 0.012766 0.250000 2.323533
-2.002591 1.001327 0.011078 0.250000 1.937239
-2.001611 2.001656 0.008089 0.250000 1.274790
-2.000884 3.001387 0.005850 0.250000 0.820594
-2.000491 4.001049 0.004508 0.250000 0.595165
-1.000158 -5.000866 0.003743 0.250000 0.442006
-1.000297 -4.001252 0.004820 0.250000 0.606661
-1.000608 -3.001868 0.006888 0.250000 1.008956
-1.001285 -2.002591 0.011051 0.250000 1.925974
-1.002085 -1.002085 0.018290 0.250000 3.625412
-1.002568 0.000022 0.022167 0.250000 4.549949
-1.002085 1.002130 0.018319 0.250000 3.637167
-1.001285 2.002639 0.011114 0.250000 1.952341
-1.000609 3.001921 0.007005 0.250000 1.058560
-1.000301 4.001310 0.005016 0.250000 0.691214
0.000015 -5.000917 0.003844 0.250000 0.460842
0.000017 -4.001361 0.005030 0.250000 0.648096
0.000019 -3.002120 0.007421 0.250000 1.123503
0.000021 -2.003086 0.012766 0.250000 2.323533
0.000022 -1.002568 0.022167 0.250000 4.549949
0.000022 0.000022 0.027689 0.250000 5.874158
0.000022 1.002614 0.022195 0.250000 4.561793
0.000021 2.003135 0.012830 0.250000 2.350147
0.000019 3.002175 0.007539 0.250000 1.173711
0.000016 4.001421 0.005228 0.250000 0.733846
1.000188 -5.000866 0.003762 0.250000 0.449808
1.000331 -4.001251 0.004842 0.250000 0.615836
1.000647 -3.001867 0.006913 0.250000 1.019330
1.001327 -2.002591 0.011078 0.250000 1.937239
1.002130 -1.002085 0.018319 0.250000 3.637167
1.002614 0.000022 0.022195 0.250000 4.561794
1.002129 1.002129 0.018347 0.250000 3.648696
1.001327 2.002639 0.011140 0.250000 1.963138
1.000647 3.001920 0.007028 0.250000 1.068225
1.000334 4.001310 0.005036 0.250000 0.699497
2.000311 -5.000736 0.003533 0.250000 0.417307
2.000520 -4.000995 0.004370 0.250000 0.535100
2.000923 -3.001336 0.005794 0.250000 0.796479
2.001656 -2.001611 0.008089 0.250000 1.274790
2.002639 -1.001285 0.011114 0.250000 1.952342
2.003135 0.000021 0.012830 0.250000 2.350147
2.002639 1.001327 0.011140 0.250000 1.963138
2.001655 2.001655 0.008147 0.250000 1.298958
2.000924 3.001385 0.005901 0.250000 0.842075
2.000525 4.001048 0.004551 0.250000 0.613246
3.000368 -5.000580 0.003246 0.250000 0.382578
3.000569 -4.000721 0.003832 0.250000 0.454649
3.000900 -3.000858 0.004706 0.250000 0.601112
3.001387 -2.000884 0.005850 0.250000 0.820594
3.001921 -1.000609 0.007005 0.250000 1.058560
3.002175 0.000019 0.007539 0.250000 1.173711
3.001920 1.000647 0.007028 0.250000 1.068226
3.001385 2.000924 0.005901 0.250000 0.842075
3.000900 3.000900 0.004800 0.250000 0.641343
3.000575 4.000767 0.003990 0.250000 0.523225
4.000375 -5.000441 0.002980 0.250000 0.363459
4.000537 -4.000504 0.003384 0.250000 0.409007
4.000767 -3.000539 0.003914 0.250000 0.490494
4.001049 -2.000491 0.004508 0.250000 0.595165
4.001310 -1.000301 0.005016 0.250000 0.691215
4.001421 0.000016 0.005228 0.250000 0.733846
4.001310 1.000334 0.005036 0.250000 0.699497
4.001048 2.000525 0.004551 0.250000 0.613245
4.000767 3.000575 0.003990 0.250000 0.523225
4.000542 4.000542 0.003507 0.250000 0.462684
-5.000510 -5.000510 1.002701 0.250000 0.317581
-5.000656 -5.000656 2.002810 0.250000 0.345814
-5.000680 -4.000551 1.002980 0.250000 0.343224
-5.000855 -4.000695 2.003119 0.250000 0.382150
-5.000897 -3.000548 1.003318 0.250000 0.389511
-5.001096 -3.000674 2.003474 0.250000 0.434859
-5.001131 -2.000459 1.003661 0.250000 0.444894
-5.001345 -2.000553 2.003826 0.250000 0.493966
-5.001321 -1.000264 1.003928 0.250000 0.491787
-5.001541 -1.000317 2.004094 0.250000 0.542622
-5.001397 0.000007 1.004036 0.250000 0.512542
-5.001618 -0.000000 2.004201 0.250000 0.563911
-5.001324 1.000277 1.003947 0.250000 0.499604
-5.001546 1.000316 2.004113 0.250000 0.550765
-5.001138 2.000470 1.003702 0.250000 0.461867
-5.001356 2.000551 2.003867 0.250000 0.511384
-5.000910 3.000558 1.003388 0.250000 0.419245
-5.001114 3.000672 2.003542 0.250000 0.463818
-5.000703 4.000567 1.003090 0.250000 0.390600
-5.000883 4.000700 2.003217 0.250000 0.424381
-4.000551 -5.000680 1.002980 0.250000 0.343224
-4.000695 -5.000855 2.003119 0.250000 0.382150
-4.000786 -4.000786 1.003396 0.250000 0.388420
-4.000956 -4.000956 2.003572 0.250000 0.442224
-4.001112 -3.000839 1.003946 0.250000 0.473465
-4.001296 -3.000981 2.004133 0.250000 0.534351
-4.001503 -2.000754 1.004558 0.250000 0.582699
-4.001676 -2.000848 2.004730 0.250000 0.643959
-4.001852 -1.000461 1.005075 0.250000 0.681691
-4.001996 -1.000505 2.005215 0.250000 0.738694
-4.001998 0.000007 1.005289 0.250000 0.725245
-4.002125 -0.000001 2.005412 0.250000 0.779521
-4.001854 1.000475 1.005097 0.250000 0.690804
-4.002000 1.000504 2.005238 0.250000 0.748175
-4.001509 2.000767 1.004607 0.250000 0.602810
-4.001686 2.000845 2.004779 0.250000 0.664513
-4.001124 3.000850 1.004031 0.250000 0.509734
-4.001313 3.000977 2.004215 0.250000 0.569248
-4.000807 4.000803 1.003535 0.250000 0.448323
-4.000981 4.000959 2.003693 0.250000 0.494246
-3.000548 -5.000897 1.003318 0.250000 0.389511
-3.000674 -5.001096 2.003474 0.250000 0.434859
-3.000839 -4.001112 1.003946 0.250000 0.473465
-3.000981 -4.001296 2.004133 0.250000 0.534351
-3.001294 -3.001294 1.004857 0.250000 0.632215
-3.001416 -3.001416 2.005016 0.250000 0.693475
-3.001917 -2.001277 1.006001 0.250000 0.856131
-3.001952 -2.001306 2.006042 0.250000 0.896644
-3.002551 -1.000847 1.007090 0.250000 1.082696
-3.002444 -1.000818 2.006947 0.250000 1.085142
-3.002838 0.000008 1.007572 0.250000 1.186994
-3.002653 -0.000001 2.007328 0.250000 1.167747
-3.002553 1.000863 1.007115 0.250000 1.092911
-3.002447 1.000816 2.006973 0.250000 1.095732
-3.001921 2.001292 1.006055 0.250000 0.878821
-3.001959 2.001301 2.006098 0.250000 0.919742
-3.001303 3.001307 1.004955 0.250000 0.673494
-3.001429 3.001411 2.005109 0.250000 0.733013
-3.000856 4.001133 1.004105 0.250000 0.542162
-3.001001 4.001299 2.004271 0.250000 0.593729
-2.000459 -5.001131 1.003661 0.250000 0.444893
-2.000553 -5.001345 2.003826 0.250000 0.493966
-2.000754 -4.001503 1.004558 0.250000 0.582699
-2.000848 -4.001676 2.004730 0.250000 0.643959
-2.001277 -3.001917 1.006001 0.250000 0.856131
-2.001306 -3.001952 2.006042 0.250000 0.896644
-2.002117 -2.002117 1.008099 0.250000 1.295937
-2.001929 -2.001929 2.007724 0.250000 1.247770
-2.003123 -1.001557 1.010457 0.250000 1.818205
-2.002564 -1.001283 2.009355 0.250000 1.604355
-2.003625 0.000009 1.011620 0.250000 2.083493
-2.002851 -0.000001 2.010082 0.250000 1.767786
-2.003124 1.001575 1.010484 0.250000 1.829220
-2.002566 1.001281 2.009383 0.250000 1.615739
-2.002120 2.002134 1.008158 0.250000 1.320469
-2.001934 2.001925 2.007783 0.250000 1.272662
-2.001284 3.001932 1.006107 0.250000 0.900902
-2.001314 3.001946 2.006143 0.250000 0.939396
-2.000766 4.001527 1.004732 0.250000 0.657421
-2.000862 4.001680 2.004880 0.250000 0.708371
-1.000264 -5.001321 1.003928 0.250000 0.491787
-1.000317 -5.001541 2.004094 0.250000 0.542622
-1.000461 -4.001852 1.005075 0.250000 0.681691
-1.000505 -4.001996 2.005215 0.250000 0.738694
-1.000847 -3.002551 1.007090 0.250000 1.082697
-1.000818 -3.002444 2.006947 0.250000 1.085142
-1.001557 -2.003123 1.010457 0.250000 1.818205
-1.001283 -2.002564 2.009355 0.250000 1.604355
-1.002520 -1.002520 1.014922 0.250000 2.844061
-1.001799 -1.001799 2.011906 0.250000 2.177715
-1.003007 0.000010 1.017363 0.250000 3.417770
-1.002046 -0.000000 2.013107 0.250000 2.453987
-1.002520 1.002539 1.014950 0.250000 2.855525
-1.001800 1.001797 2.011935 0.250000 2.189541
-1.001559 2.003141 1.010519 0.250000 1.843782
-1.001285 2.002559 2.009417 0.250000 1.630250
-1.000850 3.002569 1.007201 0.250000 1.129479
-1.000822 3.002439 2.007052 0.250000 1.129702
-1.000467 4.001879 1.005257 0.250000 0.759995
-1.000512 4.002000 2.005372 0.250000 0.805991
0.000007 -5.001397 1.004036 0.250000 0.512542
-0.000000 -5.001618 2.004201 0.250000 0.563911
0.000007 -4.001998 1.005289 0.250000 0.725245
-0.000001 -4.002125 2.005412 0.250000 0.779520
0.000008 -3.002838 1.007572 0.250000 1.186994
-0.000001 -3.002653 2.007328 0.250000 1.167747
0.000009 -2.003625 1.011620 0.250000 2.083493
-0.000001 -2.002851 2.010082 0.250000 1.767786
0.000010 -1.003007 1.017363 0.250000 3.417770
-0.000000 -1.002046 2.013107 0.250000 2.453987
0.000010 0.000010 1.020545 0.250000 4.172105
-0.000000 -0.000000 2.014565 0.250000 2.791930
0.000010 1.003026 1.017391 0.250000 3.429310
-0.000000 1.002044 2.013136 0.250000 2.465889
0.000009 2.003644 1.011682 0.250000 2.109279
-0.000000 2.002847 2.010144 0.250000 1.793869
0.000009 3.002856 1.007684 0.250000 1.234248
0.000000 3.002648 2.007434 0.250000 1.212692
0.000008 4.002025 1.005473 0.250000 0.804520
0.000001 4.002130 2.005570 0.250000 0.847509
1.000277 -5.001324 1.003947 0.250000 0.499604
1.000316 -5.001546 2.004113 0.250000 0.550765
1.000475 -4.001854 1.005097 0.250000 0.690804
1.000504 -4.002000 2.005238 0.250000 0.748175
1.000863 -3.002553 1.007115 0.250000 1.092911
1.000816 -3.002447 2.006973 0.250000 1.095731
1.001575 -2.003124 1.010484 0.250000 1.829221
1.001281 -2.002566 2.009383 0.250000 1.615739
1.002539 -1.002520 1.014950 0.250000 2.855524
1.001797 -1.001800 2.011935 0.250000 2.189541
1.003026 0.000010 1.017391 0.250000 3.429311
1.002044 -0.000000 2.013136 0.250000 2.465889
1.002540 1.002540 1.014978 0.250000 2.866769
1.001799 1.001799 2.011963 0.250000 2.201142
1.001577 2.003142 1.010544 0.250000 1.854347
1.001284 2.002562 2.009444 0.250000 1.641165
1.000866 3.002570 1.007224 0.250000 1.139004
1.000821 3.002442 2.007076 0.250000 1.139570
1.000482 4.001881 1.005277 0.250000 0.768227
1.000512 4.002005 2.005392 0.250000 0.814528
2.000470 -5.001138 1.003702 0.250000 0.461867
2.000551 -5.001356 2.003867 0.250000 0.511384
2.000767 -4.001509 1.004607 0.250000 0.602810
2.000845 -4.001686 2.004779 0.250000 0.664512
2.001292 -3.001921 1.006055 0.250000 0.878821
2.001301 -3.001959 2.006098 0.250000 0.919742
2.002134 -2.002120 1.008158 0.250000 1.320469
2.001925 -2.001934 2.007783 0.250000 1.272662
2.003141 -1.001559 1.010519 0.250000 1.843782
2.002559 -1.001285 2.009417 0.250000 1.630250
2.003644 0.000009 1.011682 0.250000 2.109279
2.002847 -0.000000 2.010144 0.250000 1.793869
2.003142 1.001577 1.010544 0.250000 1.854347
2.002562 1.001284 2.009444 0.250000 1.641165
2.002137 2.002137 1.008215 0.250000 1.344035
2.001931 2.001931 2.007840 0.250000 1.296552
2.001299 3.001937 1.006157 0.250000 0.922019
2.001312 3.001955 2.006194 0.250000 0.960875
2.000780 4.001533 1.004775 0.250000 0.675376
2.000861 4.001690 2.004923 0.250000 0.726707
3.000558 -5.000910 1.003388 0.250000 0.419244
3.000672 -5.001114 2.003542 0.250000 0.463818
3.000850 -4.001124 1.004031 0.250000 0.509734
3.000977 -4.001313 2.004215 0.250000 0.569248
3.001307 -3.001303 1.004955 0.250000 0.673494
3.001411 -3.001429 2.005109 0.250000 0.733013
3.001932 -2.001284 1.006107 0.250000 0.900902
3.001946 -2.001314 2.006143 0.250000 0.939396
3.002569 -1.000850 1.007201 0.250000 1.129479
3.002439 -1.000822 2.007052 0.250000 1.129702
3.002856 0.000009 1.007684 0.250000 1.234248
3.002648 0.000000 2.007434 0.250000 1.212692
3.002570 1.000866 1.007224 0.250000 1.139004
3.002442 1.000821 2.007076 0.250000 1.139570
3.001937 2.001299 1.006157 0.250000 0.922019
3.001955 2.001312 2.006194 0.250000 0.960875
3.001317 3.001317 1.005045 0.250000 0.711914
3.001426 3.001426 2.005195 0.250000 0.769729
3.000869 4.001145 1.004180 0.250000 0.573880
3.001000 4.001317 2.004343 0.250000 0.624417
4.000567 -5.000703 1.003090 0.250000 0.390600
4.000700 -5.000883 2.003217 0.250000 0.424381
4.000803 -4.000807 1.003535 0.250000 0.448323
4.000959 -4.000981 2.003693 0.250000 0.494246
4.001133 -3.000856 1.004105 0.250000 0.542162
4.001299 -3.001001 2.004271 0.250000 0.593728
4.001527 -2.000766 1.004732 0.250000 0.657421
4.001680 -2.000862 2.004880 0.250000 0.708371
4.001879 -1.000467 1.005257 0.250000 0.759995
4.002000 -1.000512 2.005372 0.250000 0.805991
4.002025 0.000008 1.005473 0.250000 0.804520
4.002130 0.000001 2.005570 0.250000 0.847509
4.001881 1.000482 1.005277 0.250000 0.768227
4.002005 1.000512 2.005392 0.250000 0.814527
4.001533 2.000780 1.004775 0.250000 0.675375
4.001690 2.000861 2.004923 0.250000 0.726707
4.001145 3.000869 1.004180 0.250000 0.573880
4.001317 3.001000 2.004343 0.250000 0.624417
4.000825 4.000825 1.003653 0.250000 0.499383
4.000986 4.000986 2.003797 0.250000 0.539348
0.000000 0.000000 -1.000000 0.250000 0.000000
