-4.999679 -4.999679 0.000525 0.250000 0.007269
-4.999613 -3.999656 0.000338 0.250000 0.011162
-4.999696 -2.999758 0.000328 0.250000 0.017387
-4.999968 -1.999935 0.000284 0.250000 0.022871
-5.000338 -1.000052 0.000184 0.250000 0.025895
-5.000528 -0.000046 0.000131 0.250000 0.026980
-5.000358 0.999962 0.000178 0.250000 0.026915
-4.999976 1.999856 0.000253 0.250000 0.024482
-4.999661 2.999712 0.000324 0.250000 0.019111
-4.999603 3.999687 0.000596 0.250000 0.013899
-3.999656 -4.999613 0.000338 0.250000 0.011162
-3.999724 -3.999724 0.000051 0.250000 0.018285
-4.000275 -3.000181 -0.000164 0.250000 0.025347
-4.001551 -2.000760 -0.000643 0.250000 0.023093
-4.003215 -1.000817 -0.001236 0.250000 0.011301
-4.004049 -0.000065 -0.001504 0.250000 0.004409
-4.003238 1.000687 -0.001246 0.250000 0.012767
-4.001555 2.000642 -0.000702 0.250000 0.025424
-4.000224 3.000129 -0.000222 0.250000 0.027597
-3.999717 3.999824 0.000315 0.250000 0.021374
-2.999758 -4.999696 0.000328 0.250000 0.017388
-3.000181 -4.000275 -0.000164 0.250000 0.025347
-3.001905 -3.001905 -0.000998 0.250000 0.017038
-3.005981 -2.004006 -0.002310 0.250000 -0.031797
-3.011741 -1.003977 -0.002813 0.250000 -0.099560
-3.014782 -0.000074 -0.002504 0.250000 -0.128391
-3.011760 1.003828 -0.002821 0.250000 -0.097718
-3.005974 2.003883 -0.002378 0.250000 -0.028806
-3.001835 3.001907 -0.001087 0.250000 0.019828
-3.000171 4.000537 0.000081 0.250000 0.028377
-1.999935 -4.999968 0.000284 0.250000 0.022871
-2.000760 -4.001551 -0.000643 0.250000 0.023093
-2.004006 -3.005981 -0.002310 0.250000 -0.031797
-2.012623 -2.012623 -0.001548 0.250000 -0.159924
-2.026391 -1.013276 0.010328 0.250000 -0.215433
-2.033813 -0.000084 0.021699 0.250000 -0.176569
-2.026403 1.013111 0.010322 0.250000 -0.213242
-2.012607 2.012505 -0.001623 0.250000 -0.156445
-2.003933 3.006070 -0.002415 0.250000 -0.028686
-2.000746 4.002035 -0.000401 0.250000 0.025790
-1.000052 -5.000338 0.000184 0.250000 0.025895
-1.000817 -4.003215 -0.001236 0.250000 0.011301
-1.003977 -3.011741 -0.002813 0.250000 -0.099560
-1.013276 -2.026391 0.010328 0.250000 -0.215434
-1.025491 -1.025491 0.071765 0.250000 0.164065
-1.032940 -0.000091 0.109966 0.250000 0.450508
-1.025496 1.025314 0.071759 0.250000 0.166746
-1.013263 2.026281 0.010244 0.250000 -0.211556
-1.003930 3.011912 -0.002930 0.250000 -0.096346
-1.000804 4.003898 -0.000988 0.250000 0.013488
-0.000046 -5.000528 0.000131 0.250000 0.026980
-0.000065 -4.004049 -0.001504 0.250000 0.004410
-0.000074 -3.014782 -0.002504 0.250000 -0.128390
-0.000084 -2.033813 0.021699 0.250000 -0.176569
-0.000091 -1.032940 0.109966 0.250000 0.450508
-0.000093 -0.000093 0.168520 0.250000 0.926366
-0.000091 1.032760 0.109958 0.250000 0.453449
-0.000086 2.033709 0.021605 0.250000 -0.172482
-0.000078 3.014988 -0.002629 0.250000 -0.125189
-0.000055 4.004812 -0.001254 0.250000 0.006274
0.999962 -5.000358 0.000178 0.250000 0.026915
1.000687 -4.003238 -0.001246 0.250000 0.012766
1.003828 -3.011760 -0.002821 0.250000 -0.097718
1.013111 -2.026403 0.010322 0.250000 -0.213242
1.025314 -1.025496 0.071759 0.250000 0.166746
1.032760 -0.000091 0.109958 0.250000 0.453449
1.025321 1.025321 0.071750 0.250000 0.169443
1.013095 2.026295 0.010232 0.250000 -0.209374
1.003777 3.011931 -0.002944 0.250000 -0.094629
1.000697 4.003916 -0.000997 0.250000 0.014686
1.999856 -4.999976 0.000253 0.250000 0.024482
2.000642 -4.001555 -0.000702 0.250000 0.025424
2.003883 -3.005974 -0.002378 0.250000 -0.028806
2.012505 -2.012607 -0.001623 0.250000 -0.156445
2.026281 -1.013263 0.010244 0.250000 -0.211556
2.033709 -0.000086 0.021605 0.250000 -0.172481
2.026295 1.013095 0.010232 0.250000 -0.209374
2.012487 2.012487 -0.001707 0.250000 -0.153079
2.003810 3.006060 -0.002490 0.250000 -0.026021
2.000661 4.002029 -0.000444 0.250000 0.027642
2.999712 -4.999661 0.000324 0.250000 0.019111
3.000129 -4.000224 -0.000222 0.250000 0.027597
3.001907 -3.001835 -0.001087 0.250000 0.019829
3.006070 -2.003933 -0.002415 0.250000 -0.028685
3.011912 -1.003930 -0.002930 0.250000 -0.096346
3.014988 -0.000078 -0.002629 0.250000 -0.125189
3.011931 1.003777 -0.002944 0.250000 -0.094628
3.006060 2.003810 -0.002490 0.250000 -0.026021
3.001838 3.001838 -0.001166 0.250000 0.022128
3.000152 4.000481 0.000067 0.250000 0.030179
3.999687 -4.999603 0.000596 0.250000 0.013899
3.999824 -3.999717 0.000315 0.250000 0.021374
4.000537 -3.000171 0.000081 0.250000 0.028377
4.002035 -2.000746 -0.000401 0.250000 0.025789
4.003898 -1.000804 -0.000988 0.250000 0.013488
4.004812 -0.000055 -0.001254 0.250000 0.006274
4.003916 1.000697 -0.000997 0.250000 0.014685
4.002029 2.000661 -0.000444 0.250000 0.027642
4.000481 3.000152 0.000067 0.250000 0.030179
3.999837 3.999837 0.000605 0.250000 0.023919
-4.999479 -4.999479 1.000467 0.250000 0.002073
-5.000005 -5.000005 2.000733 0.250000 -0.000300
-4.999394 -3.999554 1.000403 0.250000 0.002274
-5.000272 -4.000276 2.000879 0.250000 -0.000728
-4.999445 -2.999706 1.000652 0.250000 0.005572
-5.000742 -3.000503 2.001332 0.250000 0.001517
-4.999630 -1.999873 1.000999 0.250000 0.010533
-5.001328 -2.000559 2.001928 0.250000 0.005808
-4.999872 -0.999990 1.001295 0.250000 0.015142
-5.001844 -1.000370 2.002443 0.250000 0.010283
-4.999992 -0.000024 1.001414 0.250000 0.017534
-5.002049 0.000019 2.002648 0.250000 0.012797
-4.999873 0.999946 1.001290 0.250000 0.016939
-5.001822 1.000410 2.002432 0.250000 0.012294
-4.999607 1.999830 1.000964 0.250000 0.013594
-5.001276 2.000594 2.001896 0.250000 0.009314
-4.999388 2.999641 1.000614 0.250000 0.008998
-5.000669 3.000499 2.001312 0.250000 0.005638
-4.999388 3.999507 1.000595 0.250000 0.006257
-5.000243 4.000233 2.001009 0.250000 0.003458
-3.999554 -4.999394 1.000403 0.250000 0.002274
-4.000276 -5.000272 2.000879 0.250000 -0.000728
-3.999583 -3.999583 1.000567 0.250000 0.005841
-4.000789 -4.000789 2.001426 0.250000 0.001875
-3.999945 -2.999975 1.001249 0.250000 0.014782
-4.001672 -3.001266 2.002560 0.250000 0.009757
-4.000758 -2.000399 1.002118 0.250000 0.024098
-4.002854 -2.001421 2.004018 0.250000 0.020490
-4.001819 -1.000482 1.002880 0.250000 0.029334
-4.003984 -1.000977 2.005321 0.250000 0.029734
-4.002352 -0.000033 1.003197 0.250000 0.031292
-4.004463 0.000026 2.005853 0.250000 0.034146
-4.001820 1.000421 1.002864 0.250000 0.031901
-4.003957 1.001036 2.005290 0.250000 0.032504
-4.000729 2.000347 1.002036 0.250000 0.028455
-4.002788 2.001483 2.003933 0.250000 0.025274
-3.999863 2.999912 1.001111 0.250000 0.019405
-4.001572 3.001288 2.002446 0.250000 0.015192
-3.999561 3.999574 1.000693 0.250000 0.010718
-4.000724 4.000759 2.001473 0.250000 0.007091
-2.999706 -4.999445 1.000652 0.250000 0.005572
-3.000503 -5.000742 2.001332 0.250000 0.001518
-2.999975 -3.999945 1.001249 0.250000 0.014782
-3.001266 -4.001672 2.002560 0.250000 0.009756
-3.001078 -3.001078 1.002653 0.250000 0.027218
-3.002681 -3.002681 2.004864 0.250000 0.025237
-3.003711 -2.002511 1.004607 0.250000 0.027668
-3.004838 -2.003213 2.007993 0.250000 0.041461
-3.007527 -1.002583 1.006873 0.250000 0.015505
-3.007194 -1.002375 2.011076 0.250000 0.052616
-3.009563 -0.000034 1.008079 0.250000 0.009821
-3.008288 0.000039 2.012437 0.250000 0.057576
-3.007526 1.002525 1.006848 0.250000 0.018770
-3.007164 1.002466 2.011024 0.250000 0.056071
-3.003674 2.002480 1.004484 0.250000 0.033176
-3.004765 2.003324 2.007848 0.250000 0.047335
-3.000980 3.001076 1.002414 0.250000 0.032764
-3.002566 3.002766 2.004639 0.250000 0.031603
-2.999940 4.000059 1.001263 0.250000 0.019822
-3.001180 4.001704 2.002482 0.250000 0.015326
-1.999873 -4.999630 1.000999 0.250000 0.010533
-2.000559 -5.001328 2.001928 0.250000 0.005808
-2.000399 -4.000758 1.002118 0.250000 0.024098
-2.001421 -4.002854 2.004018 0.250000 0.020490
-2.002511 -3.003711 1.004607 0.250000 0.027668
-2.003213 -3.004838 2.007993 0.250000 0.041461
-2.008308 -2.008308 1.009633 0.250000 -0.003077
-2.006419 -2.006419 2.014082 0.250000 0.057806
-2.017764 -1.008999 1.019029 0.250000 -0.023852
-2.010499 -1.005232 2.021174 0.250000 0.069895
-2.023163 -0.000034 1.025210 0.250000 -0.015784
-2.012576 0.000053 2.024709 0.250000 0.078055
-2.017759 1.008948 1.018995 0.250000 -0.020031
-2.010472 1.005360 2.021102 0.250000 0.073864
-2.008269 2.008308 1.009469 0.250000 0.003210
-2.006353 2.006587 2.013879 0.250000 0.064394
-2.002417 3.003797 1.004270 0.250000 0.033528
-2.003107 3.005001 2.007656 0.250000 0.048144
-2.000363 4.001049 1.002021 0.250000 0.028541
-2.001338 4.002973 2.003806 0.250000 0.025625
-0.999990 -4.999872 1.001295 0.250000 0.015141
-1.000370 -5.001844 2.002443 0.250000 0.010283
-1.000482 -4.001819 1.002880 0.250000 0.029334
-1.000977 -4.003984 2.005321 0.250000 0.029734
-1.002583 -3.007527 1.006873 0.250000 0.015505
-1.002375 -3.007194 2.011075 0.250000 0.052616
-1.008999 -2.017764 1.019029 0.250000 -0.023852
-1.005232 -2.010499 2.021174 0.250000 0.069896
-1.020223 -1.020223 1.047793 0.250000 0.068210
-1.009307 -1.009307 2.034944 0.250000 0.100752
-1.026467 -0.000032 1.068036 0.250000 0.189848
-1.011522 0.000065 2.042487 0.250000 0.127818
-1.020218 1.020181 1.047748 0.250000 0.072459
-1.009290 1.009464 2.034855 0.250000 0.105026
-1.008973 2.017793 1.018829 0.250000 -0.017133
-1.005191 2.010713 2.020925 0.250000 0.076813
-1.002524 3.007693 1.006456 0.250000 0.021215
-1.002309 3.007423 2.010650 0.250000 0.059164
-1.000456 4.002267 1.002697 0.250000 0.032784
-1.000923 4.004179 2.005002 0.250000 0.034030
-0.000024 -4.999992 1.001414 0.250000 0.017534
0.000019 -5.002049 2.002648 0.250000 0.012797
-0.000033 -4.002352 1.003197 0.250000 0.031293
0.000026 -4.004463 2.005853 0.250000 0.034146
-0.000034 -3.009563 1.008079 0.250000 0.009822
0.000039 -3.008288 2.012437 0.250000 0.057576
-0.000034 -2.023163 1.025210 0.250000 -0.015784
0.000053 -2.012576 2.024709 0.250000 0.078056
-0.000032 -1.026467 1.068036 0.250000 0.189848
0.000065 -1.011522 2.042487 0.250000 0.127817
-0.000029 -0.000029 1.097393 0.250000 0.394712
0.000070 0.000070 2.052566 0.250000 0.172029
-0.000031 1.026432 1.067986 0.250000 0.194272
0.000066 1.011691 2.042390 0.250000 0.132166
-0.000034 2.023206 1.024993 0.250000 -0.008955
0.000054 2.012807 2.024441 0.250000 0.084996
-0.000035 3.009762 1.007629 0.250000 0.015323
0.000041 3.008543 2.011977 0.250000 0.063898
-0.000024 4.002863 1.002979 0.250000 0.034130
0.000033 4.004688 2.005492 0.250000 0.037886
0.999946 -4.999873 1.001290 0.250000 0.016939
1.000410 -5.001822 2.002432 0.250000 0.012294
1.000421 -4.001820 1.002864 0.250000 0.031900
1.001036 -4.003957 2.005290 0.250000 0.032505
1.002525 -3.007526 1.006848 0.250000 0.018770
1.002466 -3.007164 2.011024 0.250000 0.056071
1.008948 -2.017759 1.018995 0.250000 -0.020031
1.005360 -2.010472 2.021102 0.250000 0.073864
1.020181 -1.020218 1.047748 0.250000 0.072459
1.009464 -1.009290 2.034855 0.250000 0.105025
1.026432 -0.000031 1.067986 0.250000 0.194269
1.011691 0.000066 2.042390 0.250000 0.132166
1.020178 1.020178 1.047701 0.250000 0.076654
1.009448 1.009448 2.034764 0.250000 0.109196
1.008922 2.017790 1.018790 0.250000 -0.013452
1.005320 2.010686 2.020851 0.250000 0.080550
1.002464 3.007690 1.006427 0.250000 0.024184
1.002404 3.007391 2.010598 0.250000 0.062244
1.000415 4.002262 1.002682 0.250000 0.034904
1.000995 4.004148 2.004975 0.250000 0.036312
1.999830 -4.999607 1.000964 0.250000 0.013594
2.000594 -5.001276 2.001896 0.250000 0.009314
2.000347 -4.000729 1.002036 0.250000 0.028455
2.001483 -4.002788 2.003933 0.250000 0.025274
2.002480 -3.003674 1.004484 0.250000 0.033176
2.003324 -3.004765 2.007848 0.250000 0.047336
2.008308 -2.008269 1.009469 0.250000 0.003210
2.006587 -2.006353 2.013879 0.250000 0.064395
2.017793 -1.008973 1.018829 0.250000 -0.017133
2.010713 -1.005191 2.020925 0.250000 0.076814
2.023206 -0.000034 1.024993 0.250000 -0.008956
2.012807 0.000054 2.024441 0.250000 0.084996
2.017790 1.008922 1.018790 0.250000 -0.013452
2.010686 1.005320 2.020851 0.250000 0.080550
2.008267 2.008267 1.009297 0.250000 0.009136
2.006520 2.006520 2.013675 0.250000 0.070485
2.002384 3.003754 1.004144 0.250000 0.038372
2.003219 3.004924 2.007516 0.250000 0.053246
2.000334 4.001008 1.001956 0.250000 0.032030
2.001412 4.002901 2.003736 0.250000 0.029456
2.999641 -4.999388 1.000614 0.250000 0.008998
3.000499 -5.000669 2.001312 0.250000 0.005638
2.999912 -3.999863 1.001111 0.250000 0.019405
3.001288 -4.001572 2.002446 0.250000 0.015192
3.001076 -3.000980 1.002414 0.250000 0.032765
3.002766 -3.002566 2.004639 0.250000 0.031603
3.003797 -2.002417 1.004270 0.250000 0.033528
3.005001 -2.003107 2.007656 0.250000 0.048145
3.007693 -1.002524 1.006456 0.250000 0.021215
3.007423 -1.002309 2.010650 0.250000 0.059164
3.009762 -0.000035 1.007629 0.250000 0.015323
3.008543 0.000041 2.011977 0.250000 0.063898
3.007690 1.002464 1.006427 0.250000 0.024183
3.007391 1.002404 2.010598 0.250000 0.062245
3.003754 2.002384 1.004144 0.250000 0.038372
3.004924 2.003219 2.007516 0.250000 0.053245
3.000974 3.000974 1.002190 0.250000 0.037307
3.002650 3.002650 2.004433 0.250000 0.036839
2.999906 3.999975 1.001175 0.250000 0.023354
3.001217 4.001605 2.002404 0.250000 0.019459
3.999507 -4.999388 1.000595 0.250000 0.006257
4.000233 -5.000243 2.001009 0.250000 0.003458
3.999574 -3.999561 1.000693 0.250000 0.010718
4.000759 -4.000724 2.001473 0.250000 0.007091
4.000059 -2.999940 1.001263 0.250000 0.019822
4.001704 -3.001180 2.002482 0.250000 0.015326
4.001049 -2.000363 1.002021 0.250000 0.028541
4.002973 -2.001338 2.003806 0.250000 0.025625
4.002267 -1.000456 1.002697 0.250000 0.032784
4.004179 -1.000923 2.005002 0.250000 0.034030
4.002863 -0.000024 1.002979 0.250000 0.034131
4.004688 0.000033 2.005492 0.250000 0.037885
4.002262 1.000415 1.002682 0.250000 0.034904
4.004148 1.000995 2.004975 0.250000 0.036312
4.001008 2.000334 1.001956 0.250000 0.032031
4.002901 2.001412 2.003736 0.250000 0.029456
3.999975 2.999906 1.001175 0.250000 0.023354
4.001605 3.001217 2.002404 0.250000 0.019459
3.999580 3.999580 1.000867 0.250000 0.014325
4.000719 4.000719 2.001561 0.250000 0.010816
0.000000 0.000000 -1.000000 0.250000 0.000000
