-4.999621 -4.999621 0.000588 0.250000 -0.000502
-4.999399 -3.999528 0.000462 0.250000 0.001449
-4.999211 -2.999555 0.000586 0.250000 0.007570
-4.999189 -1.999716 0.000690 0.250000 0.015326
-4.999344 -0.999909 0.000693 0.250000 0.021475
-4.999463 -0.000048 0.000679 0.250000 0.023827
-4.999388 0.999807 0.000703 0.250000 0.021937
-4.999244 1.999601 0.000685 0.250000 0.016112
-4.999217 2.999435 0.000617 0.250000 0.008796
-4.999361 3.999432 0.000792 0.250000 0.004888
-3.999528 -4.999399 0.000462 0.250000 0.001448
-3.999381 -3.999381 0.000323 0.250000 0.008118
-3.999599 -2.999737 0.000326 0.250000 0.020602
-4.000595 -2.000356 -0.000074 0.250000 0.028952
-4.002160 -1.000591 -0.000800 0.250000 0.027000
-4.003001 -0.000055 -0.001173 0.250000 0.023575
-4.002208 1.000466 -0.000789 0.250000 0.027594
-4.000650 2.000202 -0.000096 0.250000 0.030005
-3.999587 2.999578 0.000313 0.250000 0.022176
-3.999329 3.999290 0.000677 0.250000 0.012619
-2.999555 -4.999211 0.000586 0.250000 0.007569
-2.999737 -3.999599 0.000326 0.250000 0.020602
-3.001234 -3.001234 -0.000489 0.250000 0.028784
-3.005520 -2.003729 -0.002609 0.250000 -0.000720
-3.012040 -1.004101 -0.004438 0.250000 -0.059332
-3.015575 -0.000064 -0.004732 0.250000 -0.087427
-3.012083 1.003953 -0.004420 0.250000 -0.058596
-3.005560 2.003543 -0.002629 0.250000 0.000726
-3.001196 3.001075 -0.000519 0.250000 0.031084
-2.999674 3.999599 0.000675 0.250000 0.026326
-1.999716 -4.999189 0.000690 0.250000 0.015326
-2.000356 -4.000595 -0.000074 0.250000 0.028952
-2.003729 -3.005520 -0.002609 0.250000 -0.000721
-2.013719 -2.013719 -0.004445 0.250000 -0.119069
-2.030305 -1.015257 0.005988 0.250000 -0.196962
-2.039346 -0.000079 0.017941 0.250000 -0.177744
-2.030338 1.015074 0.006014 0.250000 -0.196056
-2.013742 2.013503 -0.004463 0.250000 -0.117272
-2.003678 3.005392 -0.002643 0.250000 0.002283
-2.000299 4.000760 0.000282 0.250000 0.035844
-0.999909 -4.999344 0.000693 0.250000 0.021475
-1.000591 -4.002160 -0.000800 0.250000 0.027000
-1.004101 -3.012040 -0.004438 0.250000 -0.059332
-1.015257 -2.030305 0.005988 0.250000 -0.196963
-1.030125 -1.030125 0.074331 0.250000 0.092002
-1.039212 -0.000093 0.117898 0.250000 0.322607
-1.030142 1.029913 0.074366 0.250000 0.093309
-1.015265 2.030068 0.005969 0.250000 -0.194780
-1.004068 3.011957 -0.004478 0.250000 -0.055850
-1.000560 4.002493 -0.000435 0.250000 0.034603
-0.000048 -4.999463 0.000679 0.250000 0.023827
-0.000055 -4.003001 -0.001173 0.250000 0.023574
-0.000064 -3.015575 -0.004732 0.250000 -0.087427
-0.000079 -2.039346 0.017941 0.250000 -0.177744
-0.000093 -1.039212 0.117898 0.250000 0.322605
-0.000099 -0.000099 0.185480 0.250000 0.715083
-0.000092 1.038989 0.117937 0.250000 0.324182
-0.000080 2.039104 0.017919 0.250000 -0.175271
-0.000073 3.015514 -0.004775 0.250000 -0.083731
-0.000064 4.003407 -0.000806 0.250000 0.031426
0.999807 -4.999388 0.000703 0.250000 0.021937
1.000466 -4.002208 -0.000789 0.250000 0.027593
1.003953 -3.012083 -0.004420 0.250000 -0.058595
1.015074 -2.030338 0.006014 0.250000 -0.196055
1.029913 -1.030142 0.074366 0.250000 0.093309
1.038989 -0.000092 0.117937 0.250000 0.324182
1.029933 1.029933 0.074400 0.250000 0.094685
1.015081 2.030105 0.005991 0.250000 -0.193765
1.003905 3.012005 -0.004465 0.250000 -0.055021
1.000425 4.002542 -0.000424 0.250000 0.035276
1.999601 -4.999244 0.000685 0.250000 0.016112
2.000202 -4.000650 -0.000096 0.250000 0.030004
2.003543 -3.005560 -0.002629 0.250000 0.000726
2.013503 -2.013742 -0.004463 0.250000 -0.117272
2.030068 -1.015265 0.005969 0.250000 -0.194779
2.039104 -0.000080 0.017919 0.250000 -0.175271
2.030105 1.015081 0.005991 0.250000 -0.193765
2.013527 2.013527 -0.004489 0.250000 -0.115340
2.003486 3.005436 -0.002672 0.250000 0.003831
2.000150 4.000811 0.000274 0.250000 0.037076
2.999435 -4.999217 0.000617 0.250000 0.008796
2.999578 -3.999587 0.000313 0.250000 0.022176
3.001075 -3.001196 -0.000519 0.250000 0.031084
3.005392 -2.003678 -0.002643 0.250000 0.002283
3.011957 -1.004068 -0.004478 0.250000 -0.055851
3.015514 -0.000073 -0.004775 0.250000 -0.083730
3.012005 1.003905 -0.004465 0.250000 -0.055021
3.005436 2.003486 -0.002672 0.250000 0.003831
3.001038 3.001038 -0.000542 0.250000 0.033560
2.999536 3.999586 0.000706 0.250000 0.028374
3.999432 -4.999361 0.000792 0.250000 0.004888
3.999290 -3.999329 0.000677 0.250000 0.012619
3.999599 -2.999674 0.000675 0.250000 0.026326
4.000760 -2.000299 0.000282 0.250000 0.035844
4.002493 -1.000560 -0.000435 0.250000 0.034603
4.003407 -0.000064 -0.000806 0.250000 0.031426
4.002542 1.000425 -0.000424 0.250000 0.035276
4.000811 2.000150 0.000274 0.250000 0.037076
3.999586 2.999536 0.000706 0.250000 0.028374
3.999261 3.999261 0.001056 0.250000 0.017627
-4.999275 -4.999275 1.000432 0.250000 -0.004765
-4.999800 -4.999800 2.000652 0.250000 -0.006898
-4.999016 -3.999301 1.000339 0.250000 -0.007499
-4.999980 -4.000082 2.000759 0.250000 -0.010025
-4.998799 -2.999412 1.000640 0.250000 -0.006028
-5.000350 -3.000342 2.001241 0.250000 -0.009639
-4.998685 -1.999596 1.001099 0.250000 -0.000914
-5.000844 -2.000453 2.001926 0.250000 -0.005744
-4.998690 -0.999826 1.001511 0.250000 0.005003
-5.001297 -1.000337 2.002543 0.250000 -0.000751
-4.998727 -0.000048 1.001688 0.250000 0.007929
-5.001487 -0.000035 2.002805 0.250000 0.002014
-4.998718 0.999727 1.001538 0.250000 0.006255
-5.001301 1.000268 2.002574 0.250000 0.001054
-4.998712 1.999484 1.001124 0.250000 0.001577
-5.000837 2.000376 2.001972 0.250000 -0.002156
-4.998789 2.999250 1.000682 0.250000 -0.002353
-5.000323 3.000222 2.001325 0.250000 -0.004449
-4.999005 3.999118 1.000642 0.250000 -0.001777
-4.999973 3.999916 2.001010 0.250000 -0.003475
-3.999301 -4.999016 1.000339 0.250000 -0.007499
-4.000082 -4.999980 2.000759 0.250000 -0.010024
-3.999098 -3.999098 1.000542 0.250000 -0.007363
-4.000518 -4.000518 2.001323 0.250000 -0.010843
-3.999076 -2.999391 1.001427 0.250000 0.002399
-4.001298 -3.001037 2.002618 0.250000 -0.003695
-3.999444 -1.999831 1.002564 0.250000 0.017502
-4.002364 -2.001253 2.004334 0.250000 0.009553
-4.000156 -1.000132 1.003514 0.250000 0.029392
-4.003397 -1.000906 2.005873 0.250000 0.022241
-4.000570 -0.000054 1.003902 0.250000 0.033864
-4.003846 -0.000035 2.006514 0.250000 0.028055
-4.000186 1.000021 1.003545 0.250000 0.031215
-4.003397 1.000840 2.005900 0.250000 0.024808
-3.999467 1.999700 1.002569 0.250000 0.021176
-4.002344 2.001184 2.004358 0.250000 0.014670
-3.999040 2.999198 1.001401 0.250000 0.007758
-4.001242 3.000917 2.002647 0.250000 0.003683
-3.999056 3.998900 1.000816 0.250000 0.000703
-4.000467 4.000335 2.001534 0.250000 -0.001657
-2.999412 -4.998799 1.000640 0.250000 -0.006027
-3.000342 -5.000350 2.001241 0.250000 -0.009639
-2.999391 -3.999076 1.001427 0.250000 0.002398
-3.001037 -4.001298 2.002618 0.250000 -0.003695
-3.000021 -3.000021 1.003198 0.250000 0.023681
-3.002332 -3.002332 2.005290 0.250000 0.015231
-3.002207 -2.001563 1.005327 0.250000 0.038660
-3.004329 -2.002919 2.008847 0.250000 0.039192
-3.005890 -1.002104 1.007441 0.250000 0.036030
-3.006561 -1.002229 2.012234 0.250000 0.056692
-3.007977 -0.000059 1.008548 0.250000 0.032380
-3.007624 -0.000032 2.013721 0.250000 0.063609
-3.005916 1.001982 1.007478 0.250000 0.038482
-3.006556 1.002174 2.012257 0.250000 0.060067
-3.002219 2.001426 1.005319 0.250000 0.043667
-3.004296 2.002875 2.008842 0.250000 0.045923
-2.999960 2.999844 1.003103 0.250000 0.030980
-3.002252 3.002247 2.005244 0.250000 0.024858
-2.999326 3.998949 1.001619 0.250000 0.012805
-3.000954 4.001148 2.002737 0.250000 0.008026
-1.999596 -4.998685 1.001099 0.250000 -0.000914
-2.000453 -5.000844 2.001926 0.250000 -0.005744
-1.999831 -3.999444 1.002564 0.250000 0.017502
-2.001253 -4.002364 2.004334 0.250000 0.009553
-2.001563 -3.002207 1.005327 0.250000 0.038660
-2.002919 -3.004329 2.008847 0.250000 0.039193
-2.007464 -2.007464 1.009837 0.250000 0.020492
-2.006002 -2.006002 2.015380 0.250000 0.065092
-2.017975 -1.009184 1.018694 0.250000 -0.007812
-2.010117 -1.005087 2.022732 0.250000 0.078566
-2.024176 -0.000067 1.024931 0.250000 -0.009017
-2.012281 -0.000028 2.026411 0.250000 0.084798
-2.017993 1.009050 1.018733 0.250000 -0.004787
-2.010108 1.005047 2.022747 0.250000 0.082643
-2.007462 2.007328 1.009808 0.250000 0.026627
-2.005965 2.005991 2.015339 0.250000 0.073175
-2.001493 3.002076 1.005155 0.250000 0.047503
-2.002836 3.004299 2.008713 0.250000 0.050600
-1.999768 3.999452 1.002659 0.250000 0.029709
-2.001166 4.002279 2.004336 0.250000 0.023153
-0.999826 -4.998690 1.001511 0.250000 0.005003
-1.000337 -5.001297 2.002543 0.250000 -0.000750
-1.000132 -4.000156 1.003514 0.250000 0.029392
-1.000906 -4.003397 2.005873 0.250000 0.022241
-1.002104 -3.005890 1.007441 0.250000 0.036030
-1.002229 -3.006561 2.012234 0.250000 0.056692
-1.009184 -2.017975 1.018694 0.250000 -0.007811
-1.005087 -2.010117 2.022732 0.250000 0.078565
-1.022314 -1.022314 1.048855 0.250000 0.039717
-1.009416 -1.009416 2.036985 0.250000 0.096559
-1.029743 -0.000072 1.071294 0.250000 0.130810
-1.011854 -0.000024 2.044972 0.250000 0.113324
-1.022322 1.022172 1.048894 0.250000 0.043236
-1.009408 1.009390 2.036992 0.250000 0.101130
-1.009178 2.017846 1.018643 0.250000 -0.000883
-1.005061 2.010137 2.022658 0.250000 0.087530
-1.002058 3.005812 1.007199 0.250000 0.045762
-1.002174 3.006582 2.012023 0.250000 0.069149
-1.000094 4.000301 1.003524 0.250000 0.042517
-1.000848 4.003377 2.005771 0.250000 0.036824
-0.000048 -4.998727 1.001688 0.250000 0.007929
-0.000035 -5.001487 2.002805 0.250000 0.002014
-0.000054 -4.000570 1.003902 0.250000 0.033864
-0.000035 -4.003846 2.006514 0.250000 0.028055
-0.000059 -3.007977 1.008548 0.250000 0.032380
-0.000032 -3.007624 2.013721 0.250000 0.063609
-0.000067 -2.024176 1.024931 0.250000 -0.009017
-0.000028 -2.012281 2.026411 0.250000 0.084798
-0.000072 -1.029743 1.071294 0.250000 0.130811
-0.000024 -1.011854 2.044972 0.250000 0.113325
-0.000074 -0.000074 1.104449 0.250000 0.292515
-0.000021 -0.000021 2.055803 0.250000 0.142827
-0.000071 1.029600 1.071332 0.250000 0.134575
-0.000022 1.011836 2.044975 0.250000 0.118071
-0.000066 2.024053 1.024869 0.250000 -0.001765
-0.000026 2.012315 2.026322 0.250000 0.094055
-0.000064 3.007924 1.008274 0.250000 0.042392
-0.000031 3.007667 2.013477 0.250000 0.076367
-0.000058 4.000775 1.003874 0.250000 0.047222
-0.000033 4.003853 2.006368 0.250000 0.042872
0.999727 -4.998718 1.001538 0.250000 0.006255
1.000268 -5.001301 2.002574 0.250000 0.001054
1.000021 -4.000186 1.003545 0.250000 0.031216
1.000840 -4.003397 2.005900 0.250000 0.024808
1.001982 -3.005916 1.007478 0.250000 0.038482
1.002174 -3.006556 2.012257 0.250000 0.060067
1.009050 -2.017993 1.018733 0.250000 -0.004787
1.005047 -2.010108 2.022747 0.250000 0.082643
1.022172 -1.022322 1.048894 0.250000 0.043236
1.009390 -1.009408 2.036992 0.250000 0.101129
1.029600 -0.000071 1.071332 0.250000 0.134574
1.011836 -0.000022 2.044975 0.250000 0.118070
1.022183 1.022183 1.048931 0.250000 0.046783
1.009386 1.009386 2.036996 0.250000 0.105675
1.009045 2.017867 1.018676 0.250000 0.002158
1.005025 2.010131 2.022668 0.250000 0.091538
1.001928 3.005840 1.007228 0.250000 0.048171
1.002122 3.006578 2.012040 0.250000 0.072387
0.999978 4.000329 1.003551 0.250000 0.044271
1.000787 4.003375 2.005795 0.250000 0.039222
1.999484 -4.998712 1.001124 0.250000 0.001577
2.000376 -5.000837 2.001972 0.250000 -0.002156
1.999700 -3.999467 1.002569 0.250000 0.021175
2.001184 -4.002344 2.004358 0.250000 0.014669
2.001426 -3.002219 1.005319 0.250000 0.043666
2.002875 -3.004296 2.008842 0.250000 0.045923
2.007328 -2.007462 1.009808 0.250000 0.026627
2.005991 -2.005965 2.015339 0.250000 0.073175
2.017846 -1.009178 1.018643 0.250000 -0.000882
2.010137 -1.005061 2.022658 0.250000 0.087530
2.024053 -0.000066 1.024869 0.250000 -0.001764
2.012315 -0.000026 2.026322 0.250000 0.094055
2.017867 1.009045 1.018676 0.250000 0.002157
2.010131 1.005025 2.022668 0.250000 0.091538
2.007329 2.007329 1.009769 0.250000 0.032711
2.005957 2.005957 2.015290 0.250000 0.081070
2.001351 3.002087 1.005136 0.250000 0.052322
2.002793 3.004266 2.008701 0.250000 0.056997
1.999641 3.999469 1.002671 0.250000 0.033192
2.001104 4.002256 2.004362 0.250000 0.027877
2.999250 -4.998789 1.000682 0.250000 -0.002353
3.000222 -5.000323 2.001325 0.250000 -0.004449
2.999198 -3.999040 1.001401 0.250000 0.007758
3.000917 -4.001242 2.002647 0.250000 0.003683
2.999844 -2.999960 1.003103 0.250000 0.030980
3.002247 -3.002252 2.005244 0.250000 0.024858
3.002076 -2.001493 1.005155 0.250000 0.047503
3.004299 -2.002836 2.008713 0.250000 0.050601
3.005812 -1.002058 1.007199 0.250000 0.045762
3.006582 -1.002174 2.012023 0.250000 0.069148
3.007924 -0.000064 1.008274 0.250000 0.042392
3.007667 -0.000031 2.013477 0.250000 0.076367
3.005840 1.001928 1.007228 0.250000 0.048171
3.006578 1.002122 2.012040 0.250000 0.072387
3.002087 2.001351 1.005136 0.250000 0.052322
3.004266 2.002793 2.008701 0.250000 0.056996
2.999780 2.999780 1.003011 0.250000 0.037934
3.002169 3.002169 2.005199 0.250000 0.033931
2.999156 3.998913 1.001629 0.250000 0.017908
3.000849 4.001096 2.002781 0.250000 0.014753
3.999118 -4.999005 1.000642 0.250000 -0.001777
3.999916 -4.999973 2.001010 0.250000 -0.003475
3.998900 -3.999056 1.000816 0.250000 0.000703
4.000335 -4.000467 2.001534 0.250000 -0.001657
3.998949 -2.999326 1.001619 0.250000 0.012806
4.001148 -3.000954 2.002737 0.250000 0.008026
3.999452 -1.999768 1.002659 0.250000 0.029710
4.002279 -2.001166 2.004336 0.250000 0.023153
4.000301 -1.000094 1.003524 0.250000 0.042517
4.003377 -1.000848 2.005771 0.250000 0.036824
4.000775 -0.000058 1.003874 0.250000 0.047222
4.003853 -0.000033 2.006368 0.250000 0.042871
4.000329 0.999978 1.003551 0.250000 0.044271
4.003375 1.000787 2.005795 0.250000 0.039222
3.999469 1.999641 1.002671 0.250000 0.033192
4.002256 2.001104 2.004362 0.250000 0.027877
3.998913 2.999156 1.001629 0.250000 0.017908
4.001096 3.000849 2.002781 0.250000 0.014753
3.998891 3.998891 1.001119 0.250000 0.008332
4.000311 4.000311 2.001759 0.250000 0.006627
0.000000 0.000000 -1.000000 0.250000 0.000000
