-4.999694 -4.999694 0.000510 0.250000 0.008076
-4.999645 -3.999677 0.000315 0.250000 0.012112
-4.999754 -2.999785 0.000293 0.250000 0.018172
-5.000053 -1.999960 0.000238 0.250000 0.023206
-5.000441 -1.000067 0.000132 0.250000 0.025747
-5.000637 -0.000045 0.000077 0.250000 0.026636
-5.000459 0.999980 0.000125 0.250000 0.026792
-5.000056 1.999887 0.000204 0.250000 0.024820
-4.999715 2.999748 0.000286 0.250000 0.019787
-4.999637 3.999722 0.000568 0.250000 0.014534
-3.999677 -4.999645 0.000315 0.250000 0.012112
-3.999766 -3.999766 0.000014 0.250000 0.019137
-4.000347 -3.000228 -0.000214 0.250000 0.025375
-4.001644 -2.000798 -0.000689 0.250000 0.021802
-4.003312 -1.000836 -0.001258 0.250000 0.008900
-4.004141 -0.000064 -0.001511 0.250000 0.001628
-4.003331 1.000709 -0.001271 0.250000 0.010418
-4.001643 2.000687 -0.000752 0.250000 0.024163
-4.000292 3.000189 -0.000277 0.250000 0.027488
-3.999764 3.999884 0.000272 0.250000 0.021767
-2.999785 -4.999754 0.000293 0.250000 0.018172
-3.000228 -4.000347 -0.000214 0.250000 0.025375
-3.001967 -3.001967 -0.001031 0.250000 0.015147
-3.006012 -2.004023 -0.002244 0.250000 -0.035632
-3.011687 -1.003955 -0.002611 0.250000 -0.104070
-3.014675 -0.000073 -0.002245 0.250000 -0.132831
-3.011703 1.003810 -0.002623 0.250000 -0.102154
-3.006000 2.003908 -0.002318 0.250000 -0.032598
-3.001895 3.001986 -0.001126 0.250000 0.017748
-3.000224 4.000632 0.000024 0.250000 0.027775
-1.999960 -5.000053 0.000238 0.250000 0.023206
-2.000798 -4.001644 -0.000689 0.250000 0.021802
-2.004023 -3.006012 -0.002244 0.250000 -0.035632
-2.012493 -2.012493 -0.001227 0.250000 -0.164111
-2.025975 -1.013065 0.010760 0.250000 -0.216384
-2.033234 -0.000082 0.022051 0.250000 -0.175058
-2.025985 1.012906 0.010749 0.250000 -0.214110
-2.012473 2.012388 -0.001308 0.250000 -0.160595
-2.003949 3.006122 -0.002356 0.250000 -0.032771
-2.000789 4.002154 -0.000452 0.250000 0.023705
-1.000067 -5.000441 0.000132 0.250000 0.025747
-1.000836 -4.003312 -0.001258 0.250000 0.008900
-1.003955 -3.011687 -0.002611 0.250000 -0.104070
-1.013065 -2.025975 0.010760 0.250000 -0.216385
-1.025013 -1.025013 0.071432 0.250000 0.174036
-1.032296 -0.000089 0.109057 0.250000 0.466954
-1.025016 1.024844 0.071420 0.250000 0.176795
-1.013050 2.025881 0.010667 0.250000 -0.212488
-1.003908 3.011882 -0.002734 0.250000 -0.101166
-1.000825 4.004022 -0.001014 0.250000 0.010172
-0.000045 -5.000637 0.000077 0.250000 0.026636
-0.000064 -4.004141 -0.001511 0.250000 0.001627
-0.000073 -3.014675 -0.002245 0.250000 -0.132831
-0.000082 -2.033234 0.022051 0.250000 -0.175056
-0.000089 -1.032296 0.109057 0.250000 0.466954
-0.000090 -0.000090 0.166654 0.250000 0.952306
-0.000088 1.032125 0.109043 0.250000 0.469962
-0.000084 2.033147 0.021949 0.250000 -0.170976
-0.000076 3.014906 -0.002376 0.250000 -0.129973
-0.000053 4.004932 -0.001264 0.250000 0.002518
0.999980 -5.000459 0.000125 0.250000 0.026792
1.000709 -4.003331 -0.001271 0.250000 0.010418
1.003810 -3.011703 -0.002623 0.250000 -0.102155
1.012906 -2.025985 0.010749 0.250000 -0.214111
1.024844 -1.025016 0.071420 0.250000 0.176794
1.032125 -0.000088 0.109043 0.250000 0.469962
1.024848 1.024848 0.071406 0.250000 0.179561
1.012887 2.025892 0.010651 0.250000 -0.210246
1.003759 3.011898 -0.002752 0.250000 -0.099412
1.000724 4.004036 -0.001025 0.250000 0.011376
1.999887 -5.000056 0.000204 0.250000 0.024820
2.000687 -4.001643 -0.000752 0.250000 0.024163
2.003908 -3.006000 -0.002318 0.250000 -0.032598
2.012388 -2.012473 -0.001308 0.250000 -0.160595
2.025881 -1.013050 0.010667 0.250000 -0.212488
2.033147 -0.000084 0.021949 0.250000 -0.170976
2.025892 1.012887 0.010651 0.250000 -0.210245
2.012367 2.012367 -0.001399 0.250000 -0.157236
2.003835 3.006107 -0.002436 0.250000 -0.030132
2.000713 4.002143 -0.000498 0.250000 0.025508
2.999748 -4.999715 0.000286 0.250000 0.019787
3.000189 -4.000292 -0.000277 0.250000 0.027488
3.001986 -3.001895 -0.001126 0.250000 0.017748
3.006122 -2.003949 -0.002356 0.250000 -0.032772
3.011882 -1.003908 -0.002734 0.250000 -0.101167
3.014906 -0.000076 -0.002376 0.250000 -0.129973
3.011898 1.003759 -0.002752 0.250000 -0.099412
3.006107 2.003835 -0.002436 0.250000 -0.030132
3.001915 3.001915 -0.001209 0.250000 0.019772
3.000218 4.000573 0.000007 0.250000 0.029347
3.999722 -4.999637 0.000568 0.250000 0.014534
3.999884 -3.999764 0.000272 0.250000 0.021767
4.000632 -3.000224 0.000024 0.250000 0.027775
4.002154 -2.000789 -0.000452 0.250000 0.023705
4.004022 -1.000825 -0.001014 0.250000 0.010172
4.004932 -0.000053 -0.001264 0.250000 0.002518
4.004036 1.000724 -0.001025 0.250000 0.011377
4.002143 2.000713 -0.000498 0.250000 0.025508
4.000573 3.000218 0.000007 0.250000 0.029347
3.999902 3.999902 0.000557 0.250000 0.023778
-4.999504 -4.999504 1.000462 0.250000 0.002761
-5.000027 -5.000027 2.000733 0.250000 0.000318
-4.999437 -3.999585 1.000398 0.250000 0.003241
-5.000302 -4.000297 2.000880 0.250000 0.000153
-4.999515 -2.999739 1.000640 0.250000 0.006603
-5.000781 -3.000521 2.001329 0.250000 0.002511
-4.999728 -1.999903 1.000978 0.250000 0.011373
-5.001377 -2.000572 2.001916 0.250000 0.006730
-4.999993 -1.000008 1.001264 0.250000 0.015705
-5.001900 -1.000374 2.002422 0.250000 0.011052
-5.000120 -0.000021 1.001379 0.250000 0.017974
-5.002106 0.000024 2.002622 0.250000 0.013484
-4.999991 0.999970 1.001256 0.250000 0.017503
-5.001875 1.000425 2.002407 0.250000 0.013017
-4.999701 1.999869 1.000936 0.250000 0.014373
-5.001321 2.000617 2.001877 0.250000 0.010090
-4.999454 2.999685 1.000595 0.250000 0.009803
-5.000705 3.000526 2.001300 0.250000 0.006317
-4.999433 3.999550 1.000582 0.250000 0.006785
-5.000272 4.000264 2.001001 0.250000 0.003853
-3.999585 -4.999437 1.000398 0.250000 0.003241
-4.000297 -5.000302 2.000880 0.250000 0.000153
-3.999637 -3.999637 1.000554 0.250000 0.007074
-4.000817 -4.000817 2.001421 0.250000 0.003057
-4.000035 -3.000037 1.001219 0.250000 0.015723
-4.001711 -3.001291 2.002539 0.250000 0.010895
-4.000889 -2.000456 1.002070 0.250000 0.024242
-4.002905 -2.001440 2.003977 0.250000 0.021246
-4.001979 -1.000515 1.002822 0.250000 0.028682
-4.004043 -1.000986 2.005262 0.250000 0.030056
-4.002521 -0.000030 1.003135 0.250000 0.030336
-4.004525 0.000032 2.005784 0.250000 0.034276
-4.001977 1.000461 1.002801 0.250000 0.031257
-4.004014 1.001056 2.005225 0.250000 0.032761
-4.000855 2.000412 1.001979 0.250000 0.028514
-4.002835 2.001513 2.003882 0.250000 0.025818
-3.999950 2.999986 1.001072 0.250000 0.020011
-4.001608 3.001325 2.002415 0.250000 0.015868
-3.999618 3.999644 1.000672 0.250000 0.011281
-4.000753 4.000800 2.001459 0.250000 0.007552
-2.999739 -4.999515 1.000640 0.250000 0.006603
-3.000521 -5.000781 2.001329 0.250000 0.002511
-3.000037 -4.000035 1.001219 0.250000 0.015723
-3.001291 -4.001711 2.002539 0.250000 0.010895
-3.001181 -3.001181 1.002598 0.250000 0.027060
-3.002718 -3.002718 2.004813 0.250000 0.025920
-3.003848 -2.002597 1.004553 0.250000 0.026010
-3.004888 -2.003242 2.007910 0.250000 0.041342
-3.007664 -1.002621 1.006844 0.250000 0.013029
-3.007251 -1.002388 2.010971 0.250000 0.051928
-3.009689 -0.000031 1.008061 0.250000 0.007215
-3.008346 0.000046 2.012323 0.250000 0.056711
-3.007660 1.002572 1.006812 0.250000 0.016295
-3.007219 1.002493 2.010912 0.250000 0.055289
-3.003806 2.002576 1.004419 0.250000 0.031383
-3.004812 2.003366 2.007754 0.250000 0.046920
-3.001081 3.001195 1.002348 0.250000 0.032121
-3.002602 3.002816 2.004576 0.250000 0.031642
-3.000006 4.000170 1.001224 0.250000 0.019827
-3.001207 4.001757 2.002451 0.250000 0.015477
-1.999903 -4.999728 1.000978 0.250000 0.011373
-2.000572 -5.001377 2.001916 0.250000 0.006730
-2.000456 -4.000889 1.002070 0.250000 0.024242
-2.001440 -4.002905 2.003977 0.250000 0.021246
-2.002597 -3.003848 1.004553 0.250000 0.026011
-2.003242 -3.004888 2.007910 0.250000 0.041342
-2.008368 -2.008368 1.009640 0.250000 -0.005572
-2.006454 -2.006454 2.013966 0.250000 0.056983
-2.017703 -1.008961 1.019078 0.250000 -0.024897
-2.010520 -1.005238 2.021035 0.250000 0.069325
-2.023016 -0.000029 1.025242 0.250000 -0.015570
-2.012583 0.000061 2.024553 0.250000 0.077838
-2.017696 1.008921 1.019035 0.250000 -0.021089
-2.010492 1.005381 2.020954 0.250000 0.073164
-2.008325 2.008382 1.009464 0.250000 0.000520
-2.006385 2.006636 2.013751 0.250000 0.063180
-2.002502 3.003952 1.004204 0.250000 0.031229
-2.003136 3.005065 2.007560 0.250000 0.047206
-2.000424 4.001201 1.001964 0.250000 0.027493
-2.001359 4.003038 2.003755 0.250000 0.025140
-1.000008 -4.999993 1.001264 0.250000 0.015705
-1.000374 -5.001900 2.002422 0.250000 0.011053
-1.000515 -4.001979 1.002822 0.250000 0.028683
-1.000986 -4.004043 2.005262 0.250000 0.030056
-1.002621 -3.007664 1.006844 0.250000 0.013029
-1.002388 -3.007251 2.010971 0.250000 0.051927
-1.008961 -2.017703 1.019078 0.250000 -0.024897
-1.005238 -2.010520 2.021035 0.250000 0.069324
-1.019986 -1.019986 1.047654 0.250000 0.072966
-1.009279 -1.009279 2.034742 0.250000 0.102216
-1.026109 -0.000026 1.067652 0.250000 0.198285
-1.011467 0.000073 2.042230 0.250000 0.130633
-1.019980 1.019956 1.047601 0.250000 0.077180
-1.009261 1.009452 2.034644 0.250000 0.106334
-1.008933 2.017748 1.018864 0.250000 -0.018429
-1.005196 2.010749 2.020772 0.250000 0.075779
-1.002562 3.007850 1.006416 0.250000 0.017975
-1.002323 3.007495 2.010533 0.250000 0.057522
-1.000491 4.002449 1.002632 0.250000 0.030749
-1.000933 4.004253 2.004934 0.250000 0.032926
-0.000021 -5.000120 1.001379 0.250000 0.017974
0.000024 -5.002106 2.002622 0.250000 0.013484
-0.000030 -4.002521 1.003135 0.250000 0.030336
0.000032 -4.004525 2.005784 0.250000 0.034276
-0.000031 -3.009689 1.008061 0.250000 0.007215
0.000046 -3.008346 2.012323 0.250000 0.056711
-0.000029 -2.023016 1.025242 0.250000 -0.015570
0.000061 -2.012583 2.024553 0.250000 0.077838
-0.000026 -1.026109 1.067652 0.250000 0.198285
0.000073 -1.011467 2.042230 0.250000 0.130633
-0.000024 -0.000024 1.096597 0.250000 0.408229
0.000078 0.000078 2.052219 0.250000 0.176709
-0.000025 1.026087 1.067593 0.250000 0.202661
0.000074 1.011653 2.042125 0.250000 0.134810
-0.000030 2.023075 1.025011 0.250000 -0.009027
0.000062 2.012830 2.024271 0.250000 0.084283
-0.000031 3.009909 1.007600 0.250000 0.011895
0.000048 3.008615 2.011850 0.250000 0.062020
-0.000020 4.003053 1.002912 0.250000 0.031709
0.000039 4.004764 2.005417 0.250000 0.036511
0.999970 -4.999991 1.001256 0.250000 0.017503
1.000425 -5.001875 2.002407 0.250000 0.013017
1.000461 -4.001977 1.002801 0.250000 0.031257
1.001056 -4.004014 2.005225 0.250000 0.032761
1.002572 -3.007660 1.006812 0.250000 0.016296
1.002493 -3.007219 2.010912 0.250000 0.055289
1.008921 -2.017696 1.019035 0.250000 -0.021088
1.005381 -2.010492 2.020954 0.250000 0.073164
1.019956 -1.019980 1.047601 0.250000 0.077181
1.009452 -1.009261 2.034644 0.250000 0.106334
1.026087 -0.000025 1.067593 0.250000 0.202660
1.011653 0.000074 2.042125 0.250000 0.134810
1.019952 1.019952 1.047546 0.250000 0.081336
1.009435 1.009435 2.034545 0.250000 0.110335
1.008892 2.017742 1.018817 0.250000 -0.014786
1.005340 2.010720 2.020690 0.250000 0.079370
1.002511 3.007844 1.006380 0.250000 0.020912
1.002431 3.007461 2.010474 0.250000 0.060483
1.000459 4.002441 1.002613 0.250000 0.032835
1.001017 4.004220 2.004903 0.250000 0.035113
1.999869 -4.999701 1.000936 0.250000 0.014372
2.000617 -5.001321 2.001877 0.250000 0.010090
2.000412 -4.000855 1.001979 0.250000 0.028514
2.001513 -4.002835 2.003882 0.250000 0.025818
2.002576 -3.003806 1.004419 0.250000 0.031383
2.003366 -3.004812 2.007754 0.250000 0.046920
2.008382 -2.008325 1.009464 0.250000 0.000520
2.006636 -2.006385 2.013751 0.250000 0.063180
2.017748 -1.008933 1.018864 0.250000 -0.018429
2.010749 -1.005196 2.020772 0.250000 0.075778
2.023075 -0.000030 1.025011 0.250000 -0.009028
2.012830 0.000062 2.024271 0.250000 0.084283
2.017742 1.008892 1.018817 0.250000 -0.014786
2.010720 1.005340 2.020690 0.250000 0.079370
2.008337 2.008337 1.009280 0.250000 0.006209
2.006566 2.006566 2.013535 0.250000 0.068850
2.002480 3.003904 1.004069 0.250000 0.035881
2.003261 3.004985 2.007410 0.250000 0.051967
2.000405 4.001155 1.001892 0.250000 0.030828
2.001444 4.002963 2.003678 0.250000 0.028714
2.999685 -4.999454 1.000595 0.250000 0.009803
3.000526 -5.000705 2.001300 0.250000 0.006318
2.999986 -3.999950 1.001072 0.250000 0.020010
3.001325 -4.001608 2.002415 0.250000 0.015868
3.001195 -3.001081 1.002348 0.250000 0.032121
3.002816 -3.002602 2.004576 0.250000 0.031642
3.003952 -2.002502 1.004204 0.250000 0.031229
3.005065 -2.003136 2.007560 0.250000 0.047207
3.007850 -1.002562 1.006416 0.250000 0.017975
3.007495 -1.002323 2.010533 0.250000 0.057522
3.009909 -0.000031 1.007600 0.250000 0.011895
3.008615 0.000048 2.011850 0.250000 0.062020
3.007844 1.002511 1.006380 0.250000 0.020912
3.007461 1.002431 2.010474 0.250000 0.060482
3.003904 2.002480 1.004069 0.250000 0.035881
3.004985 2.003261 2.007410 0.250000 0.051967
3.001091 3.001091 1.002116 0.250000 0.036110
3.002698 3.002698 2.004360 0.250000 0.036189
2.999985 4.000082 1.001128 0.250000 0.022958
3.001256 4.001656 2.002365 0.250000 0.019109
3.999550 -4.999433 1.000582 0.250000 0.006785
4.000264 -5.000272 2.001001 0.250000 0.003853
3.999644 -3.999618 1.000672 0.250000 0.011282
4.000800 -4.000753 2.001459 0.250000 0.007552
4.000170 -3.000006 1.001224 0.250000 0.019827
4.001757 -3.001207 2.002451 0.250000 0.015476
4.001201 -2.000424 1.001964 0.250000 0.027493
4.003038 -2.001359 2.003755 0.250000 0.025140
4.002449 -1.000491 1.002632 0.250000 0.030749
4.004253 -1.000933 2.004934 0.250000 0.032926
4.003053 -0.000020 1.002912 0.250000 0.031708
4.004764 0.000039 2.005417 0.250000 0.036511
4.002441 1.000459 1.002613 0.250000 0.032835
4.004220 1.001017 2.004903 0.250000 0.035113
4.001155 2.000405 1.001892 0.250000 0.030828
4.002963 2.001444 2.003678 0.250000 0.028714
4.000082 2.999985 1.001128 0.250000 0.022958
4.001656 3.001256 2.002365 0.250000 0.019109
3.999654 3.999654 1.000838 0.250000 0.014188
4.000760 4.000760 2.001539 0.250000 0.010548
0.000000 0.000000 -1.000000 0.250000 0.000000
