-4.999984 -4.999984 0.000272 0.250000 0.010597
-5.000125 -4.000027 -0.000017 0.250000 0.014235
-5.000499 -3.000159 -0.000132 0.250000 0.015303
-5.001052 -2.000276 -0.000222 0.250000 0.012011
-5.001598 -1.000234 -0.000310 0.250000 0.006727
-5.001833 -0.000010 -0.000353 0.250000 0.004231
-5.001583 1.000224 -0.000335 0.250000 0.006816
-5.001006 2.000296 -0.000276 0.250000 0.011109
-5.000437 3.000241 -0.000137 0.250000 0.011960
-5.000156 4.000217 0.000250 0.250000 0.008850
-4.000027 -5.000125 -0.000017 0.250000 0.014235
-4.000336 -4.000336 -0.000441 0.250000 0.016940
-4.001176 -3.000790 -0.000682 0.250000 0.010003
-4.002605 -2.001196 -0.000903 0.250000 -0.010946
-4.004208 -1.000997 -0.001051 0.250000 -0.036940
-4.004952 -0.000032 -0.001097 0.250000 -0.048802
-4.004192 1.000948 -0.001094 0.250000 -0.036426
-4.002554 2.001198 -0.001000 0.250000 -0.011585
-4.001105 3.000908 -0.000742 0.250000 0.005668
-4.000387 4.000642 -0.000148 0.250000 0.008958
-3.000159 -5.000499 -0.000132 0.250000 0.015303
-3.000790 -4.001176 -0.000682 0.250000 0.010003
-3.002567 -3.002567 -0.001032 0.250000 -0.023618
-3.006084 -2.004022 -0.000919 0.250000 -0.092599
-3.010651 -1.003550 0.000256 0.250000 -0.161540
-3.012979 -0.000036 0.001226 0.250000 -0.186301
-3.010634 1.003499 0.000204 0.250000 -0.160702
-3.006029 2.004050 -0.001040 0.250000 -0.093046
-3.002490 3.002778 -0.001124 0.250000 -0.028822
-3.000845 4.001668 -0.000380 0.250000 -0.000583
-2.000276 -5.001052 -0.000222 0.250000 0.012011
-2.001196 -4.002605 -0.000903 0.250000 -0.010946
-2.004022 -3.006084 -0.000919 0.250000 -0.092599
-2.010660 -2.010660 0.002862 0.250000 -0.208339
-2.020759 -1.010408 0.015475 0.250000 -0.202039
-2.026113 -0.000034 0.025501 0.250000 -0.122831
-2.020743 1.010369 0.015418 0.250000 -0.200983
-2.010611 2.010731 0.002727 0.250000 -0.208788
-2.003952 3.006414 -0.001023 0.250000 -0.098658
-2.001234 4.003317 -0.000573 0.250000 -0.023751
-1.000234 -5.001598 -0.000310 0.250000 0.006727
-1.000997 -4.004208 -0.001051 0.250000 -0.036940
-1.003550 -3.010651 0.000256 0.250000 -0.161540
-1.010408 -2.020759 0.015475 0.250000 -0.202038
-1.019218 -1.019218 0.066015 0.250000 0.351127
-1.024569 -0.000030 0.096315 0.250000 0.735040
-1.019208 1.019192 0.065948 0.250000 0.352363
-1.010377 2.020866 0.015325 0.250000 -0.202639
-1.003505 3.011080 0.000147 0.250000 -0.168374
-1.001006 4.005101 -0.000688 0.250000 -0.051431
-0.000010 -5.001833 -0.000353 0.250000 0.004231
-0.000032 -4.004952 -0.001097 0.250000 -0.048802
-0.000036 -3.012979 0.001226 0.250000 -0.186301
-0.000034 -2.026113 0.025501 0.250000 -0.122831
-0.000030 -1.024569 0.096315 0.250000 0.735040
-0.000027 -0.000027 0.141962 0.250000 1.350913
-0.000030 1.024548 0.096242 0.250000 0.736294
-0.000034 2.026234 0.025341 0.250000 -0.123627
-0.000031 3.013446 0.001115 0.250000 -0.193615
-0.000006 4.005915 -0.000716 0.250000 -0.064147
1.000224 -5.001583 -0.000335 0.250000 0.006816
1.000948 -4.004192 -0.001094 0.250000 -0.036426
1.003499 -3.010634 0.000204 0.250000 -0.160702
1.010369 -2.020743 0.015418 0.250000 -0.200984
1.019192 -1.019208 0.065948 0.250000 0.352360
1.024548 -0.000030 0.096242 0.250000 0.736295
1.019181 1.019181 0.065880 0.250000 0.353452
1.010336 2.020849 0.015266 0.250000 -0.201895
1.003463 3.011060 0.000098 0.250000 -0.168054
1.001009 4.005080 -0.000717 0.250000 -0.051572
2.000296 -5.001006 -0.000276 0.250000 0.011109
2.001198 -4.002554 -0.001000 0.250000 -0.011585
2.004050 -3.006029 -0.001040 0.250000 -0.093046
2.010731 -2.010611 0.002727 0.250000 -0.208788
2.020866 -1.010377 0.015325 0.250000 -0.202639
2.026234 -0.000034 0.025341 0.250000 -0.123625
2.020849 1.010336 0.015266 0.250000 -0.201896
2.010678 2.010678 0.002592 0.250000 -0.209886
2.003987 3.006353 -0.001134 0.250000 -0.100054
2.001284 4.003256 -0.000634 0.250000 -0.025369
3.000241 -5.000437 -0.000137 0.250000 0.011960
3.000908 -4.001105 -0.000742 0.250000 0.005668
3.002778 -3.002490 -0.001124 0.250000 -0.028822
3.006414 -2.003952 -0.001023 0.250000 -0.098659
3.011080 -1.003505 0.000147 0.250000 -0.168374
3.013446 -0.000031 0.001115 0.250000 -0.193615
3.011060 1.003463 0.000098 0.250000 -0.168054
3.006353 2.003987 -0.001134 0.250000 -0.100054
3.002702 3.002702 -0.001185 0.250000 -0.035060
3.000993 4.001591 -0.000378 0.250000 -0.005507
4.000217 -5.000156 0.000250 0.250000 0.008850
4.000642 -4.000387 -0.000148 0.250000 0.008957
4.001668 -3.000845 -0.000380 0.250000 -0.000583
4.003317 -2.001234 -0.000573 0.250000 -0.023751
4.005101 -1.001006 -0.000688 0.250000 -0.051430
4.005915 -0.000006 -0.000716 0.250000 -0.064147
4.005080 1.001009 -0.000717 0.250000 -0.051571
4.003256 2.001284 -0.000634 0.250000 -0.025369
4.001591 3.000993 -0.000378 0.250000 -0.005508
4.000699 4.000699 0.000184 0.250000 0.001102
-4.999875 -4.999875 1.000355 0.250000 0.004033
-5.000297 -5.000297 2.000690 0.250000 0.000699
-5.000006 -4.000012 1.000255 0.250000 0.006308
-5.000655 -4.000561 2.000814 0.250000 0.002540
-5.000363 -3.000190 1.000431 0.250000 0.008124
-5.001232 -3.000758 2.001207 0.250000 0.004765
-5.000870 -2.000292 1.000704 0.250000 0.008221
-5.001923 -2.000747 2.001721 0.250000 0.006606
-5.001354 -1.000220 1.000942 0.250000 0.007400
-5.002511 -1.000450 2.002160 0.250000 0.007871
-5.001553 0.000022 1.001029 0.250000 0.007100
-5.002734 0.000072 2.002322 0.250000 0.008393
-5.001324 1.000269 1.000903 0.250000 0.007694
-5.002469 1.000591 2.002117 0.250000 0.007762
-5.000803 2.000345 1.000623 0.250000 0.007535
-5.001847 2.000872 2.001645 0.250000 0.005388
-5.000287 3.000235 1.000370 0.250000 0.004691
-5.001155 3.000839 2.001158 0.250000 0.001200
-5.000040 4.000098 1.000443 0.250000 0.000574
-5.000655 4.000613 2.000939 0.250000 -0.003139
-4.000012 -5.000006 1.000255 0.250000 0.006308
-4.000561 -5.000655 2.000814 0.250000 0.002539
-4.000320 -4.000320 1.000309 0.250000 0.010896
-4.001164 -4.001164 2.001264 0.250000 0.007501
-4.001085 -3.000776 1.000838 0.250000 0.013367
-4.002164 -3.001606 2.002226 0.250000 0.013288
-4.002313 -2.001097 1.001612 0.250000 0.010737
-4.003463 -2.001678 2.003490 0.250000 0.018222
-4.003646 -1.000866 1.002368 0.250000 0.005350
-4.004671 -1.001093 2.004637 0.250000 0.021630
-4.004252 0.000014 1.002686 0.250000 0.002918
-4.005170 0.000085 2.005094 0.250000 0.023013
-4.003615 1.000904 1.002302 0.250000 0.006029
-4.004626 1.001263 2.004562 0.250000 0.021609
-4.002240 2.001154 1.001463 0.250000 0.010125
-4.003377 2.001838 2.003344 0.250000 0.016643
-4.000995 3.000848 1.000673 0.250000 0.008467
-4.002070 3.001721 2.002081 0.250000 0.008123
-4.000356 4.000474 1.000452 0.250000 0.001992
-4.001144 4.001240 2.001323 0.250000 -0.001063
-3.000190 -5.000363 1.000431 0.250000 0.008125
-3.000758 -5.001232 2.001207 0.250000 0.004765
-3.000776 -4.001085 1.000838 0.250000 0.013367
-3.001606 -4.002164 2.002226 0.250000 0.013287
-3.002291 -3.002291 1.002110 0.250000 0.010841
-3.003133 -3.003133 2.004227 0.250000 0.022778
-3.005153 -2.003413 1.004253 0.250000 -0.004721
-3.005374 -2.003537 2.007070 0.250000 0.031029
-3.008777 -1.002916 1.006896 0.250000 -0.022062
-3.007722 -1.002496 2.009947 0.250000 0.038166
-3.010592 0.000021 1.008245 0.250000 -0.027438
-3.008779 0.000105 2.011210 0.250000 0.041767
-3.008747 1.002974 1.006808 0.250000 -0.021140
-3.007679 1.002712 2.009841 0.250000 0.038104
-3.005081 2.003513 1.004047 0.250000 -0.005495
-3.005290 2.003754 2.006856 0.250000 0.028827
-3.002199 3.002443 1.001848 0.250000 0.004196
-3.003036 3.003312 2.003979 0.250000 0.015607
-3.000809 4.001370 1.000907 0.250000 0.000814
-3.001576 4.002300 2.002193 0.250000 0.001282
-2.000292 -5.000870 1.000704 0.250000 0.008221
-2.000747 -5.001923 2.001721 0.250000 0.006606
-2.001097 -4.002313 1.001612 0.250000 0.010737
-2.001678 -4.003463 2.003490 0.250000 0.018223
-2.003413 -3.005153 1.004253 0.250000 -0.004720
-2.003537 -3.005374 2.007070 0.250000 0.031029
-2.008639 -2.008639 1.010058 0.250000 -0.033546
-2.006669 -2.006669 2.012818 0.250000 0.046438
-2.016350 -1.008202 1.019647 0.250000 -0.020504
-2.010408 -1.005144 2.019525 0.250000 0.071088
-2.020576 0.000031 1.025413 0.250000 0.009907
-2.012238 0.000126 2.022791 0.250000 0.087248
-2.016325 1.008288 1.019540 0.250000 -0.019499
-2.010373 1.005407 2.019393 0.250000 0.070866
-2.008577 2.008791 1.009804 0.250000 -0.034767
-2.006600 2.006947 2.012544 0.250000 0.043417
-2.003333 3.005406 1.003910 0.250000 -0.013351
-2.003455 3.005626 2.006729 0.250000 0.021654
-2.001119 4.002761 1.001619 0.250000 -0.005448
-2.001648 4.003675 2.003368 0.250000 0.002664
-1.000220 -5.001354 1.000942 0.250000 0.007400
-1.000450 -5.002511 2.002160 0.250000 0.007871
-1.000866 -4.003646 1.002368 0.250000 0.005350
-1.001093 -4.004671 2.004637 0.250000 0.021630
-1.002916 -3.008777 1.006896 0.250000 -0.022062
-1.002496 -3.007722 2.009947 0.250000 0.038166
-1.008202 -2.016350 1.019647 0.250000 -0.020504
-1.005144 -2.010408 2.019525 0.250000 0.071088
-1.016791 -1.016791 1.045201 0.250000 0.171502
-1.008651 -1.008651 2.032163 0.250000 0.143435
-1.021457 0.000042 1.061925 0.250000 0.351162
-1.010479 0.000142 2.038823 0.250000 0.193823
-1.016776 1.016902 1.045078 0.250000 0.172484
-1.008631 1.008949 2.032011 0.250000 0.143010
-1.008166 2.016545 1.019357 0.250000 -0.022275
-1.005105 2.010731 2.019209 0.250000 0.067291
-1.002867 3.009111 1.006495 0.250000 -0.032467
-1.002448 3.008032 2.009541 0.250000 0.026923
-1.000870 4.004229 1.002337 0.250000 -0.013795
-1.001071 4.004946 2.004453 0.250000 0.003184
0.000022 -5.001553 1.001029 0.250000 0.007100
0.000072 -5.002734 2.002322 0.250000 0.008393
0.000014 -4.004252 1.002685 0.250000 0.002918
0.000085 -4.005170 2.005094 0.250000 0.023013
0.000021 -3.010592 1.008245 0.250000 -0.027438
0.000105 -3.008779 2.011210 0.250000 0.041767
0.000031 -2.020576 1.025413 0.250000 0.009907
0.000126 -2.012238 2.022791 0.250000 0.087247
0.000042 -1.021457 1.061925 0.250000 0.351161
0.000142 -1.010479 2.038823 0.250000 0.193823
0.000047 0.000047 1.085552 0.250000 0.633836
0.000147 0.000147 2.047526 0.250000 0.269069
0.000041 1.021579 1.061794 0.250000 0.352064
0.000140 1.010790 2.038665 0.250000 0.193254
0.000030 2.020787 1.025109 0.250000 0.007770
0.000124 2.012578 2.022460 0.250000 0.083025
0.000023 3.010956 1.007824 0.250000 -0.038740
0.000105 3.009109 2.010783 0.250000 0.029633
0.000033 4.004885 1.002645 0.250000 -0.017614
0.000092 4.005467 2.004892 0.250000 0.003261
1.000269 -5.001324 1.000903 0.250000 0.007694
1.000591 -5.002469 2.002117 0.250000 0.007762
1.000904 -4.003615 1.002302 0.250000 0.006029
1.001263 -4.004626 2.004562 0.250000 0.021608
1.002974 -3.008747 1.006808 0.250000 -0.021141
1.002712 -3.007679 2.009841 0.250000 0.038105
1.008288 -2.016325 1.019540 0.250000 -0.019499
1.005407 -2.010373 2.019393 0.250000 0.070867
1.016902 -1.016776 1.045078 0.250000 0.172485
1.008949 -1.008631 2.032011 0.250000 0.143010
1.021579 0.000041 1.061794 0.250000 0.352065
1.010790 0.000140 2.038665 0.250000 0.193252
1.016885 1.016885 1.044955 0.250000 0.173284
1.008927 1.008927 2.031862 0.250000 0.142407
1.008249 2.016517 1.019251 0.250000 -0.021642
1.005363 2.010692 2.019082 0.250000 0.066727
1.002929 3.009076 1.006414 0.250000 -0.032110
1.002663 3.007983 2.009446 0.250000 0.026387
1.000944 4.004190 1.002287 0.250000 -0.013808
1.001254 4.004897 2.004396 0.250000 0.002625
2.000345 -5.000803 1.000623 0.250000 0.007535
2.000872 -5.001847 2.001645 0.250000 0.005388
2.001154 -4.002240 1.001463 0.250000 0.010125
2.001838 -4.003377 2.003344 0.250000 0.016642
2.003513 -3.005081 1.004047 0.250000 -0.005495
2.003754 -3.005290 2.006856 0.250000 0.028827
2.008791 -2.008577 1.009804 0.250000 -0.034767
2.006947 -2.006600 2.012544 0.250000 0.043417
2.016545 -1.008166 1.019357 0.250000 -0.022275
2.010731 -1.005105 2.019209 0.250000 0.067291
2.020787 0.000030 1.025109 0.250000 0.007770
2.012578 0.000124 2.022460 0.250000 0.083025
2.016517 1.008249 1.019251 0.250000 -0.021643
2.010692 1.005363 2.019082 0.250000 0.066727
2.008724 2.008724 1.009556 0.250000 -0.036722
2.006870 2.006870 2.012284 0.250000 0.039759
2.003432 3.005323 1.003723 0.250000 -0.015136
2.003668 3.005533 2.006541 0.250000 0.018638
2.001208 4.002677 1.001514 0.250000 -0.007107
2.001817 4.003584 2.003264 0.250000 0.000272
3.000235 -5.000287 1.000370 0.250000 0.004691
3.000839 -5.001155 2.001158 0.250000 0.001200
3.000848 -4.000995 1.000673 0.250000 0.008467
3.001721 -4.002070 2.002081 0.250000 0.008124
3.002443 -3.002199 1.001848 0.250000 0.004196
3.003312 -3.003036 2.003979 0.250000 0.015607
3.005406 -2.003333 1.003910 0.250000 -0.013351
3.005626 -2.003455 2.006729 0.250000 0.021655
3.009111 -1.002867 1.006495 0.250000 -0.032466
3.008032 -1.002448 2.009541 0.250000 0.026923
3.010956 0.000023 1.007824 0.250000 -0.038740
3.009109 0.000105 2.010783 0.250000 0.029633
3.009076 1.002929 1.006414 0.250000 -0.032110
3.007983 1.002663 2.009446 0.250000 0.026387
3.005323 2.003432 1.003723 0.250000 -0.015136
3.005533 2.003668 2.006541 0.250000 0.018638
3.002345 3.002345 1.001631 0.250000 -0.003552
3.003209 3.003209 2.003778 0.250000 0.007563
3.000907 4.001277 1.000819 0.250000 -0.004766
3.001702 4.002207 2.002112 0.250000 -0.004498
4.000098 -5.000040 1.000443 0.250000 0.000574
4.000613 -5.000655 2.000939 0.250000 -0.003139
4.000474 -4.000356 1.000452 0.250000 0.001993
4.001240 -4.001144 2.001323 0.250000 -0.001062
4.001370 -3.000809 1.000907 0.250000 0.000814
4.002300 -3.001576 2.002193 0.250000 0.001282
4.002761 -2.001119 1.001619 0.250000 -0.005448
4.003675 -2.001648 2.003368 0.250000 0.002665
4.004229 -1.000870 1.002337 0.250000 -0.013795
4.004946 -1.001071 2.004453 0.250000 0.003184
4.004885 0.000033 1.002645 0.250000 -0.017614
4.005467 0.000092 2.004892 0.250000 0.003261
4.004190 1.000944 1.002287 0.250000 -0.013808
4.004897 1.001254 2.004396 0.250000 0.002625
4.002677 2.001208 1.001514 0.250000 -0.007107
4.003584 2.001817 2.003264 0.250000 0.000272
4.001277 3.000907 1.000819 0.250000 -0.004766
4.002207 3.001702 2.002112 0.250000 -0.004498
4.000528 4.000528 1.000666 0.250000 -0.006841
4.001241 4.001241 2.001449 0.250000 -0.009714
0.000000 0.000000 -1.000000 0.250000 0.000000
