-5.000421 -5.000421 0.002818 0.250000 0.049708
-5.000577 -4.000451 0.003055 0.250000 0.036590
-5.000782 -3.000447 0.003396 0.250000 0.046015
-5.001008 -2.000374 0.003772 0.250000 0.068946
-5.001195 -1.000209 0.004077 0.250000 0.092525
-5.001269 0.000028 0.004206 0.250000 0.104670
-5.001194 1.000266 0.004111 0.250000 0.100249
-5.001007 2.000433 0.003847 0.250000 0.086087
-5.000785 3.000508 0.003532 0.250000 0.078088
-5.000592 4.000517 0.003278 0.250000 0.091160
-4.000451 -5.000577 0.003055 0.250000 0.036590
-4.000665 -4.000665 0.003424 0.250000 0.026083
-4.000982 -3.000721 0.004007 0.250000 0.055249
-4.001382 -2.000664 0.004719 0.250000 0.112977
-4.001755 -1.000408 0.005355 0.250000 0.174341
-4.001914 0.000032 0.005629 0.250000 0.204033
-4.001754 1.000473 0.005395 0.250000 0.183196
-4.001380 2.000732 0.004809 0.250000 0.133085
-4.000986 3.000795 0.004175 0.250000 0.094515
-4.000682 4.000747 0.003710 0.250000 0.096053
-3.000447 -5.000782 0.003396 0.250000 0.046015
-3.000721 -4.000982 0.004007 0.250000 0.055249
-3.001188 -3.001188 0.005055 0.250000 0.134970
-3.001891 -2.001244 0.006524 0.250000 0.287341
-3.002673 -1.000863 0.008064 0.250000 0.471201
-3.003046 0.000036 0.008795 0.250000 0.565012
-3.002672 1.000937 0.008110 0.250000 0.481118
-3.001890 2.001323 0.006625 0.250000 0.310093
-3.001191 3.001276 0.005247 0.250000 0.179940
-3.000737 4.001080 0.004338 0.250000 0.136134
-2.000374 -5.001008 0.003772 0.250000 0.068946
-2.000664 -4.001382 0.004719 0.250000 0.112977
-2.001244 -3.001891 0.006524 0.250000 0.287341
-2.002319 -2.002319 0.009620 0.250000 0.668602
-2.003776 -1.001867 0.013867 0.250000 1.260723
-2.004513 0.000040 0.016323 0.250000 1.622519
-2.003775 1.001949 0.013916 0.250000 1.271455
-2.002317 2.002407 0.009731 0.250000 0.693375
-2.001246 3.001991 0.006734 0.250000 0.336556
-2.000677 4.001493 0.005081 0.250000 0.201685
-1.000209 -5.001195 0.004077 0.250000 0.092526
-1.000408 -4.001755 0.005355 0.250000 0.174342
-1.000863 -3.002673 0.008064 0.250000 0.471201
-1.001867 -2.003776 0.013867 0.250000 1.260723
-1.003063 -1.003063 0.024320 0.250000 2.838597
-1.003784 0.000042 0.029967 0.250000 3.711022
-1.003062 1.003149 0.024372 0.250000 2.849755
-1.001867 2.003870 0.013983 0.250000 1.286682
-1.000865 3.002781 0.008286 0.250000 0.523053
-1.000415 4.001876 0.005736 0.250000 0.268037
0.000028 -5.001269 0.004206 0.250000 0.104670
0.000032 -4.001914 0.005629 0.250000 0.204033
0.000036 -3.003046 0.008795 0.250000 0.565012
0.000040 -2.004513 0.016323 0.250000 1.622519
0.000042 -1.003784 0.029967 0.250000 3.711022
0.000042 0.000042 0.038038 0.250000 4.969527
0.000041 1.003872 0.030019 0.250000 3.722264
0.000039 2.004610 0.016440 0.250000 1.648762
0.000035 3.003157 0.009019 0.250000 0.617645
0.000032 4.002039 0.006016 0.250000 0.299343
1.000266 -5.001194 0.004111 0.250000 0.100249
1.000473 -4.001754 0.005395 0.250000 0.183196
1.000937 -3.002672 0.008110 0.250000 0.481119
1.001949 -2.003775 0.013916 0.250000 1.271456
1.003149 -1.003062 0.024372 0.250000 2.849753
1.003872 0.000041 0.030019 0.250000 3.722264
1.003148 1.003148 0.024422 0.250000 2.860760
1.001947 2.003868 0.014031 0.250000 1.297096
1.000937 3.002779 0.008328 0.250000 0.532503
1.000478 4.001874 0.005772 0.250000 0.276358
2.000433 -5.001007 0.003847 0.250000 0.086087
2.000732 -4.001380 0.004809 0.250000 0.133085
2.001323 -3.001890 0.006625 0.250000 0.310093
2.002407 -2.002317 0.009731 0.250000 0.693375
2.003870 -1.001867 0.013983 0.250000 1.286682
2.004610 0.000039 0.016440 0.250000 1.648762
2.003868 1.001947 0.014031 0.250000 1.297095
2.002404 2.002404 0.009838 0.250000 0.717435
2.001323 3.001987 0.006829 0.250000 0.358149
2.000743 4.001490 0.005162 0.250000 0.220252
3.000508 -5.000785 0.003532 0.250000 0.078088
3.000795 -4.000986 0.004175 0.250000 0.094515
3.001276 -3.001191 0.005247 0.250000 0.179940
3.001991 -2.001246 0.006734 0.250000 0.336556
3.002781 -1.000865 0.008286 0.250000 0.523054
3.003157 0.000035 0.009019 0.250000 0.617645
3.002779 1.000937 0.008328 0.250000 0.532503
3.001987 2.001323 0.006829 0.250000 0.358149
3.001276 3.001276 0.005427 0.250000 0.222583
3.000807 4.001080 0.004485 0.250000 0.171232
4.000517 -5.000592 0.003278 0.250000 0.091160
4.000747 -4.000682 0.003710 0.250000 0.096053
4.001080 -3.000737 0.004338 0.250000 0.136134
4.001493 -2.000677 0.005081 0.250000 0.201685
4.001876 -1.000415 0.005736 0.250000 0.268038
4.002039 0.000032 0.006016 0.250000 0.299343
4.001874 1.000478 0.005772 0.250000 0.276357
4.001490 2.000743 0.005162 0.250000 0.220252
4.001080 3.000807 0.004485 0.250000 0.171232
4.000758 4.000758 0.003952 0.250000 0.156318
-5.000615 -5.000615 1.002943 0.250000 0.067908
-5.000782 -5.000782 2.003106 0.250000 0.094464
-5.000834 -4.000681 1.003227 0.250000 0.063819
-5.001035 -4.000851 2.003443 0.250000 0.102479
-5.001124 -3.000693 1.003613 0.250000 0.082159
-5.001353 -3.000845 2.003862 0.250000 0.128483
-5.001444 -2.000589 1.004029 0.250000 0.113235
-5.001690 -2.000705 2.004296 0.250000 0.164742
-5.001707 -1.000341 1.004363 0.250000 0.142939
-5.001958 -1.000408 2.004637 0.250000 0.197556
-5.001812 0.000013 1.004502 0.250000 0.157349
-5.002065 0.000001 2.004778 0.250000 0.213091
-5.001711 1.000367 1.004398 0.250000 0.150608
-5.001967 1.000408 2.004673 0.250000 0.205680
-5.001455 2.000612 1.004104 0.250000 0.130275
-5.001709 2.000702 2.004373 0.250000 0.182500
-5.001148 3.000713 1.003745 0.250000 0.113265
-5.001388 3.000841 2.003991 0.250000 0.159008
-5.000878 4.000711 1.003440 0.250000 0.115812
-5.001089 4.000858 2.003633 0.250000 0.148659
-4.000681 -5.000834 1.003227 0.250000 0.063820
-4.000851 -5.001035 2.003443 0.250000 0.102479
-4.000991 -4.000991 1.003669 0.250000 0.068720
-4.001194 -4.001194 2.003957 0.250000 0.125150
-4.001438 -3.001087 1.004326 0.250000 0.113698
-4.001655 -3.001259 2.004644 0.250000 0.180361
-4.001983 -2.000996 1.005100 0.250000 0.185810
-4.002179 -2.001109 2.005410 0.250000 0.256796
-4.002475 -1.000614 1.005772 0.250000 0.257083
-4.002625 -1.000668 2.006047 0.250000 0.327538
-4.002682 0.000015 1.006057 0.250000 0.290036
-4.002807 0.000000 2.006312 0.250000 0.359388
-4.002479 1.000642 1.005812 0.250000 0.265769
-4.002633 1.000666 2.006089 0.250000 0.336785
-4.001993 2.001021 1.005188 0.250000 0.205534
-4.002196 2.001103 2.005500 0.250000 0.277369
-4.001460 3.001109 1.004487 0.250000 0.151105
-4.001685 3.001251 2.004800 0.250000 0.216702
-4.001032 4.001026 1.003938 0.250000 0.134114
-4.001242 4.001199 2.004191 0.250000 0.181687
-3.000693 -5.001124 1.003613 0.250000 0.082159
-3.000845 -5.001353 2.003862 0.250000 0.128484
-3.001087 -4.001438 1.004326 0.250000 0.113699
-3.001259 -4.001655 2.004644 0.250000 0.180361
-3.001721 -3.001721 1.005467 0.250000 0.216343
-3.001860 -3.001860 2.005768 0.250000 0.289829
-3.002607 -2.001737 1.006973 0.250000 0.384067
-3.002611 -2.001749 2.007128 0.250000 0.445708
-3.003519 -1.001165 1.008446 0.250000 0.565776
-3.003310 -1.001109 2.008355 0.250000 0.598263
-3.003934 0.000016 1.009109 0.250000 0.652286
-3.003608 -0.000000 2.008880 0.250000 0.667023
-3.003521 1.001197 1.008491 0.250000 0.575373
-3.003315 1.001107 2.008401 0.250000 0.608446
-3.002614 2.001765 1.007072 0.250000 0.406071
-3.002625 2.001742 2.007230 0.250000 0.468569
-3.001738 3.001747 1.005651 0.250000 0.258621
-3.001884 3.001850 2.005944 0.250000 0.330695
-3.001120 4.001480 1.004635 0.250000 0.188480
-3.001296 4.001660 2.004911 0.250000 0.244639
-2.000589 -5.001444 1.004029 0.250000 0.113235
-2.000705 -5.001690 2.004296 0.250000 0.164742
-2.000996 -4.001983 1.005100 0.250000 0.185810
-2.001109 -4.002179 2.005410 0.250000 0.256795
-2.001737 -3.002607 1.006973 0.250000 0.384068
-2.001749 -3.002611 2.007128 0.250000 0.445709
-2.002948 -2.002948 1.009825 0.250000 0.742219
-2.002636 -2.002636 2.009413 0.250000 0.732427
-2.004414 -1.002199 1.013121 0.250000 1.194542
-2.003548 -1.001776 2.011679 0.250000 1.037457
-2.005151 0.000018 1.014771 0.250000 1.430917
-2.003963 0.000000 2.012701 0.250000 1.180439
-2.004416 1.002235 1.013169 0.250000 1.204821
-2.003552 1.001774 2.011729 0.250000 1.048318
-2.002953 2.002981 1.009933 0.250000 0.765895
-2.002645 2.002630 2.009522 0.250000 0.756914
-2.001748 3.002638 1.007171 0.250000 0.429815
-2.001765 3.002602 2.007318 0.250000 0.489730
-2.001020 4.002032 1.005435 0.250000 0.267179
-2.001135 4.002186 2.005699 0.250000 0.326430
-1.000341 -5.001707 1.004363 0.250000 0.142939
-1.000408 -5.001958 2.004637 0.250000 0.197555
-1.000614 -4.002475 1.005772 0.250000 0.257083
-1.000668 -4.002625 2.006047 0.250000 0.327538
-1.001165 -3.003519 1.008446 0.250000 0.565776
-1.001109 -3.003310 2.008355 0.250000 0.598262
-1.002199 -2.004414 1.013121 0.250000 1.194542
-1.001776 -2.003548 2.011679 0.250000 1.037457
-1.003615 -1.003615 1.019490 0.250000 2.123131
-1.002523 -1.002523 2.015275 0.250000 1.544039
-1.004334 0.000020 1.023014 0.250000 2.654953
-1.002883 0.000001 2.016987 0.250000 1.793146
-1.003615 1.003653 1.019540 0.250000 2.133789
-1.002525 1.002523 2.015326 0.250000 1.555285
-1.002202 2.004450 1.013233 0.250000 1.219192
-1.001780 2.003542 2.011793 0.250000 1.062875
-1.001171 3.003554 1.008654 0.250000 0.613602
-1.001116 3.003301 2.008553 0.250000 0.644111
-1.000626 4.002530 1.006124 0.250000 0.342533
-1.000680 4.002634 2.006349 0.250000 0.400340
0.000013 -5.001812 1.004502 0.250000 0.157349
0.000001 -5.002065 2.004778 0.250000 0.213091
0.000015 -4.002682 1.006057 0.250000 0.290036
0.000000 -4.002807 2.006312 0.250000 0.359387
0.000016 -3.003934 1.009109 0.250000 0.652286
-0.000000 -3.003608 2.008880 0.250000 0.667023
0.000018 -2.005151 1.014771 0.250000 1.430916
0.000000 -2.003963 2.012701 0.250000 1.180439
0.000020 -1.004334 1.023014 0.250000 2.654953
0.000001 -1.002883 2.016987 0.250000 1.793147
0.000020 0.000020 1.027633 0.250000 3.361591
0.000001 0.000001 2.019074 0.250000 2.100884
0.000020 1.004374 1.023065 0.250000 2.665689
0.000001 1.002883 2.017039 0.250000 1.804476
0.000018 2.005188 1.014884 0.250000 1.455807
0.000001 2.003958 2.012816 0.250000 1.206077
0.000017 3.003970 1.009319 0.250000 0.700698
0.000001 3.003600 2.009080 0.250000 0.713346
0.000016 4.002738 1.006413 0.250000 0.376769
0.000002 4.002817 2.006617 0.250000 0.433088
1.000367 -5.001711 1.004398 0.250000 0.150608
1.000408 -5.001967 2.004673 0.250000 0.205680
1.000642 -4.002479 1.005812 0.250000 0.265769
1.000666 -4.002633 2.006089 0.250000 0.336786
1.001197 -3.003521 1.008491 0.250000 0.575373
1.001107 -3.003315 2.008401 0.250000 0.608446
1.002235 -2.004416 1.013169 0.250000 1.204821
1.001774 -2.003552 2.011729 0.250000 1.048319
1.003653 -1.003615 1.019540 0.250000 2.133790
1.002523 -1.002525 2.015326 0.250000 1.555285
1.004374 0.000020 1.023065 0.250000 2.665689
1.002883 0.000001 2.017039 0.250000 1.804476
1.003654 1.003654 1.019589 0.250000 2.144313
1.002525 1.002525 2.015377 0.250000 1.566389
1.002238 2.004452 1.013280 0.250000 1.229187
1.001780 2.003547 2.011841 0.250000 1.073434
1.001203 3.003557 1.008696 0.250000 0.622774
1.001118 3.003307 2.008596 0.250000 0.653817
1.000657 4.002533 1.006160 0.250000 0.350710
1.000683 4.002642 2.006387 0.250000 0.408951
2.000612 -5.001455 1.004104 0.250000 0.130275
2.000702 -5.001709 2.004373 0.250000 0.182500
2.001021 -4.001993 1.005188 0.250000 0.205534
2.001103 -4.002196 2.005500 0.250000 0.277369
2.001765 -3.002614 1.007072 0.250000 0.406072
2.001742 -3.002625 2.007230 0.250000 0.468568
2.002981 -2.002953 1.009933 0.250000 0.765895
2.002630 -2.002645 2.009522 0.250000 0.756914
2.004450 -1.002202 1.013233 0.250000 1.219192
2.003542 -1.001780 2.011793 0.250000 1.062875
2.005188 0.000018 1.014884 0.250000 1.455807
2.003958 0.000001 2.012816 0.250000 1.206077
2.004452 1.002238 1.013280 0.250000 1.229188
2.003547 1.001780 2.011841 0.250000 1.073434
2.002986 2.002986 1.010037 0.250000 0.788939
2.002640 2.002640 2.009628 0.250000 0.780723
2.001778 3.002645 1.007265 0.250000 0.450760
2.001762 3.002617 2.007414 0.250000 0.511435
2.001047 4.002042 1.005515 0.250000 0.285441
2.001134 4.002204 2.005780 0.250000 0.345342
3.000713 -5.001148 1.003745 0.250000 0.113265
3.000841 -5.001388 2.003991 0.250000 0.159008
3.001109 -4.001460 1.004487 0.250000 0.151105
3.001251 -4.001685 2.004800 0.250000 0.216702
3.001747 -3.001738 1.005651 0.250000 0.258622
3.001850 -3.001884 2.005944 0.250000 0.330695
3.002638 -2.001748 1.007171 0.250000 0.429816
3.002602 -2.001765 2.007318 0.250000 0.489730
3.003554 -1.001171 1.008654 0.250000 0.613602
3.003301 -1.001116 2.008553 0.250000 0.644111
3.003970 0.000017 1.009319 0.250000 0.700698
3.003600 0.000001 2.009080 0.250000 0.713346
3.003557 1.001203 1.008696 0.250000 0.622774
3.003307 1.001118 2.008596 0.250000 0.653818
3.002645 2.001778 1.007265 0.250000 0.450760
3.002617 2.001762 2.007414 0.250000 0.511435
3.001766 3.001766 1.005822 0.250000 0.298759
3.001878 3.001878 2.006108 0.250000 0.369351
3.001145 4.001502 1.004776 0.250000 0.222149
3.001295 4.001694 2.005048 0.250000 0.277408
4.000711 -5.000878 1.003440 0.250000 0.115812
4.000858 -5.001089 2.003633 0.250000 0.148659
4.001026 -4.001032 1.003938 0.250000 0.134114
4.001199 -4.001242 2.004191 0.250000 0.181687
4.001480 -3.001120 1.004635 0.250000 0.188480
4.001660 -3.001296 2.004911 0.250000 0.244638
4.002032 -2.001020 1.005435 0.250000 0.267179
4.002186 -2.001135 2.005699 0.250000 0.326430
4.002530 -1.000626 1.006124 0.250000 0.342533
4.002634 -1.000680 2.006349 0.250000 0.400340
4.002738 0.000016 1.006413 0.250000 0.376769
4.002817 0.000002 2.006617 0.250000 0.433089
4.002533 1.000657 1.006160 0.250000 0.350710
4.002642 1.000683 2.006387 0.250000 0.408951
4.002042 2.001047 1.005515 0.250000 0.285441
4.002204 2.001134 2.005780 0.250000 0.345342
4.001502 3.001145 1.004776 0.250000 0.222149
4.001694 3.001295 2.005048 0.250000 0.277408
4.001068 4.001068 1.004169 0.250000 0.191049
4.001252 4.001252 2.004394 0.250000 0.231714
0.000000 0.000000 -1.000000 0.250000 0.000000
