-5.000591 -5.000591 0.001826 0.250000 -0.158955
-5.000852 -4.000646 0.001815 0.250000 -0.191046
-5.001231 -3.000665 0.002043 0.250000 -0.212264
-5.001668 -2.000577 0.002395 0.250000 -0.225935
-5.002037 -1.000324 0.002719 0.250000 -0.233762
-5.002182 0.000064 0.002868 0.250000 -0.236405
-5.002027 1.000454 0.002779 0.250000 -0.234131
-5.001652 2.000716 0.002534 0.250000 -0.225473
-5.001226 3.000821 0.002326 0.250000 -0.206087
-5.000892 4.000828 0.002340 0.250000 -0.170360
-4.000646 -5.000852 0.001815 0.250000 -0.191046
-4.001016 -4.001016 0.001878 0.250000 -0.233317
-4.001623 -3.001163 0.002376 0.250000 -0.259202
-4.002426 -2.001130 0.003174 0.250000 -0.271253
-4.003197 -1.000717 0.003976 0.250000 -0.272420
-4.003528 0.000068 0.004344 0.250000 -0.271178
-4.003185 1.000859 0.004041 0.250000 -0.273754
-4.002408 2.001290 0.003331 0.250000 -0.272389
-4.001618 3.001356 0.002715 0.250000 -0.253436
-4.001065 4.001251 0.002547 0.250000 -0.207687
-3.000665 -5.001231 0.002043 0.250000 -0.212264
-3.001163 -4.001623 0.002376 0.250000 -0.259202
-3.002101 -3.002101 0.003521 0.250000 -0.278400
-3.003585 -2.002342 0.005527 0.250000 -0.258371
-3.005284 -1.001694 0.007914 0.250000 -0.199431
-3.006103 0.000077 0.009120 0.250000 -0.161657
-3.005273 1.001856 0.007986 0.250000 -0.201295
-3.003567 2.002532 0.005702 0.250000 -0.260266
-3.002097 3.002339 0.003907 0.250000 -0.272377
-3.001211 4.001918 0.003148 0.250000 -0.229762
-2.000577 -5.001668 0.002395 0.250000 -0.225934
-2.001130 -4.002426 0.003174 0.250000 -0.271253
-2.002342 -3.003585 0.005527 0.250000 -0.258371
-2.004700 -2.004700 0.010532 0.250000 -0.106022
-2.007978 -1.003944 0.018401 0.250000 0.257419
-2.009655 0.000086 0.023245 0.250000 0.514249
-2.007970 1.004127 0.018478 0.250000 0.255234
-2.004686 2.004919 0.010722 0.250000 -0.108195
-2.002338 3.003866 0.005952 0.250000 -0.251530
-2.001168 4.002778 0.004025 0.250000 -0.238063
-1.000324 -5.002037 0.002719 0.250000 -0.233762
-1.000717 -4.003197 0.003976 0.250000 -0.272420
-1.001694 -3.005284 0.007914 0.250000 -0.199431
-1.003944 -2.007978 0.018401 0.250000 0.257419
-1.006678 -1.006678 0.039784 0.250000 1.483256
-1.008327 0.000092 0.051645 0.250000 2.195102
-1.006673 1.006876 0.039863 0.250000 1.480735
-1.003936 2.008219 0.018599 0.250000 0.255093
-1.001691 3.005597 0.008363 0.250000 -0.191701
-1.000735 4.003590 0.004880 0.250000 -0.236046
0.000064 -5.002182 0.002868 0.250000 -0.236406
0.000068 -4.003528 0.004344 0.250000 -0.271177
0.000077 -3.006103 0.009120 0.250000 -0.161658
0.000086 -2.009655 0.023245 0.250000 0.514249
0.000092 -1.008327 0.051645 0.250000 2.195102
0.000094 0.000094 0.068816 0.250000 3.249932
0.000092 1.008530 0.051724 0.250000 2.192483
0.000085 2.009903 0.023446 0.250000 0.511929
0.000078 3.006427 0.009577 0.250000 -0.153332
0.000074 4.003936 0.005268 0.250000 -0.233169
1.000454 -5.002027 0.002779 0.250000 -0.234131
1.000859 -4.003185 0.004041 0.250000 -0.273755
1.001856 -3.005273 0.007986 0.250000 -0.201295
1.004127 -2.007970 0.018478 0.250000 0.255234
1.006876 -1.006673 0.039863 0.250000 1.480736
1.008530 0.000092 0.051724 0.250000 2.192484
1.006870 1.006870 0.039942 0.250000 1.478425
1.004118 2.008208 0.018676 0.250000 0.253348
1.001855 3.005584 0.008435 0.250000 -0.192785
1.000886 4.003578 0.004947 0.250000 -0.236091
2.000716 -5.001652 0.002534 0.250000 -0.225473
2.001290 -4.002408 0.003331 0.250000 -0.272390
2.002532 -3.003567 0.005702 0.250000 -0.260266
2.004919 -2.004686 0.010722 0.250000 -0.108195
2.008219 -1.003936 0.018599 0.250000 0.255093
2.009903 0.000085 0.023446 0.250000 0.511929
2.008208 1.004118 0.018676 0.250000 0.253347
2.004903 2.004903 0.010910 0.250000 -0.109458
2.002526 3.003845 0.006124 0.250000 -0.251860
2.001332 4.002756 0.004180 0.250000 -0.236703
3.000821 -5.001226 0.002326 0.250000 -0.206086
3.001356 -4.001618 0.002715 0.250000 -0.253436
3.002339 -3.002097 0.003907 0.250000 -0.272377
3.003866 -2.002338 0.005952 0.250000 -0.251530
3.005597 -1.001691 0.008363 0.250000 -0.191701
3.006427 0.000078 0.009577 0.250000 -0.153332
3.005584 1.001855 0.008435 0.250000 -0.192786
3.003845 2.002526 0.006124 0.250000 -0.251860
3.002329 3.002329 0.004285 0.250000 -0.263970
3.001400 4.001906 0.003467 0.250000 -0.221113
4.000828 -5.000892 0.002340 0.250000 -0.170360
4.001251 -4.001065 0.002547 0.250000 -0.207687
4.001918 -3.001211 0.003148 0.250000 -0.229761
4.002778 -2.001168 0.004025 0.250000 -0.238062
4.003590 -1.000735 0.004880 0.250000 -0.236045
4.003936 0.000074 0.005268 0.250000 -0.233169
4.003578 1.000886 0.004947 0.250000 -0.236091
4.002756 2.001332 0.004180 0.250000 -0.236703
4.001906 3.001400 0.003467 0.250000 -0.221114
4.001288 4.001288 0.003141 0.250000 -0.181319
-5.000669 -5.000669 1.002044 0.250000 -0.152219
-5.000844 -5.000844 2.002362 0.250000 -0.138554
-5.000975 -4.000812 1.002146 0.250000 -0.177062
-5.001202 -4.001018 2.002605 0.250000 -0.154357
-5.001437 -3.000897 1.002492 0.250000 -0.189298
-5.001700 -3.001097 2.003047 0.250000 -0.159086
-5.001977 -2.000805 1.002958 0.250000 -0.193401
-5.002257 -2.000964 2.003585 0.250000 -0.156023
-5.002435 -1.000475 1.003369 0.250000 -0.193413
-5.002714 -1.000568 2.004041 0.250000 -0.150492
-5.002618 0.000037 1.003551 0.250000 -0.193129
-5.002895 0.000017 2.004239 0.250000 -0.148029
-5.002435 1.000547 1.003428 0.250000 -0.194181
-5.002723 1.000597 2.004105 0.250000 -0.150845
-5.001985 2.000870 1.003094 0.250000 -0.193660
-5.002285 2.000980 2.003730 0.250000 -0.155289
-5.001476 3.000952 1.002762 0.250000 -0.184633
-5.001765 3.001100 2.003316 0.250000 -0.153656
-5.001081 4.000894 1.002639 0.250000 -0.158786
-5.001325 4.001040 2.003040 0.250000 -0.138942
-4.000812 -5.000975 1.002146 0.250000 -0.177061
-4.001018 -5.001202 2.002605 0.250000 -0.154357
-4.001283 -4.001283 1.002407 0.250000 -0.204505
-4.001547 -4.001547 2.003075 0.250000 -0.166837
-4.002043 -3.001542 1.003125 0.250000 -0.211140
-4.002319 -3.001776 2.003924 0.250000 -0.160242
-4.003023 -2.001508 1.004134 0.250000 -0.202051
-4.003241 -2.001655 2.005001 0.250000 -0.139032
-4.003939 -1.000962 1.005088 0.250000 -0.186126
-4.004049 -1.001023 2.005960 0.250000 -0.114987
-4.004328 0.000040 1.005507 0.250000 -0.178559
-4.004380 0.000018 2.006370 0.250000 -0.104685
-4.003937 1.001040 1.005149 0.250000 -0.188098
-4.004056 1.001054 2.006029 0.250000 -0.116363
-4.003027 2.001578 1.004283 0.250000 -0.204436
-4.003263 2.001669 2.005163 0.250000 -0.139972
-4.002075 3.001605 1.003439 0.250000 -0.208065
-4.002374 3.001772 2.004235 0.250000 -0.155947
-4.001384 4.001385 1.003021 0.250000 -0.183326
-4.001656 4.001566 2.003601 0.250000 -0.149810
-3.000897 -5.001437 1.002492 0.250000 -0.189298
-3.001097 -5.001700 2.003047 0.250000 -0.159086
-3.001542 -4.002043 1.003125 0.250000 -0.211140
-3.001776 -4.002319 2.003924 0.250000 -0.160242
-3.002687 -3.002687 1.004604 0.250000 -0.196372
-3.002837 -3.002837 2.005502 0.250000 -0.127403
-3.004386 -2.002913 1.006864 0.250000 -0.141790
-3.004230 -2.002829 2.007632 0.250000 -0.062500
-3.006205 -1.002041 1.009265 0.250000 -0.064331
-3.005565 -1.001852 2.009674 0.250000 0.010521
-3.007047 0.000046 1.010388 0.250000 -0.024741
-3.006143 0.000022 2.010571 0.250000 0.043529
-3.006202 1.002132 1.009331 0.250000 -0.067159
-3.005570 1.001889 2.009746 0.250000 0.008287
-3.004386 2.002999 1.007025 0.250000 -0.145679
-3.004246 2.002848 2.007806 0.250000 -0.064875
-3.002712 3.002770 1.004952 0.250000 -0.194467
-3.002879 3.002836 2.005844 0.250000 -0.124255
-3.001627 4.002173 1.003822 0.250000 -0.188249
-3.001862 4.002342 2.004516 0.250000 -0.142414
-2.000805 -5.001977 1.002958 0.250000 -0.193401
-2.000964 -5.002257 2.003585 0.250000 -0.156023
-2.001508 -4.003023 1.004134 0.250000 -0.202052
-2.001655 -4.003241 2.005001 0.250000 -0.139032
-2.002913 -3.004386 1.006864 0.250000 -0.141791
-2.002829 -3.004230 2.007632 0.250000 -0.062500
-2.005364 -2.005364 1.011634 0.250000 0.028162
-2.004543 -2.004543 2.011499 0.250000 0.084819
-2.008454 -1.004205 1.017651 0.250000 0.297942
-2.006366 -1.003174 2.015576 0.250000 0.263280
-2.010034 0.000052 1.020791 0.250000 0.451744
-2.007208 0.000026 2.017466 0.250000 0.349843
-2.008451 1.004309 1.017719 0.250000 0.294520
-2.006368 1.003219 2.015651 0.250000 0.260413
-2.005363 2.005468 1.011804 0.250000 0.023280
-2.004553 2.004569 2.011682 0.250000 0.081386
-2.002929 3.004491 1.007238 0.250000 -0.140520
-2.002858 3.004236 2.007997 0.250000 -0.060205
-2.001570 4.003186 1.004892 0.250000 -0.177435
-2.001715 4.003274 2.005639 0.250000 -0.120573
-1.000475 -5.002435 1.003369 0.250000 -0.193414
-1.000568 -5.002714 2.004041 0.250000 -0.150492
-1.000962 -4.003939 1.005088 0.250000 -0.186127
-1.001023 -4.004049 2.005960 0.250000 -0.114986
-1.002041 -3.006205 1.009265 0.250000 -0.064331
-1.001852 -3.005565 2.009674 0.250000 0.010521
-1.004205 -2.008454 1.017651 0.250000 0.297942
-1.003174 -2.006366 2.015576 0.250000 0.263281
-1.007279 -1.007279 1.030137 0.250000 0.955908
-1.004711 -1.004711 2.022367 0.250000 0.595207
-1.008868 0.000057 1.037317 0.250000 1.363011
-1.005463 0.000029 2.025693 0.250000 0.766209
-1.007278 1.007394 1.030206 0.250000 0.952093
-1.004712 1.004763 2.022444 0.250000 0.591969
-1.004204 2.008570 1.017827 0.250000 0.292506
-1.003178 2.006399 2.015764 0.250000 0.259255
-1.002049 3.006329 1.009655 0.250000 -0.063229
-1.001865 3.005578 2.010052 0.250000 0.012422
-1.000993 4.004128 1.005885 0.250000 -0.159872
-1.001053 4.004091 2.006626 0.250000 -0.095865
0.000037 -5.002618 1.003551 0.250000 -0.193128
0.000017 -5.002895 2.004239 0.250000 -0.148030
0.000040 -4.004328 1.005507 0.250000 -0.178558
0.000018 -4.004380 2.006370 0.250000 -0.104684
0.000046 -3.007047 1.010388 0.250000 -0.024742
0.000022 -3.006143 2.010571 0.250000 0.043529
0.000052 -2.010034 1.020791 0.250000 0.451743
0.000026 -2.007208 2.017466 0.250000 0.349843
0.000057 -1.008868 1.037317 0.250000 1.363011
0.000029 -1.005463 2.025693 0.250000 0.766209
0.000059 0.000059 1.046898 0.250000 1.925371
0.000030 0.000030 2.029818 0.250000 0.985935
0.000057 1.008987 1.037387 0.250000 1.359106
0.000029 1.005517 2.025771 0.250000 0.762928
0.000052 2.010155 1.020969 0.250000 0.446275
0.000027 2.007244 2.017656 0.250000 0.345798
0.000047 3.007177 1.010784 0.250000 -0.023391
0.000024 3.006158 2.010953 0.250000 0.045592
0.000045 4.004525 1.006320 0.250000 -0.151225
0.000022 4.004426 2.007047 0.250000 -0.084924
1.000547 -5.002435 1.003428 0.250000 -0.194181
1.000597 -5.002723 2.004105 0.250000 -0.150845
1.001040 -4.003937 1.005149 0.250000 -0.188097
1.001054 -4.004056 2.006029 0.250000 -0.116362
1.002132 -3.006202 1.009331 0.250000 -0.067159
1.001889 -3.005570 2.009746 0.250000 0.008287
1.004309 -2.008451 1.017719 0.250000 0.294519
1.003219 -2.006368 2.015651 0.250000 0.260414
1.007394 -1.007278 1.030206 0.250000 0.952093
1.004763 -1.004712 2.022444 0.250000 0.591971
1.008987 0.000057 1.037387 0.250000 1.359107
1.005517 0.000029 2.025771 0.250000 0.762928
1.007392 1.007392 1.030276 0.250000 0.948539
1.004764 1.004764 2.022521 0.250000 0.589021
1.004308 2.008567 1.017895 0.250000 0.289634
1.003225 2.006402 2.015839 0.250000 0.256978
1.002142 3.006325 1.009721 0.250000 -0.065143
1.001906 3.005583 2.010124 0.250000 0.011093
1.001081 4.004125 1.005948 0.250000 -0.160462
1.001092 4.004098 2.006695 0.250000 -0.096055
2.000870 -5.001985 1.003094 0.250000 -0.193660
2.000980 -5.002285 2.003730 0.250000 -0.155289
2.001578 -4.003027 1.004283 0.250000 -0.204436
2.001669 -4.003263 2.005163 0.250000 -0.139972
2.002999 -3.004386 1.007025 0.250000 -0.145680
2.002848 -3.004246 2.007806 0.250000 -0.064875
2.005468 -2.005363 1.011804 0.250000 0.023280
2.004569 -2.004553 2.011682 0.250000 0.081386
2.008570 -1.004204 1.017827 0.250000 0.292506
2.006399 -1.003178 2.015764 0.250000 0.259255
2.010155 0.000052 1.020969 0.250000 0.446275
2.007244 0.000027 2.017656 0.250000 0.345797
2.008567 1.004308 1.017895 0.250000 0.289634
2.006402 1.003225 2.015839 0.250000 0.256977
2.005466 2.005466 1.011974 0.250000 0.019536
2.004581 2.004581 2.011865 0.250000 0.079129
2.003018 3.004491 1.007398 0.250000 -0.142565
2.002882 3.004254 2.008169 0.250000 -0.060822
2.001651 4.003190 1.005040 0.250000 -0.177132
2.001740 4.003299 2.005797 0.250000 -0.119298
3.000952 -5.001476 1.002762 0.250000 -0.184633
3.001100 -5.001765 2.003316 0.250000 -0.153656
3.001605 -4.002075 1.003439 0.250000 -0.208065
3.001772 -4.002374 2.004235 0.250000 -0.155947
3.002770 -3.002712 1.004952 0.250000 -0.194466
3.002836 -3.002879 2.005844 0.250000 -0.124255
3.004491 -2.002929 1.007238 0.250000 -0.140520
3.004236 -2.002858 2.007997 0.250000 -0.060205
3.006329 -1.002049 1.009655 0.250000 -0.063229
3.005578 -1.001865 2.010052 0.250000 0.012423
3.007177 0.000047 1.010784 0.250000 -0.023391
3.006158 0.000024 2.010953 0.250000 0.045592
3.006325 1.002142 1.009721 0.250000 -0.065143
3.005583 1.001906 2.010124 0.250000 0.011093
3.004491 2.003018 1.007398 0.250000 -0.142565
3.004254 2.002882 2.008169 0.250000 -0.060822
3.002797 3.002797 1.005295 0.250000 -0.189812
3.002885 3.002885 2.006179 0.250000 -0.118674
3.001701 4.002208 1.004120 0.250000 -0.181821
3.001874 4.002405 2.004809 0.250000 -0.135458
4.000894 -5.001081 1.002639 0.250000 -0.158786
4.001040 -5.001325 2.003040 0.250000 -0.138942
4.001385 -4.001384 1.003021 0.250000 -0.183326
4.001566 -4.001656 2.003601 0.250000 -0.149810
4.002173 -3.001627 1.003822 0.250000 -0.188248
4.002342 -3.001862 2.004516 0.250000 -0.142414
4.003186 -2.001570 1.004892 0.250000 -0.177435
4.003274 -2.001715 2.005639 0.250000 -0.120573
4.004128 -1.000993 1.005885 0.250000 -0.159872
4.004091 -1.001053 2.006626 0.250000 -0.095865
4.004525 0.000045 1.006320 0.250000 -0.151225
4.004426 0.000022 2.007047 0.250000 -0.084924
4.004125 1.001081 1.005948 0.250000 -0.160463
4.004098 1.001092 2.006695 0.250000 -0.096055
4.003190 2.001651 1.005040 0.250000 -0.177132
4.003299 2.001740 2.005797 0.250000 -0.119297
4.002208 3.001701 1.004120 0.250000 -0.181821
4.002405 3.001874 2.004809 0.250000 -0.135458
4.001492 4.001492 1.003575 0.250000 -0.160392
4.001689 4.001689 2.004082 0.250000 -0.130914
0.000000 0.000000 -1.000000 0.250000 0.000000
