-5.000275 -5.000275 0.000226 0.250000 -0.011703
-5.000521 -4.000341 -0.000087 0.250000 -0.013289
-5.000999 -3.000448 -0.000175 0.250000 -0.019534
-5.001623 -2.000485 -0.000167 0.250000 -0.030935
-5.002193 -1.000324 -0.000138 0.250000 -0.042748
-5.002424 0.000030 -0.000126 0.250000 -0.048405
-5.002166 1.000393 -0.000151 0.250000 -0.045143
-5.001568 2.000584 -0.000178 0.250000 -0.036801
-5.000945 3.000605 -0.000089 0.250000 -0.029735
-5.000570 4.000592 0.000304 0.250000 -0.025818
-4.000341 -5.000521 -0.000087 0.250000 -0.013289
-4.000753 -4.000753 -0.000500 0.250000 -0.019537
-4.001645 -3.001128 -0.000570 0.250000 -0.038154
-4.003003 -2.001366 -0.000425 0.250000 -0.069541
-4.004425 -1.001014 -0.000166 0.250000 -0.101080
-4.005059 0.000015 -0.000030 0.250000 -0.115064
-4.004396 1.001060 -0.000197 0.250000 -0.103840
-4.002942 2.001467 -0.000474 0.250000 -0.076811
-4.001587 3.001337 -0.000512 0.250000 -0.051725
-4.000824 4.001120 -0.000031 0.250000 -0.036972
-3.000448 -5.000999 -0.000175 0.250000 -0.019534
-3.001128 -4.001645 -0.000570 0.250000 -0.038154
-3.002759 -3.002759 -0.000361 0.250000 -0.084021
-3.005709 -2.003747 0.000733 0.250000 -0.152210
-3.009355 -1.003073 0.002797 0.250000 -0.205718
-3.011173 0.000017 0.004065 0.250000 -0.221489
-3.009327 1.003131 0.002756 0.250000 -0.208740
-3.005649 2.003886 0.000665 0.250000 -0.160504
-3.002702 3.003063 -0.000312 0.250000 -0.100102
-3.001204 4.002174 -0.000045 0.250000 -0.059528
-2.000485 -5.001623 -0.000167 0.250000 -0.030935
-2.001366 -4.003003 -0.000425 0.250000 -0.069541
-2.003747 -3.005709 0.000733 0.250000 -0.152210
-2.008954 -2.008954 0.005913 0.250000 -0.226356
-2.016626 -1.008301 0.017995 0.250000 -0.143930
-2.020644 0.000026 0.026668 0.250000 -0.023629
-2.016602 1.008384 0.017947 0.250000 -0.147200
-2.008903 2.009146 0.005835 0.250000 -0.235492
-2.003696 3.006122 0.000788 0.250000 -0.170080
-2.001422 4.003709 0.000163 0.250000 -0.093478
-1.000324 -5.002193 -0.000138 0.250000 -0.042748
-1.001014 -4.004425 -0.000166 0.250000 -0.101080
-1.003073 -3.009355 0.002797 0.250000 -0.205719
-1.008301 -2.016626 0.017995 0.250000 -0.143930
-1.014904 -1.014904 0.059776 0.250000 0.578169
-1.018902 0.000035 0.084173 0.250000 1.048768
-1.014890 1.015009 0.059719 0.250000 0.574616
-1.008271 2.016859 0.017908 0.250000 -0.153811
-1.003039 3.009855 0.002861 0.250000 -0.224797
-1.001033 4.005271 0.000479 0.250000 -0.126483
0.000030 -5.002424 -0.000126 0.250000 -0.048405
0.000015 -4.005059 -0.000030 0.250000 -0.115064
0.000017 -3.011173 0.004065 0.250000 -0.221490
0.000026 -2.020644 0.026668 0.250000 -0.023627
0.000035 -1.018902 0.084173 0.250000 1.048769
0.000039 0.000039 0.120463 0.250000 1.784911
0.000034 1.019015 0.084112 0.250000 1.045031
0.000026 2.020893 0.026576 0.250000 -0.033943
0.000024 3.011705 0.004135 0.250000 -0.241105
0.000041 4.005958 0.000644 0.250000 -0.141013
1.000393 -5.002166 -0.000151 0.250000 -0.045143
1.001060 -4.004396 -0.000197 0.250000 -0.103839
1.003131 -3.009327 0.002756 0.250000 -0.208740
1.008384 -2.016602 0.017947 0.250000 -0.147200
1.015009 -1.014890 0.059719 0.250000 0.574615
1.019015 0.000034 0.084112 0.250000 1.045031
1.014994 1.014994 0.059663 0.250000 0.570950
1.008353 2.016834 0.017864 0.250000 -0.157292
1.003110 3.009824 0.002829 0.250000 -0.228060
1.001129 4.005238 0.000468 0.250000 -0.129333
2.000584 -5.001568 -0.000178 0.250000 -0.036801
2.001467 -4.002942 -0.000474 0.250000 -0.076811
2.003886 -3.005649 0.000665 0.250000 -0.160503
2.009146 -2.008903 0.005835 0.250000 -0.235492
2.016859 -1.008271 0.017908 0.250000 -0.153811
2.020893 0.000026 0.026576 0.250000 -0.033942
2.016834 1.008353 0.017864 0.250000 -0.157292
2.009092 2.009092 0.005766 0.250000 -0.244976
2.003843 3.006056 0.000741 0.250000 -0.178619
2.001564 4.003641 0.000157 0.250000 -0.100425
3.000605 -5.000945 -0.000089 0.250000 -0.029734
3.001337 -4.001587 -0.000512 0.250000 -0.051724
3.003063 -3.002702 -0.000312 0.250000 -0.100102
3.006122 -2.003696 0.000788 0.250000 -0.170079
3.009855 -1.003039 0.002861 0.250000 -0.224796
3.011705 0.000024 0.004135 0.250000 -0.241106
3.009824 1.003110 0.002829 0.250000 -0.228060
3.006056 2.003843 0.000741 0.250000 -0.178619
3.003005 3.003005 -0.000224 0.250000 -0.115826
3.001433 4.002110 0.000072 0.250000 -0.071464
4.000592 -5.000570 0.000304 0.250000 -0.025818
4.001120 -4.000824 -0.000031 0.250000 -0.036972
4.002174 -3.001204 -0.000045 0.250000 -0.059528
4.003709 -2.001422 0.000163 0.250000 -0.093478
4.005271 -1.001033 0.000479 0.250000 -0.126482
4.005958 0.000041 0.000644 0.250000 -0.141015
4.005238 1.001129 0.000468 0.250000 -0.129333
4.003641 2.001564 0.000157 0.250000 -0.100424
4.002110 3.001433 0.000072 0.250000 -0.071463
4.001188 4.001188 0.000460 0.250000 -0.051282
-5.000192 -5.000192 1.000401 0.250000 -0.017733
-5.000502 -5.000502 2.000780 0.250000 -0.020194
-5.000437 -4.000361 1.000280 0.250000 -0.018350
-5.000895 -4.000763 2.000884 0.250000 -0.020004
-5.000925 -3.000535 1.000454 0.250000 -0.020720
-5.001506 -3.000942 2.001258 0.250000 -0.019961
-5.001558 -2.000570 1.000758 0.250000 -0.025779
-5.002224 -2.000888 2.001763 0.250000 -0.020867
-5.002126 -1.000366 1.001038 0.250000 -0.031188
-5.002826 -1.000523 2.002202 0.250000 -0.022263
-5.002350 0.000047 1.001146 0.250000 -0.034153
-5.003055 0.000076 2.002370 0.250000 -0.023731
-5.002092 1.000461 1.001013 0.250000 -0.033876
-5.002793 1.000670 2.002179 0.250000 -0.025452
-5.001497 2.000663 1.000723 0.250000 -0.032322
-5.002171 2.001010 2.001741 0.250000 -0.027944
-5.000879 3.000618 1.000492 0.250000 -0.032094
-5.001473 3.001020 2.001309 0.250000 -0.031211
-5.000513 4.000486 1.000604 0.250000 -0.032041
-5.000952 4.000827 2.001141 0.250000 -0.033338
-4.000361 -5.000437 1.000280 0.250000 -0.018350
-4.000763 -5.000895 2.000884 0.250000 -0.020004
-4.000809 -4.000809 1.000293 0.250000 -0.018334
-4.001398 -4.001398 2.001272 0.250000 -0.017015
-4.001723 -3.001257 1.000828 0.250000 -0.022443
-4.002419 -3.001811 2.002169 0.250000 -0.013854
-4.003056 -2.001463 1.001687 0.250000 -0.031837
-4.003715 -2.001821 2.003385 0.250000 -0.011575
-4.004409 -1.001039 1.002552 0.250000 -0.041595
-4.004897 -1.001158 2.004500 0.250000 -0.010040
-4.005001 0.000044 1.002920 0.250000 -0.046389
-4.005380 0.000089 2.004951 0.250000 -0.010397
-4.004374 1.001132 1.002500 0.250000 -0.044908
-4.004861 1.001330 2.004450 0.250000 -0.014146
-4.002990 2.001566 1.001594 0.250000 -0.040390
-4.003655 2.001970 2.003310 0.250000 -0.020991
-4.001668 3.001367 1.000800 0.250000 -0.038246
-4.002373 3.001910 2.002163 0.250000 -0.029380
-4.000891 4.000994 1.000635 0.250000 -0.038109
-4.001440 4.001477 2.001522 0.250000 -0.035912
-3.000535 -5.000925 1.000454 0.250000 -0.020719
-3.000942 -5.001506 2.001258 0.250000 -0.019960
-3.001257 -4.001723 1.000828 0.250000 -0.022442
-3.001811 -4.002419 2.002169 0.250000 -0.013854
-3.002852 -3.002852 1.002187 0.250000 -0.031982
-3.003320 -3.003320 2.004052 0.250000 -0.005898
-3.005580 -2.003683 1.004563 0.250000 -0.047484
-3.005462 -2.003603 2.006777 0.250000 0.004528
-3.008807 -1.002894 1.007410 0.250000 -0.055843
-3.007639 -1.002471 2.009531 0.250000 0.017262
-3.010370 0.000053 1.008810 0.250000 -0.056465
-3.008601 0.000107 2.010736 0.250000 0.022759
-3.008775 1.003012 1.007337 0.250000 -0.059742
-3.007605 1.002683 2.009456 0.250000 0.012246
-3.005517 2.003828 1.004426 0.250000 -0.057872
-3.005404 2.003796 2.006653 0.250000 -0.007184
-3.002798 3.003031 1.002102 0.250000 -0.051795
-3.003273 3.003465 2.003986 0.250000 -0.025622
-3.001333 4.002013 1.001161 0.250000 -0.047892
-3.001841 4.002539 2.002390 0.250000 -0.038253
-2.000570 -5.001558 1.000758 0.250000 -0.025779
-2.000888 -5.002224 2.001763 0.250000 -0.020867
-2.001463 -4.003056 1.001687 0.250000 -0.031837
-2.001821 -4.003715 2.003385 0.250000 -0.011576
-2.003683 -3.005580 1.004563 0.250000 -0.047484
-2.003603 -3.005462 2.006777 0.250000 0.004528
-2.008210 -2.008210 1.010632 0.250000 -0.049117
-2.006466 -2.006466 2.012227 0.250000 0.036514
-2.014505 -1.007239 1.019756 0.250000 0.013681
-2.009746 -1.004812 2.018446 0.250000 0.087107
-2.017867 0.000067 1.024947 0.250000 0.069693
-2.011316 0.000126 2.021418 0.250000 0.115204
-2.014479 1.007389 1.019667 0.250000 0.009222
-2.009720 1.005064 2.018351 0.250000 0.081272
-2.008159 2.008405 1.010462 0.250000 -0.061157
-2.006420 2.006706 2.012063 0.250000 0.022761
-2.003637 3.005840 1.004435 0.250000 -0.070732
-2.003563 3.005659 2.006659 0.250000 -0.018877
-2.001520 4.003468 1.002017 0.250000 -0.061848
-2.001840 4.003888 2.003575 0.250000 -0.040705
-1.000366 -5.002126 1.001038 0.250000 -0.031188
-1.000523 -5.002826 2.002202 0.250000 -0.022263
-1.001039 -4.004409 1.002552 0.250000 -0.041594
-1.001158 -4.004897 2.004500 0.250000 -0.010040
-1.002894 -3.008807 1.007410 0.250000 -0.055843
-1.002471 -3.007639 2.009531 0.250000 0.017261
-1.007239 -2.014505 1.019756 0.250000 0.013681
-1.004812 -2.009746 2.018446 0.250000 0.087107
-1.013971 -1.013971 1.041981 0.250000 0.314109
-1.007771 -1.007771 2.029759 0.250000 0.213415
-1.017567 0.000079 1.055854 0.250000 0.549480
-1.009276 0.000139 2.035562 0.250000 0.289583
-1.013956 1.014148 1.041879 0.250000 0.309164
-1.007757 1.008052 2.029650 0.250000 0.206966
-1.007210 2.014739 1.019561 0.250000 0.000349
-1.004787 2.010021 2.018255 0.250000 0.071870
-1.002865 3.009132 1.007254 0.250000 -0.081588
-1.002449 3.007875 2.009379 0.250000 -0.008765
-1.001064 4.004919 1.002888 0.250000 -0.074710
-1.001165 4.005113 2.004673 0.250000 -0.042471
0.000047 -5.002350 1.001146 0.250000 -0.034153
0.000076 -5.003055 2.002370 0.250000 -0.023731
0.000044 -4.005001 1.002920 0.250000 -0.046389
0.000089 -4.005380 2.004951 0.250000 -0.010397
0.000053 -3.010370 1.008810 0.250000 -0.056466
0.000107 -3.008601 2.010736 0.250000 0.022759
0.000067 -2.017867 1.024947 0.250000 0.069693
0.000126 -2.011316 2.021418 0.250000 0.115204
0.000079 -1.017567 1.055854 0.250000 0.549481
0.000139 -1.009276 2.035562 0.250000 0.289582
0.000083 0.000083 1.075090 0.250000 0.903649
0.000144 0.000144 2.043018 0.250000 0.397346
0.000077 1.017754 1.055747 0.250000 0.544291
0.000137 1.009566 2.035449 0.250000 0.282883
0.000065 2.018114 1.024745 0.250000 0.055786
0.000123 2.011602 2.021220 0.250000 0.099393
0.000056 3.010717 1.008648 0.250000 -0.083212
0.000106 3.008851 2.010577 0.250000 -0.004242
0.000060 4.005547 1.003266 0.250000 -0.080666
0.000093 4.005612 2.005124 0.250000 -0.044005
1.000461 -5.002092 1.001013 0.250000 -0.033876
1.000670 -5.002793 2.002179 0.250000 -0.025452
1.001132 -4.004374 1.002500 0.250000 -0.044908
1.001330 -4.004861 2.004450 0.250000 -0.014146
1.003012 -3.008775 1.007337 0.250000 -0.059742
1.002683 -3.007605 2.009456 0.250000 0.012246
1.007389 -2.014479 1.019667 0.250000 0.009222
1.005064 -2.009720 2.018351 0.250000 0.081271
1.014148 -1.013956 1.041879 0.250000 0.309163
1.008052 -1.007757 2.029650 0.250000 0.206966
1.017754 0.000077 1.055747 0.250000 0.544291
1.009566 0.000137 2.035449 0.250000 0.282883
1.014130 1.014130 1.041779 0.250000 0.304121
1.008033 1.008033 2.029545 0.250000 0.200477
1.007357 2.014709 1.019478 0.250000 -0.004276
1.005032 2.009990 2.018169 0.250000 0.065994
1.002987 3.009094 1.007194 0.250000 -0.085639
1.002657 3.007836 2.009320 0.250000 -0.013746
1.001189 4.004879 1.002859 0.250000 -0.078022
1.001346 4.005074 2.004645 0.250000 -0.046391
2.000663 -5.001497 1.000723 0.250000 -0.032322
2.001010 -5.002171 2.001741 0.250000 -0.027944
2.001566 -4.002990 1.001594 0.250000 -0.040390
2.001970 -4.003655 2.003310 0.250000 -0.020990
2.003828 -3.005517 1.004426 0.250000 -0.057872
2.003796 -3.005404 2.006653 0.250000 -0.007184
2.008405 -2.008159 1.010462 0.250000 -0.061156
2.006706 -2.006420 2.012063 0.250000 0.022760
2.014739 -1.007210 1.019561 0.250000 0.000348
2.010021 -1.004787 2.018255 0.250000 0.071871
2.018114 0.000065 1.024745 0.250000 0.055786
2.011602 0.000123 2.021220 0.250000 0.099393
2.014709 1.007357 1.019478 0.250000 -0.004276
2.009990 1.005032 2.018169 0.250000 0.065995
2.008347 2.008347 1.010305 0.250000 -0.073422
2.006652 2.006652 2.011918 0.250000 0.009037
2.003782 3.005768 1.004327 0.250000 -0.081156
2.003751 3.005593 2.006568 0.250000 -0.030293
2.001650 4.003394 1.001975 0.250000 -0.069884
2.001997 4.003825 2.003545 0.250000 -0.049394
3.000618 -5.000879 1.000492 0.250000 -0.032094
3.001020 -5.001473 2.001309 0.250000 -0.031211
3.001367 -4.001668 1.000800 0.250000 -0.038246
3.001910 -4.002373 2.002163 0.250000 -0.029380
3.003031 -3.002798 1.002102 0.250000 -0.051795
3.003465 -3.003273 2.003986 0.250000 -0.025621
3.005840 -2.003637 1.004435 0.250000 -0.070732
3.005659 -2.003563 2.006659 0.250000 -0.018876
3.009132 -1.002865 1.007254 0.250000 -0.081588
3.007875 -1.002449 2.009379 0.250000 -0.008766
3.010717 0.000056 1.008648 0.250000 -0.083212
3.008851 0.000106 2.010577 0.250000 -0.004241
3.009094 1.002987 1.007194 0.250000 -0.085640
3.007836 1.002657 2.009320 0.250000 -0.013746
3.005768 2.003782 1.004327 0.250000 -0.081156
3.005593 2.003751 2.006568 0.250000 -0.030293
3.002972 3.002972 1.002068 0.250000 -0.070953
3.003414 3.003414 2.003970 0.250000 -0.044414
3.001464 4.001957 1.001207 0.250000 -0.061767
3.001952 4.002498 2.002444 0.250000 -0.051987
4.000486 -5.000513 1.000604 0.250000 -0.032041
4.000827 -5.000952 2.001141 0.250000 -0.033338
4.000994 -4.000891 1.000635 0.250000 -0.038109
4.001477 -4.001440 2.001522 0.250000 -0.035912
4.002013 -3.001333 1.001161 0.250000 -0.047892
4.002539 -3.001841 2.002390 0.250000 -0.038252
4.003468 -2.001520 1.002017 0.250000 -0.061849
4.003888 -2.001840 2.003575 0.250000 -0.040706
4.004919 -1.001064 1.002888 0.250000 -0.074710
4.005113 -1.001165 2.004673 0.250000 -0.042471
4.005547 0.000060 1.003266 0.250000 -0.080665
4.005612 0.000093 2.005124 0.250000 -0.044005
4.004879 1.001189 1.002859 0.250000 -0.078022
4.005074 1.001346 2.004645 0.250000 -0.046391
4.003394 2.001650 1.001975 0.250000 -0.069885
4.003825 2.001997 2.003545 0.250000 -0.049394
4.001957 3.001464 1.001207 0.250000 -0.061767
4.002498 3.001952 2.002444 0.250000 -0.051988
4.001089 4.001089 1.001027 0.250000 -0.054403
4.001539 4.001539 2.001822 0.250000 -0.051871
0.000000 0.000000 -1.000000 0.250000 0.000000
