-4.999629 -4.999629 0.000581 0.250000 -0.001849
-4.999376 -3.999519 0.000463 0.250000 -0.000383
-4.999128 -2.999525 0.000617 0.250000 0.005362
-4.999036 -1.999675 0.000760 0.250000 0.013143
-4.999138 -0.999879 0.000795 0.250000 0.019607
-4.999238 -0.000046 0.000793 0.250000 0.022103
-4.999185 0.999779 0.000807 0.250000 0.019934
-4.999100 1.999557 0.000758 0.250000 0.013672
-4.999144 2.999393 0.000654 0.250000 0.006256
-4.999334 3.999398 0.000810 0.250000 0.002770
-3.999519 -4.999376 0.000463 0.250000 -0.000383
-3.999324 -3.999324 0.000357 0.250000 0.005918
-3.999460 -2.999646 0.000424 0.250000 0.018958
-4.000380 -2.000263 0.000071 0.250000 0.029027
-4.001908 -1.000533 -0.000659 0.250000 0.028924
-4.002743 -0.000049 -0.001047 0.250000 0.026193
-4.001959 1.000416 -0.000646 0.250000 0.029325
-4.000444 2.000107 0.000053 0.250000 0.029723
-3.999458 2.999468 0.000417 0.250000 0.020101
-3.999263 3.999191 0.000732 0.250000 0.010146
-2.999525 -4.999128 0.000617 0.250000 0.005362
-2.999646 -3.999460 0.000424 0.250000 0.018958
-3.001073 -3.001073 -0.000341 0.250000 0.030077
-3.005382 -2.003640 -0.002596 0.250000 0.004651
-3.012054 -1.004108 -0.004712 0.250000 -0.051566
-3.015691 -0.000058 -0.005144 0.250000 -0.079219
-3.012101 1.003967 -0.004690 0.250000 -0.051067
-3.005432 2.003448 -0.002610 0.250000 0.005667
-3.001044 3.000882 -0.000361 0.250000 0.031925
-2.999573 3.999398 0.000801 0.250000 0.024596
-1.999675 -4.999036 0.000760 0.250000 0.013143
-2.000263 -4.000380 0.000071 0.250000 0.029028
-2.003640 -3.005382 -0.002596 0.250000 0.004652
-2.013920 -2.013920 -0.005015 0.250000 -0.110499
-2.031132 -1.015674 0.005019 0.250000 -0.191496
-2.040536 -0.000073 0.017058 0.250000 -0.175667
-2.031168 1.015496 0.005049 0.250000 -0.190877
-2.013951 2.013690 -0.005025 0.250000 -0.109193
-2.003597 3.005208 -0.002617 0.250000 0.007232
-2.000197 4.000463 0.000463 0.250000 0.036114
-0.999879 -4.999138 0.000795 0.250000 0.019607
-1.000533 -4.001908 -0.000659 0.250000 0.028924
-1.004108 -3.012054 -0.004712 0.250000 -0.051565
-1.015674 -2.031132 0.005019 0.250000 -0.191497
-1.031135 -1.031135 0.074757 0.250000 0.080906
-1.040587 -0.000089 0.119444 0.250000 0.300838
-1.031154 1.030925 0.074797 0.250000 0.081886
-1.015687 2.030875 0.005010 0.250000 -0.189842
-1.004079 3.011913 -0.004735 0.250000 -0.048469
-1.000499 4.002147 -0.000255 0.250000 0.036969
-0.000046 -4.999238 0.000793 0.250000 0.022103
-0.000049 -4.002743 -0.001047 0.250000 0.026193
-0.000058 -3.015691 -0.005144 0.250000 -0.079219
-0.000073 -2.040536 0.017058 0.250000 -0.175666
-0.000089 -1.040588 0.119444 0.250000 0.300839
-0.000095 -0.000095 0.188939 0.250000 0.677025
-0.000087 1.040365 0.119491 0.250000 0.302070
-0.000075 2.040271 0.017047 0.250000 -0.173733
-0.000068 3.015570 -0.005170 0.250000 -0.075889
-0.000062 4.003052 -0.000639 0.250000 0.034594
0.999779 -4.999185 0.000807 0.250000 0.019934
1.000416 -4.001959 -0.000646 0.250000 0.029325
1.003967 -3.012101 -0.004690 0.250000 -0.051068
1.015496 -2.031168 0.005049 0.250000 -0.190877
1.030925 -1.031154 0.074797 0.250000 0.081886
1.040365 -0.000087 0.119491 0.250000 0.302072
1.030947 1.030947 0.074838 0.250000 0.082927
1.015509 2.030916 0.005036 0.250000 -0.189116
1.003922 3.011966 -0.004718 0.250000 -0.047868
1.000363 4.002200 -0.000241 0.250000 0.037483
1.999557 -4.999100 0.000758 0.250000 0.013673
2.000107 -4.000444 0.000053 0.250000 0.029723
2.003448 -3.005432 -0.002610 0.250000 0.005667
2.013690 -2.013951 -0.005025 0.250000 -0.109193
2.030875 -1.015687 0.005010 0.250000 -0.189842
2.040271 -0.000075 0.017047 0.250000 -0.173733
2.030916 1.015509 0.005036 0.250000 -0.189116
2.013723 2.013723 -0.005042 0.250000 -0.107745
2.003397 3.005263 -0.002639 0.250000 0.008379
2.000040 4.000526 0.000460 0.250000 0.037064
2.999393 -4.999144 0.000654 0.250000 0.006256
2.999468 -3.999458 0.000417 0.250000 0.020101
3.000882 -3.001044 -0.000361 0.250000 0.031925
3.005208 -2.003597 -0.002617 0.250000 0.007232
3.011913 -1.004079 -0.004735 0.250000 -0.048468
3.015570 -0.000068 -0.005170 0.250000 -0.075889
3.011966 1.003922 -0.004718 0.250000 -0.047869
3.005263 2.003397 -0.002639 0.250000 0.008379
3.000854 3.000854 -0.000372 0.250000 0.034019
2.999413 3.999396 0.000842 0.250000 0.026354
3.999398 -4.999334 0.000810 0.250000 0.002769
3.999191 -3.999263 0.000732 0.250000 0.010146
3.999398 -2.999573 0.000801 0.250000 0.024596
4.000463 -2.000197 0.000463 0.250000 0.036114
4.002147 -1.000499 -0.000255 0.250000 0.036969
4.003052 -0.000062 -0.000639 0.250000 0.034594
4.002200 1.000363 -0.000241 0.250000 0.037483
4.000526 2.000040 0.000460 0.250000 0.037064
3.999396 2.999413 0.000842 0.250000 0.026354
3.999154 3.999154 0.001137 0.250000 0.015108
-4.999240 -4.999240 1.000404 0.250000 -0.005974
-4.999756 -4.999756 2.000614 0.250000 -0.008178
-4.998944 -3.999255 1.000296 0.250000 -0.009335
-4.999915 -4.000040 2.000703 0.250000 -0.011879
-4.998668 -2.999356 1.000603 0.250000 -0.008503
-5.000262 -3.000309 2.001185 0.250000 -0.012048
-4.998485 -1.999541 1.001086 0.250000 -0.003736
-5.000737 -2.000432 2.001889 0.250000 -0.008487
-4.998435 -0.999791 1.001527 0.250000 0.002143
-5.001177 -1.000331 2.002531 0.250000 -0.003605
-4.998452 -0.000052 1.001719 0.250000 0.005049
-5.001364 -0.000047 2.002807 0.250000 -0.000900
-4.998468 0.999684 1.001561 0.250000 0.003212
-5.001186 1.000238 2.002570 0.250000 -0.001949
-4.998522 1.999416 1.001123 0.250000 -0.001539
-5.000741 2.000329 2.001952 0.250000 -0.005111
-4.998669 2.999173 1.000662 0.250000 -0.005104
-5.000249 3.000161 2.001295 0.250000 -0.006997
-4.998936 3.999042 1.000627 0.250000 -0.003733
-4.999917 3.999844 2.000987 0.250000 -0.005298
-3.999255 -4.998944 1.000296 0.250000 -0.009335
-4.000040 -4.999915 2.000703 0.250000 -0.011879
-3.999000 -3.999000 1.000496 0.250000 -0.010084
-4.000459 -4.000459 2.001261 0.250000 -0.013512
-3.998890 -2.999266 1.001430 0.250000 -0.000617
-4.001218 -3.000989 2.002590 0.250000 -0.006801
-3.999149 -1.999704 1.002644 0.250000 0.015228
-4.002260 -2.001219 2.004374 0.250000 0.006668
-3.999772 -1.000050 1.003658 0.250000 0.028256
-4.003272 -1.000892 2.005977 0.250000 0.019884
-4.000153 -0.000056 1.004069 0.250000 0.033170
-4.003714 -0.000049 2.006648 0.250000 0.025897
-3.999807 0.999931 1.003697 0.250000 0.029838
-4.003278 1.000798 2.006017 0.250000 0.022273
-3.999185 1.999558 1.002667 0.250000 0.018537
-4.002252 2.001119 2.004422 0.250000 0.011561
-3.998867 2.999045 1.001430 0.250000 0.004466
-4.001176 3.000834 2.002656 0.250000 0.000513
-3.998958 3.998758 1.000812 0.250000 -0.001994
-4.000416 4.000237 2.001518 0.250000 -0.004099
-2.999356 -4.998668 1.000603 0.250000 -0.008503
-3.000309 -5.000262 2.001185 0.250000 -0.012048
-2.999266 -3.998890 1.001430 0.250000 -0.000617
-3.000989 -4.001218 2.002590 0.250000 -0.006801
-2.999779 -2.999779 1.003312 0.250000 0.022048
-3.002259 -3.002259 2.005358 0.250000 0.012565
-3.001839 -2.001329 1.005524 0.250000 0.039984
-3.004217 -2.002855 2.009040 0.250000 0.038067
-3.005464 -1.001976 1.007632 0.250000 0.039633
-3.006412 -1.002194 2.012519 0.250000 0.057022
-3.007549 -0.000062 1.008723 0.250000 0.036569
-3.007462 -0.000048 2.014042 0.250000 0.064397
-3.005495 1.001845 1.007680 0.250000 0.041811
-3.006412 1.002105 2.012558 0.250000 0.060215
-3.001862 2.001172 1.005540 0.250000 0.044614
-3.004195 2.002772 2.009067 0.250000 0.044619
-2.999729 2.999561 1.003253 0.250000 0.029196
-3.002192 3.002129 2.005361 0.250000 0.022316
-2.999199 3.998701 1.001675 0.250000 0.010174
-3.000914 4.001019 2.002769 0.250000 0.005512
-1.999541 -4.998485 1.001086 0.250000 -0.003736
-2.000432 -5.000737 2.001889 0.250000 -0.008487
-1.999704 -3.999149 1.002644 0.250000 0.015228
-2.001219 -4.002260 2.004374 0.250000 0.006668
-2.001329 -3.001839 1.005524 0.250000 0.039984
-2.002855 -3.004217 2.009040 0.250000 0.038067
-2.007218 -2.007218 1.009954 0.250000 0.025252
-2.005896 -2.005896 2.015710 0.250000 0.066436
-2.017934 -1.009182 1.018668 0.250000 -0.003444
-2.009997 -1.005038 2.023131 0.250000 0.080910
-2.024302 -0.000071 1.024895 0.250000 -0.006062
-2.012170 -0.000047 2.026842 0.250000 0.087029
-2.017955 1.009034 1.018721 0.250000 -0.000712
-2.009993 1.004958 2.023166 0.250000 0.084820
-2.007226 2.007054 1.009955 0.250000 0.031034
-2.005868 2.005839 2.015709 0.250000 0.074424
-2.001269 3.001655 1.005397 0.250000 0.048876
-2.002782 3.004133 2.008964 0.250000 0.049849
-1.999638 3.999080 1.002803 0.250000 0.028290
-2.001137 4.002117 2.004447 0.250000 0.021310
-0.999791 -4.998435 1.001527 0.250000 0.002143
-1.000331 -5.001177 2.002531 0.250000 -0.003605
-1.000050 -3.999772 1.003658 0.250000 0.028255
-1.000892 -4.003272 2.005977 0.250000 0.019884
-1.001976 -3.005464 1.007632 0.250000 0.039633
-1.002194 -3.006412 2.012519 0.250000 0.057021
-1.009182 -2.017934 1.018668 0.250000 -0.003443
-1.005038 -2.009997 2.023131 0.250000 0.080910
-1.022724 -1.022724 1.049045 0.250000 0.036755
-1.009403 -1.009403 2.037471 0.250000 0.097466
-1.030413 -0.000079 1.071922 0.250000 0.122295
-1.011883 -0.000044 2.045536 0.250000 0.112574
-1.022734 1.022564 1.049100 0.250000 0.039973
-1.009398 1.009334 2.037500 0.250000 0.101885
-1.009181 2.017770 1.018651 0.250000 0.003170
-1.005016 2.009966 2.023102 0.250000 0.089864
-1.001935 3.005324 1.007440 0.250000 0.049596
-1.002144 3.006374 2.012371 0.250000 0.070069
-1.000011 3.999831 1.003737 0.250000 0.042639
-1.000837 4.003188 2.005952 0.250000 0.035886
-0.000052 -4.998452 1.001719 0.250000 0.005049
-0.000047 -5.001364 2.002807 0.250000 -0.000900
-0.000056 -4.000153 1.004069 0.250000 0.033170
-0.000049 -4.003714 2.006648 0.250000 0.025896
-0.000062 -3.007549 1.008723 0.250000 0.036569
-0.000048 -3.007462 2.014042 0.250000 0.064398
-0.000071 -2.024302 1.024895 0.250000 -0.006063
-0.000047 -2.012170 2.026842 0.250000 0.087030
-0.000079 -1.030413 1.071922 0.250000 0.122296
-0.000044 -1.011883 2.045536 0.250000 0.112574
-0.000081 -0.000081 1.105861 0.250000 0.275895
-0.000042 -0.000042 2.056507 0.250000 0.139585
-0.000077 1.030251 1.071978 0.250000 0.125757
-0.000042 1.011820 2.045562 0.250000 0.117183
-0.000071 2.024142 1.024868 0.250000 0.000898
-0.000045 2.012151 2.026799 0.250000 0.096317
-0.000067 3.007431 1.008500 0.250000 0.046893
-0.000047 3.007445 2.013863 0.250000 0.077845
-0.000063 4.000269 1.004112 0.250000 0.047961
-0.000048 4.003655 2.006581 0.250000 0.042297
0.999684 -4.998468 1.001561 0.250000 0.003211
1.000238 -5.001186 2.002570 0.250000 -0.001949
0.999931 -3.999807 1.003697 0.250000 0.029838
1.000798 -4.003278 2.006017 0.250000 0.022273
1.001845 -3.005495 1.007680 0.250000 0.041811
1.002105 -3.006412 2.012558 0.250000 0.060215
1.009034 -2.017955 1.018721 0.250000 -0.000712
1.004958 -2.009993 2.023166 0.250000 0.084820
1.022564 -1.022734 1.049100 0.250000 0.039974
1.009334 -1.009398 2.037500 0.250000 0.101885
1.030251 -0.000077 1.071978 0.250000 0.125755
1.011820 -0.000042 2.045562 0.250000 0.117183
1.022578 1.022578 1.049154 0.250000 0.043222
1.009333 1.009333 2.037526 0.250000 0.106293
1.009035 2.017796 1.018699 0.250000 0.005932
1.004941 2.009965 2.023132 0.250000 0.093728
1.001794 3.005358 1.007480 0.250000 0.051759
1.002057 3.006376 2.012404 0.250000 0.073167
0.999882 3.999865 1.003773 0.250000 0.044208
1.000745 4.003193 2.005988 0.250000 0.038165
1.999416 -4.998522 1.001123 0.250000 -0.001539
2.000329 -5.000741 2.001952 0.250000 -0.005111
1.999558 -3.999185 1.002667 0.250000 0.018537
2.001119 -4.002252 2.004422 0.250000 0.011560
2.001172 -3.001862 1.005540 0.250000 0.044614
2.002772 -3.004195 2.009067 0.250000 0.044619
2.007054 -2.007226 1.009955 0.250000 0.031034
2.005839 -2.005868 2.015709 0.250000 0.074424
2.017770 -1.009181 1.018651 0.250000 0.003170
2.009966 -1.005016 2.023102 0.250000 0.089863
2.024142 -0.000071 1.024868 0.250000 0.000897
2.012151 -0.000045 2.026799 0.250000 0.096316
2.017796 1.009035 1.018699 0.250000 0.005933
2.009965 1.004941 2.023132 0.250000 0.093728
2.007064 2.007064 1.009945 0.250000 0.036802
2.005814 2.005814 2.015699 0.250000 0.082278
2.001105 3.001678 1.005401 0.250000 0.053381
2.002700 3.004112 2.008984 0.250000 0.056148
1.999492 3.999110 1.002832 0.250000 0.031519
2.001042 4.002107 2.004495 0.250000 0.025923
2.999173 -4.998669 1.000662 0.250000 -0.005104
3.000161 -5.000249 2.001295 0.250000 -0.006996
2.999045 -3.998867 1.001430 0.250000 0.004466
3.000834 -4.001176 2.002656 0.250000 0.000513
2.999561 -2.999729 1.003253 0.250000 0.029196
3.002129 -3.002192 2.005361 0.250000 0.022316
3.001655 -2.001269 1.005397 0.250000 0.048876
3.004133 -2.002782 2.008964 0.250000 0.049849
3.005324 -1.001935 1.007440 0.250000 0.049596
3.006374 -1.002144 2.012371 0.250000 0.070069
3.007431 -0.000067 1.008500 0.250000 0.046893
3.007445 -0.000047 2.013863 0.250000 0.077845
3.005358 1.001794 1.007480 0.250000 0.051760
3.006376 1.002057 2.012404 0.250000 0.073167
3.001678 2.001105 1.005401 0.250000 0.053382
3.004112 2.002700 2.008984 0.250000 0.056149
2.999509 2.999509 1.003195 0.250000 0.036108
3.002064 3.002064 2.005362 0.250000 0.031635
2.998998 3.998678 1.001711 0.250000 0.015170
3.000772 4.000980 2.002848 0.250000 0.012336
3.999042 -4.998936 1.000627 0.250000 -0.003734
3.999844 -4.999917 2.000987 0.250000 -0.005298
3.998758 -3.998958 1.000812 0.250000 -0.001994
4.000237 -4.000416 2.001518 0.250000 -0.004099
3.998701 -2.999199 1.001675 0.250000 0.010174
4.001019 -3.000914 2.002769 0.250000 0.005512
3.999080 -1.999638 1.002803 0.250000 0.028291
4.002117 -2.001137 2.004447 0.250000 0.021310
3.999831 -1.000011 1.003737 0.250000 0.042639
4.003188 -1.000837 2.005952 0.250000 0.035885
4.000269 -0.000063 1.004112 0.250000 0.047962
4.003655 -0.000048 2.006581 0.250000 0.042297
3.999865 0.999882 1.003773 0.250000 0.044208
4.003193 1.000745 2.005988 0.250000 0.038164
3.999110 1.999492 1.002832 0.250000 0.031519
4.002107 2.001042 2.004495 0.250000 0.025923
3.998678 2.998998 1.001711 0.250000 0.015170
4.000980 3.000772 2.002848 0.250000 0.012336
3.998748 3.998748 1.001153 0.250000 0.005886
4.000221 4.000221 2.001786 0.250000 0.004600
0.000000 0.000000 -1.000000 0.250000 0.000000
