-4.999897 -4.999897 0.000330 0.250000 0.012034
-4.999996 -3.999929 0.000061 0.250000 0.016257
-5.000316 -3.000062 -0.000043 0.250000 0.019060
-5.000822 -2.000199 -0.000142 0.250000 0.018220
-5.001343 -1.000197 -0.000249 0.250000 0.015103
-5.001572 -0.000021 -0.000303 0.250000 0.013591
-5.001334 1.000163 -0.000273 0.250000 0.015689
-5.000785 2.000193 -0.000197 0.250000 0.018433
-5.000256 3.000115 -0.000059 0.250000 0.017571
-5.000018 4.000088 0.000309 0.250000 0.013361
-3.999929 -4.999996 0.000061 0.250000 0.016257
-4.000191 -4.000191 -0.000344 0.250000 0.020651
-4.000986 -3.000659 -0.000608 0.250000 0.017362
-4.002406 -2.001113 -0.000921 0.250000 0.000665
-4.004043 -1.000971 -0.001190 0.250000 -0.022395
-4.004815 -0.000043 -0.001293 0.250000 -0.033194
-4.004035 1.000896 -0.001229 0.250000 -0.021280
-4.002364 2.001083 -0.001017 0.250000 0.001438
-4.000916 3.000739 -0.000683 0.250000 0.015462
-4.000231 4.000460 -0.000081 0.250000 0.015991
-3.000062 -5.000316 -0.000043 0.250000 0.019060
-3.000659 -4.000986 -0.000608 0.250000 0.017362
-3.002450 -3.002450 -0.001110 0.250000 -0.010839
-3.006121 -2.004058 -0.001333 0.250000 -0.076741
-3.010972 -1.003673 -0.000509 0.250000 -0.147233
-3.013464 -0.000050 0.000332 0.250000 -0.173612
-3.010962 1.003591 -0.000554 0.250000 -0.145707
-3.006074 2.004048 -0.001451 0.250000 -0.075535
-3.002372 3.002620 -0.001219 0.250000 -0.013153
-3.000702 4.001444 -0.000348 0.250000 0.010699
-2.000199 -5.000822 -0.000142 0.250000 0.018220
-2.001113 -4.002406 -0.000921 0.250000 0.000664
-2.004058 -3.006121 -0.001333 0.250000 -0.076741
-2.011153 -2.011153 0.001848 0.250000 -0.199157
-2.022062 -1.011073 0.014436 0.250000 -0.210950
-2.027868 -0.000050 0.024826 0.250000 -0.142510
-2.022051 1.010997 0.014386 0.250000 -0.209121
-2.011107 2.011179 0.001716 0.250000 -0.197756
-2.003984 3.006407 -0.001458 0.250000 -0.079590
-2.001142 4.003091 -0.000642 0.250000 -0.007875
-1.000197 -5.001343 -0.000249 0.250000 0.015103
-1.000971 -4.004043 -0.001190 0.250000 -0.022395
-1.003673 -3.010972 -0.000509 0.250000 -0.147233
-1.011073 -2.022062 0.014436 0.250000 -0.210950
-1.020630 -1.020630 0.067603 0.250000 0.296742
-1.026439 -0.000048 0.099748 0.250000 0.656147
-1.020622 1.020562 0.067545 0.250000 0.298871
-1.011044 2.022120 0.014289 0.250000 -0.209522
-1.003626 3.011356 -0.000641 0.250000 -0.150651
-1.000976 4.004919 -0.000886 0.250000 -0.032467
-0.000021 -5.001572 -0.000303 0.250000 0.013591
-0.000043 -4.004815 -0.001293 0.250000 -0.033193
-0.000050 -3.013464 0.000332 0.250000 -0.173612
-0.000050 -2.027868 0.024826 0.250000 -0.142510
-0.000048 -1.026439 0.099748 0.250000 0.656149
-0.000047 -0.000047 0.148369 0.250000 1.237348
-0.000049 1.026375 0.099685 0.250000 0.658366
-0.000051 2.027940 0.024669 0.250000 -0.141170
-0.000046 3.013887 0.000196 0.250000 -0.177419
-0.000020 4.005764 -0.000976 0.250000 -0.044072
1.000163 -5.001334 -0.000273 0.250000 0.015689
1.000896 -4.004035 -0.001229 0.250000 -0.021280
1.003591 -3.010962 -0.000554 0.250000 -0.145707
1.010997 -2.022051 0.014387 0.250000 -0.209120
1.020562 -1.020622 0.067545 0.250000 0.298870
1.026375 -0.000049 0.099685 0.250000 0.658366
1.020554 1.020554 0.067485 0.250000 0.300883
1.010966 2.022109 0.014237 0.250000 -0.207955
1.003550 3.011344 -0.000686 0.250000 -0.149599
1.000949 4.004904 -0.000915 0.250000 -0.032002
2.000193 -5.000785 -0.000197 0.250000 0.018432
2.001083 -4.002364 -0.001017 0.250000 0.001438
2.004048 -3.006074 -0.001451 0.250000 -0.075535
2.011179 -2.011107 0.001716 0.250000 -0.197755
2.022120 -1.011044 0.014289 0.250000 -0.209522
2.027940 -0.000051 0.024669 0.250000 -0.141171
2.022109 1.010966 0.014237 0.250000 -0.207955
2.011131 2.011131 0.001581 0.250000 -0.196930
2.003980 3.006353 -0.001571 0.250000 -0.079295
2.001159 4.003038 -0.000708 0.250000 -0.008147
3.000115 -5.000256 -0.000059 0.250000 0.017571
3.000739 -4.000916 -0.000683 0.250000 0.015462
3.002620 -3.002372 -0.001219 0.250000 -0.013153
3.006407 -2.003984 -0.001458 0.250000 -0.079590
3.011356 -1.003626 -0.000641 0.250000 -0.150651
3.013887 -0.000046 0.000196 0.250000 -0.177419
3.011344 1.003550 -0.000686 0.250000 -0.149599
3.006353 2.003980 -0.001571 0.250000 -0.079295
3.002542 3.002542 -0.001303 0.250000 -0.016567
3.000815 4.001367 -0.000364 0.250000 0.007949
4.000088 -5.000018 0.000309 0.250000 0.013361
4.000460 -4.000231 -0.000081 0.250000 0.015990
4.001444 -3.000702 -0.000348 0.250000 0.010699
4.003091 -2.001142 -0.000642 0.250000 -0.007875
4.004919 -1.000976 -0.000886 0.250000 -0.032467
4.005764 -0.000020 -0.000976 0.250000 -0.044071
4.004904 1.000949 -0.000915 0.250000 -0.032001
4.003038 2.001159 -0.000708 0.250000 -0.008147
4.001367 3.000815 -0.000364 0.250000 0.007950
4.000511 4.000511 0.000220 0.250000 0.010926
-4.999776 -4.999776 1.000381 0.250000 0.005678
-5.000230 -5.000230 2.000699 0.250000 0.002490
-4.999862 -3.999900 1.000292 0.250000 0.007911
-5.000571 -4.000495 2.000832 0.250000 0.004133
-5.000160 -3.000075 1.000480 0.250000 0.010519
-5.001129 -3.000697 2.001238 0.250000 0.006667
-5.000607 -2.000195 1.000758 0.250000 0.012108
-5.001801 -2.000701 2.001763 0.250000 0.009308
-5.001047 -1.000169 1.000996 0.250000 0.012786
-5.002376 -1.000428 2.002211 0.250000 0.011478
-5.001232 0.000012 1.001084 0.250000 0.013284
-5.002596 0.000064 2.002378 0.250000 0.012605
-5.001022 1.000197 1.000961 0.250000 0.013742
-5.002336 1.000555 2.002170 0.250000 0.012147
-5.000545 2.000230 1.000678 0.250000 0.012861
-5.001725 2.000815 2.001686 0.250000 0.009690
-5.000082 3.000101 1.000408 0.250000 0.009362
-5.001046 3.000768 2.001178 0.250000 0.005466
-4.999885 3.999963 1.000460 0.250000 0.004999
-5.000558 4.000533 2.000938 0.250000 0.001220
-3.999900 -4.999862 1.000292 0.250000 0.007911
-4.000495 -5.000571 2.000832 0.250000 0.004133
-4.000151 -4.000151 1.000371 0.250000 0.012848
-4.001081 -4.001081 2.001307 0.250000 0.008949
-4.000841 -3.000600 1.000918 0.250000 0.017214
-4.002060 -3.001530 2.002300 0.250000 0.015456
-4.002001 -2.000952 1.001687 0.250000 0.017378
-4.003342 -2.001621 2.003593 0.250000 0.021722
-4.003296 -1.000791 1.002423 0.250000 0.014256
-4.004542 -1.001066 2.004760 0.250000 0.026353
-4.003894 0.000003 1.002731 0.250000 0.012842
-4.005039 0.000076 2.005227 0.250000 0.028477
-4.003269 1.000807 1.002363 0.250000 0.015791
-4.004498 1.001222 2.004688 0.250000 0.027351
-4.001932 2.000987 1.001541 0.250000 0.018680
-4.003255 2.001770 2.003446 0.250000 0.022267
-4.000747 3.000649 1.000737 0.250000 0.015421
-4.001957 3.001635 2.002139 0.250000 0.013482
-4.000172 4.000280 1.000481 0.250000 0.007838
-4.001045 4.001144 2.001334 0.250000 0.004150
-3.000075 -5.000160 1.000480 0.250000 0.010518
-3.000697 -5.001129 2.001238 0.250000 0.006666
-3.000600 -4.000841 1.000918 0.250000 0.017214
-3.001530 -4.002060 2.002300 0.250000 0.015456
-3.002049 -3.002049 1.002187 0.250000 0.017932
-3.003042 -3.003042 2.004352 0.250000 0.026147
-3.004902 -2.003256 1.004259 0.250000 0.004917
-3.005284 -2.003480 2.007239 0.250000 0.035464
-3.008608 -1.002876 1.006815 0.250000 -0.012614
-3.007656 -1.002481 2.010152 0.250000 0.042635
-3.010488 0.000008 1.008135 0.250000 -0.018532
-3.008730 0.000096 2.011433 0.250000 0.046288
-3.008582 1.002908 1.006734 0.250000 -0.010653
-3.007613 1.002681 2.010050 0.250000 0.043823
-3.004833 2.003331 1.004056 0.250000 0.006486
-3.005197 2.003687 2.007022 0.250000 0.035880
-3.001950 3.002179 1.001904 0.250000 0.015116
-3.002935 3.003215 2.004080 0.250000 0.022918
-3.000617 4.001106 1.000938 0.250000 0.009427
-3.001482 4.002188 2.002221 0.250000 0.008083
-2.000195 -5.000607 1.000758 0.250000 0.012107
-2.000701 -5.001801 2.001763 0.250000 0.009307
-2.000952 -4.002001 1.001687 0.250000 0.017378
-2.001621 -4.003342 2.003593 0.250000 0.021722
-2.003256 -3.004902 1.004259 0.250000 0.004917
-2.003480 -3.005284 2.007239 0.250000 0.035464
-2.008654 -2.008654 1.009909 0.250000 -0.027331
-2.006658 -2.006658 2.013058 0.250000 0.049123
-2.016790 -1.008440 1.019529 0.250000 -0.025140
-2.010506 -1.005199 2.019873 0.250000 0.068881
-2.021289 0.000016 1.025429 0.250000 -0.001010
-2.012405 0.000116 2.023212 0.250000 0.082500
-2.016768 1.008497 1.019431 0.250000 -0.022936
-2.010470 1.005445 2.019744 0.250000 0.070102
-2.008594 2.008780 1.009657 0.250000 -0.025855
-2.006585 2.006927 2.012779 0.250000 0.049119
-2.003168 3.005133 1.003886 0.250000 0.000665
-2.003388 3.005534 2.006865 0.250000 0.030615
-2.000960 4.002436 1.001629 0.250000 0.006541
-2.001575 4.003551 2.003409 0.250000 0.011423
-1.000169 -5.001047 1.000996 0.250000 0.012786
-1.000428 -5.002376 2.002211 0.250000 0.011477
-1.000791 -4.003296 1.002423 0.250000 0.014256
-1.001066 -4.004542 2.004760 0.250000 0.026353
-1.002876 -3.008608 1.006815 0.250000 -0.012614
-1.002481 -3.007656 2.010152 0.250000 0.042635
-1.008440 -2.016790 1.019529 0.250000 -0.025141
-1.005199 -2.010506 2.019873 0.250000 0.068880
-1.017628 -1.017628 1.045959 0.250000 0.139310
-1.008857 -1.008857 2.032834 0.250000 0.128709
-1.022647 0.000026 1.063535 0.250000 0.303893
-1.010781 0.000131 2.039726 0.250000 0.172655
-1.017614 1.017708 1.045845 0.250000 0.141627
-1.008837 1.009139 2.032685 0.250000 0.129863
-1.008404 2.016958 1.019239 0.250000 -0.023959
-1.005157 2.010823 2.019548 0.250000 0.068367
-1.002822 3.008923 1.006376 0.250000 -0.018292
-1.002427 3.007968 2.009704 0.250000 0.036280
-1.000788 4.003875 1.002313 0.250000 0.000767
-1.001035 4.004818 2.004501 0.250000 0.013525
0.000012 -5.001232 1.001084 0.250000 0.013284
0.000064 -5.002596 2.002378 0.250000 0.012606
0.000003 -4.003894 1.002731 0.250000 0.012842
0.000076 -4.005039 2.005227 0.250000 0.028477
0.000008 -3.010487 1.008135 0.250000 -0.018532
0.000096 -3.008730 2.011433 0.250000 0.046288
0.000016 -2.021289 1.025429 0.250000 -0.001011
0.000116 -2.012405 2.023212 0.250000 0.082500
0.000026 -1.022647 1.063535 0.250000 0.303894
0.000131 -1.010781 2.039727 0.250000 0.172655
0.000030 0.000030 1.088515 0.250000 0.566733
0.000137 0.000137 2.048780 0.250000 0.239526
0.000025 1.022737 1.063413 0.250000 0.306194
0.000130 1.011075 2.039570 0.250000 0.173714
0.000015 2.021472 1.025123 0.250000 -0.000085
0.000115 2.012739 2.022870 0.250000 0.081653
0.000010 3.010835 1.007672 0.250000 -0.024983
0.000096 3.009064 2.010960 0.250000 0.039155
0.000020 4.004528 1.002605 0.250000 -0.001943
0.000083 4.005341 2.004943 0.250000 0.014439
1.000197 -5.001022 1.000961 0.250000 0.013742
1.000555 -5.002336 2.002170 0.250000 0.012147
1.000807 -4.003269 1.002363 0.250000 0.015791
1.001222 -4.004498 2.004688 0.250000 0.027351
1.002908 -3.008582 1.006734 0.250000 -0.010653
1.002681 -3.007613 2.010050 0.250000 0.043823
1.008497 -2.016768 1.019431 0.250000 -0.022935
1.005445 -2.010470 2.019744 0.250000 0.070102
1.017708 -1.017614 1.045845 0.250000 0.141626
1.009139 -1.008837 2.032685 0.250000 0.129863
1.022737 0.000025 1.063413 0.250000 0.306193
1.011075 0.000130 2.039570 0.250000 0.173714
1.017692 1.017692 1.045730 0.250000 0.143778
1.009116 1.009116 2.032538 0.250000 0.130834
1.008458 2.016933 1.019141 0.250000 -0.022105
1.005400 2.010784 2.019423 0.250000 0.069231
1.002857 3.008892 1.006300 0.250000 -0.016896
1.002626 3.007920 2.009610 0.250000 0.036949
1.000837 4.003841 1.002266 0.250000 0.001571
1.001204 4.004770 2.004444 0.250000 0.013904
2.000230 -5.000545 1.000678 0.250000 0.012861
2.000815 -5.001725 2.001686 0.250000 0.009690
2.000987 -4.001932 1.001541 0.250000 0.018680
2.001770 -4.003255 2.003446 0.250000 0.022266
2.003331 -3.004833 1.004056 0.250000 0.006486
2.003687 -3.005197 2.007022 0.250000 0.035880
2.008780 -2.008594 1.009657 0.250000 -0.025855
2.006927 -2.006585 2.012779 0.250000 0.049119
2.016958 -1.008404 1.019239 0.250000 -0.023959
2.010823 -1.005157 2.019548 0.250000 0.068368
2.021472 0.000015 1.025123 0.250000 -0.000084
2.012739 0.000115 2.022870 0.250000 0.081653
2.016933 1.008458 1.019141 0.250000 -0.022105
2.010784 1.005400 2.019423 0.250000 0.069231
2.008714 2.008714 1.009408 0.250000 -0.025100
2.006849 2.006849 2.012510 0.250000 0.048426
2.003242 3.005053 1.003698 0.250000 0.001173
2.003592 3.005439 2.006670 0.250000 0.030088
2.001027 4.002356 1.001521 0.250000 0.006635
2.001735 4.003458 2.003298 0.250000 0.010938
3.000101 -5.000082 1.000408 0.250000 0.009362
3.000768 -5.001046 2.001178 0.250000 0.005466
3.000649 -4.000747 1.000737 0.250000 0.015421
3.001635 -4.001957 2.002139 0.250000 0.013483
3.002179 -3.001950 1.001904 0.250000 0.015116
3.003215 -3.002935 2.004080 0.250000 0.022918
3.005133 -2.003168 1.003886 0.250000 0.000665
3.005534 -2.003388 2.006865 0.250000 0.030614
3.008923 -1.002822 1.006376 0.250000 -0.018293
3.007968 -1.002427 2.009704 0.250000 0.036279
3.010835 0.000010 1.007672 0.250000 -0.024983
3.009064 0.000096 2.010960 0.250000 0.039155
3.008892 1.002857 1.006300 0.250000 -0.016896
3.007920 1.002626 2.009610 0.250000 0.036949
3.005053 2.003242 1.003698 0.250000 0.001173
3.005439 2.003592 2.006670 0.250000 0.030089
3.002074 3.002074 1.001659 0.250000 0.011003
3.003102 3.003102 2.003850 0.250000 0.018547
3.000693 4.001008 1.000830 0.250000 0.006550
3.001600 4.002085 2.002119 0.250000 0.005065
3.999963 -4.999885 1.000460 0.250000 0.004999
4.000533 -5.000558 2.000938 0.250000 0.001220
4.000280 -4.000172 1.000481 0.250000 0.007838
4.001144 -4.001045 2.001334 0.250000 0.004150
4.001106 -3.000617 1.000938 0.250000 0.009427
4.002188 -3.001482 2.002221 0.250000 0.008083
4.002436 -2.000960 1.001629 0.250000 0.006541
4.003551 -2.001575 2.003409 0.250000 0.011424
4.003875 -1.000788 1.002313 0.250000 0.000768
4.004818 -1.001035 2.004501 0.250000 0.013525
4.004528 0.000020 1.002605 0.250000 -0.001943
4.005341 0.000083 2.004943 0.250000 0.014440
4.003841 1.000837 1.002266 0.250000 0.001571
4.004770 1.001204 2.004444 0.250000 0.013905
4.002356 2.001027 1.001521 0.250000 0.006636
4.003458 2.001735 2.003298 0.250000 0.010938
4.001008 3.000693 1.000830 0.250000 0.006549
4.002085 3.001600 2.002119 0.250000 0.005065
4.000321 4.000321 1.000660 0.250000 0.002206
4.001129 4.001129 2.001427 0.250000 -0.001382
0.000000 0.000000 -1.000000 0.250000 0.000000
