-4.999628 -4.999628 0.000578 0.250000 0.002863
-4.999476 -3.999569 0.000428 0.250000 0.005793
-4.999414 -2.999636 0.000489 0.250000 0.012322
-4.999533 -1.999811 0.000517 0.250000 0.019497
-4.999793 -0.999974 0.000464 0.250000 0.024565
-4.999948 -0.000050 0.000428 0.250000 0.026470
-4.999827 0.999872 0.000468 0.250000 0.025322
-4.999567 1.999707 0.000502 0.250000 0.020784
-4.999400 2.999546 0.000506 0.250000 0.014056
-4.999449 3.999530 0.000723 0.250000 0.009388
-3.999569 -4.999476 0.000428 0.250000 0.005793
-3.999523 -3.999523 0.000221 0.250000 0.012953
-3.999903 -2.999936 0.000106 0.250000 0.023541
-4.001043 -2.000547 -0.000359 0.250000 0.027563
-4.002668 -1.000703 -0.001047 0.250000 0.021351
-4.003511 -0.000062 -0.001379 0.250000 0.016391
-4.002705 1.000569 -0.001044 0.250000 0.022381
-4.001075 2.000403 -0.000395 0.250000 0.029343
-3.999871 2.999822 0.000074 0.250000 0.025781
-3.999490 3.999519 0.000528 0.250000 0.017428
-2.999636 -4.999414 0.000489 0.250000 0.012322
-2.999936 -3.999903 0.000106 0.250000 0.023541
-3.001556 -3.001556 -0.000761 0.250000 0.024722
-3.005767 -2.003882 -0.002546 0.250000 -0.013622
-3.011953 -1.004064 -0.003768 0.250000 -0.076897
-3.015265 -0.000072 -0.003778 0.250000 -0.105618
-3.011986 1.003908 -0.003760 0.250000 -0.075613
-3.005786 2.003718 -0.002585 0.250000 -0.011298
-3.001501 3.001468 -0.000817 0.250000 0.027668
-2.999897 4.000029 0.000399 0.250000 0.028737
-1.999811 -4.999533 0.000517 0.250000 0.019497
-2.000547 -4.001043 -0.000359 0.250000 0.027563
-2.003882 -3.005767 -0.002546 0.250000 -0.013622
-2.013253 -2.013253 -0.003173 0.250000 -0.137649
-2.028537 -1.014364 0.008004 0.250000 -0.207117
-2.036827 -0.000085 0.019730 0.250000 -0.179785
-2.028560 1.014181 0.008018 0.250000 -0.205569
-2.013257 2.013075 -0.003213 0.250000 -0.134881
-2.003819 3.005739 -0.002614 0.250000 -0.010093
-2.000509 4.001366 -0.000067 0.250000 0.033270
-0.999974 -4.999793 0.000464 0.250000 0.024565
-1.000703 -4.002668 -0.001047 0.250000 0.021351
-1.004064 -3.011953 -0.003768 0.250000 -0.076897
-1.014364 -2.028537 0.008004 0.250000 -0.207116
-1.028003 -1.028003 0.073291 0.250000 0.120130
-1.036330 -0.000097 0.114447 0.250000 0.374839
-1.028014 1.027797 0.073310 0.250000 0.122145
-1.014361 2.028352 0.007959 0.250000 -0.203917
-1.004023 3.011988 -0.003845 0.250000 -0.073022
-1.000680 4.003179 -0.000751 0.250000 0.027213
-0.000050 -4.999948 0.000428 0.250000 0.026469
-0.000062 -4.003511 -0.001379 0.250000 0.016391
-0.000072 -3.015265 -0.003778 0.250000 -0.105618
-0.000085 -2.036827 0.019730 0.250000 -0.179787
-0.000097 -1.036330 0.114447 0.250000 0.374839
-0.000101 -0.000101 0.177945 0.250000 0.803677
-0.000096 1.036118 0.114468 0.250000 0.377141
-0.000087 2.036642 0.019679 0.250000 -0.176307
-0.000079 3.015330 -0.003860 0.250000 -0.101604
-0.000063 4.004101 -0.001082 0.250000 0.022251
0.999872 -4.999827 0.000468 0.250000 0.025322
1.000569 -4.002705 -0.001044 0.250000 0.022381
1.003908 -3.011986 -0.003760 0.250000 -0.075614
1.014181 -2.028560 0.008018 0.250000 -0.205570
1.027797 -1.028014 0.073310 0.250000 0.122145
1.036118 -0.000096 0.114468 0.250000 0.377142
1.027812 1.027812 0.073328 0.250000 0.124220
1.014176 2.028379 0.007969 0.250000 -0.202290
1.003856 3.012024 -0.003842 0.250000 -0.071712
1.000551 4.003214 -0.000748 0.250000 0.028198
1.999707 -4.999567 0.000502 0.250000 0.020784
2.000403 -4.001075 -0.000395 0.250000 0.029343
2.003718 -3.005786 -0.002585 0.250000 -0.011299
2.013075 -2.013257 -0.003213 0.250000 -0.134882
2.028352 -1.014361 0.007959 0.250000 -0.203917
2.036642 -0.000087 0.019679 0.250000 -0.176307
2.028379 1.014176 0.007969 0.250000 -0.202290
2.013080 2.013080 -0.003262 0.250000 -0.132045
2.003651 3.005758 -0.002661 0.250000 -0.007809
2.000384 4.001392 -0.000090 0.250000 0.034980
2.999546 -4.999400 0.000506 0.250000 0.014056
2.999822 -3.999871 0.000074 0.250000 0.025780
3.001468 -3.001501 -0.000817 0.250000 0.027668
3.005739 -2.003819 -0.002614 0.250000 -0.010093
3.011988 -1.004023 -0.003845 0.250000 -0.073022
3.015330 -0.000079 -0.003860 0.250000 -0.101605
3.012024 1.003856 -0.003842 0.250000 -0.071712
3.005758 2.003651 -0.002661 0.250000 -0.007810
3.001414 3.001414 -0.000866 0.250000 0.030544
2.999811 3.999995 0.000409 0.250000 0.031060
3.999530 -4.999449 0.000723 0.250000 0.009388
3.999519 -3.999490 0.000528 0.250000 0.017429
4.000029 -2.999897 0.000399 0.250000 0.028737
4.001366 -2.000509 -0.000067 0.250000 0.033270
4.003179 -1.000680 -0.000751 0.250000 0.027213
4.004101 -0.000063 -0.001082 0.250000 0.022251
4.003214 1.000551 -0.000748 0.250000 0.028198
4.001392 2.000384 -0.000090 0.250000 0.034980
3.999995 2.999811 0.000409 0.250000 0.031060
3.999510 3.999510 0.000860 0.250000 0.021896
-4.999358 -4.999358 1.000466 0.250000 -0.001769
-4.999894 -4.999894 2.000708 0.250000 -0.003902
-4.999179 -3.999407 1.000395 0.250000 -0.003141
-5.000115 -4.000170 2.000840 0.250000 -0.005782
-4.999087 -2.999539 1.000677 0.250000 -0.000580
-5.000531 -3.000414 2.001314 0.250000 -0.004387
-4.999113 -1.999719 1.001082 0.250000 0.004834
-5.001068 -2.000499 2.001958 0.250000 -0.000070
-4.999231 -0.999900 1.001435 0.250000 0.010461
-5.001549 -1.000350 2.002525 0.250000 0.004901
-4.999309 -0.000039 1.001584 0.250000 0.013282
-5.001746 -0.000010 2.002759 0.250000 0.007668
-4.999248 0.999824 1.001449 0.250000 0.012052
-5.001540 1.000332 2.002536 0.250000 0.006922
-4.999118 1.999637 1.001080 0.250000 0.007797
-5.001038 2.000476 2.001966 0.250000 0.003739
-4.999053 2.999422 1.000680 0.250000 0.003352
-5.000480 3.000350 2.001346 0.250000 0.000713
-4.999168 3.999288 1.000641 0.250000 0.002308
-5.000093 4.000064 2.001028 0.250000 0.000181
-3.999407 -4.999179 1.000395 0.250000 -0.003141
-4.000170 -5.000115 2.000840 0.250000 -0.005782
-3.999312 -3.999312 1.000588 0.250000 -0.001274
-4.000641 -4.000641 2.001405 0.250000 -0.004945
-3.999472 -2.999655 1.001376 0.250000 0.008562
-4.001468 -3.001139 2.002626 0.250000 0.002801
-4.000055 -2.000095 1.002370 0.250000 0.021484
-4.002587 -2.001327 2.004213 0.250000 0.015189
-4.000940 -1.000298 1.003214 0.250000 0.030595
-4.003666 -1.000937 2.005631 0.250000 0.026493
-4.001415 -0.000047 1.003561 0.250000 0.034015
-4.004130 -0.000007 2.006216 0.250000 0.031768
-4.000958 1.000206 1.003224 0.250000 0.032869
-4.003652 1.000929 2.005631 0.250000 0.029309
-4.000054 1.999997 1.002336 0.250000 0.025738
-4.002543 2.001321 2.004184 0.250000 0.020486
-3.999412 2.999523 1.001295 0.250000 0.014074
-4.001387 3.001090 2.002583 0.250000 0.009808
-3.999276 3.999205 1.000785 0.250000 0.006024
-4.000578 4.000535 2.001529 0.250000 0.003066
-2.999539 -4.999087 1.000677 0.250000 -0.000580
-3.000414 -5.000531 2.001314 0.250000 -0.004387
-2.999655 -3.999472 1.001376 0.250000 0.008562
-3.001139 -4.001468 2.002626 0.250000 0.002801
-3.000517 -3.000517 1.002949 0.250000 0.026259
-3.002489 -3.002489 2.005114 0.250000 0.020408
-3.002935 -2.002023 1.004957 0.250000 0.034690
-3.004565 -2.003055 2.008447 0.250000 0.040902
-3.006707 -1.002346 1.007118 0.250000 0.027425
-3.006864 -1.002299 2.011672 0.250000 0.055372
-3.008782 -0.000050 1.008266 0.250000 0.022693
-3.007947 0.000001 2.013095 0.250000 0.061354
-3.006720 1.002250 1.007127 0.250000 0.030384
-3.006847 1.002314 2.011660 0.250000 0.058974
-3.002923 2.001933 1.004896 0.250000 0.040253
-3.004511 2.003087 2.008374 0.250000 0.047640
-3.000435 3.000424 1.002781 0.250000 0.033338
-3.002389 3.002491 2.004975 0.250000 0.029154
-2.999601 3.999465 1.001469 0.250000 0.017306
-3.001049 4.001412 2.002636 0.250000 0.012447
-1.999719 -4.999113 1.001082 0.250000 0.004834
-2.000499 -5.001068 2.001958 0.250000 -0.000069
-2.000095 -4.000055 1.002370 0.250000 0.021484
-2.001327 -4.002587 2.004213 0.250000 0.015189
-2.002023 -3.002935 1.004957 0.250000 0.034690
-2.003055 -3.004565 2.008447 0.250000 0.040902
-2.007909 -2.007909 1.009678 0.250000 0.009943
-2.006210 -2.006210 2.014743 0.250000 0.061948
-2.017961 -1.009140 1.018810 0.250000 -0.016221
-2.010329 -1.005172 2.021967 0.250000 0.074035
-2.023802 -0.000054 1.025045 0.250000 -0.013786
-2.012463 0.000010 2.025582 0.250000 0.080837
-2.017968 1.009040 1.018816 0.250000 -0.012674
-2.010311 1.005212 2.021940 0.250000 0.078280
-2.007889 2.007835 1.009586 0.250000 0.016527
-2.006156 2.006288 2.014622 0.250000 0.069798
-2.001938 3.002910 1.004699 0.250000 0.042814
-2.002957 3.004636 2.008205 0.250000 0.050820
-2.000041 4.000208 1.002354 0.250000 0.030962
-2.001237 4.002609 2.004092 0.250000 0.025696
-0.999900 -4.999231 1.001435 0.250000 0.010461
-1.000350 -5.001549 2.002525 0.250000 0.004901
-1.000298 -4.000940 1.003214 0.250000 0.030596
-1.000937 -4.003666 2.005631 0.250000 0.026493
-1.002346 -3.006707 1.007118 0.250000 0.027425
-1.002299 -3.006864 2.011672 0.250000 0.055372
-1.009140 -2.017961 1.018810 0.250000 -0.016222
-1.005172 -2.010329 2.021967 0.250000 0.074034
-1.021400 -1.021400 1.048420 0.250000 0.049294
-1.009401 -1.009401 2.036022 0.250000 0.096515
-1.028284 -0.000056 1.069891 0.250000 0.153291
-1.011743 0.000019 2.043824 0.250000 0.117414
-1.021402 1.021300 1.048421 0.250000 0.053331
-1.009389 1.009464 2.035983 0.250000 0.101187
-1.009124 2.017905 1.018688 0.250000 -0.008969
-1.005137 2.010447 2.021805 0.250000 0.082549
-1.002292 3.006750 1.006783 0.250000 0.036000
-1.002237 3.006995 2.011344 0.250000 0.065830
-1.000264 4.001245 1.003107 0.250000 0.040114
-1.000878 4.003760 2.005399 0.250000 0.037154
-0.000039 -4.999309 1.001584 0.250000 0.013282
-0.000010 -5.001746 2.002759 0.250000 0.007668
-0.000047 -4.001415 1.003561 0.250000 0.034015
-0.000007 -4.004130 2.006216 0.250000 0.031769
-0.000050 -3.008782 1.008266 0.250000 0.022692
0.000001 -3.007947 2.013095 0.250000 0.061353
-0.000054 -2.023802 1.025045 0.250000 -0.013787
0.000010 -2.012463 2.025582 0.250000 0.080836
-0.000056 -1.028284 1.069891 0.250000 0.153292
0.000019 -1.011743 2.043824 0.250000 0.117414
-0.000056 -0.000056 1.101349 0.250000 0.333485
0.000023 0.000023 2.054334 0.250000 0.152946
-0.000055 1.028187 1.069889 0.250000 0.157554
0.000020 1.011816 2.043778 0.250000 0.122224
-0.000054 2.023756 1.024908 0.250000 -0.006288
0.000012 2.012597 2.025402 0.250000 0.089537
-0.000053 3.008856 1.007898 0.250000 0.031342
0.000003 3.008103 2.012731 0.250000 0.071882
-0.000044 4.001782 1.003416 0.250000 0.043381
-0.000002 4.004254 2.005940 0.250000 0.042301
0.999824 -4.999248 1.001449 0.250000 0.012052
1.000332 -5.001540 2.002536 0.250000 0.006922
1.000206 -4.000958 1.003224 0.250000 0.032869
1.000929 -4.003652 2.005631 0.250000 0.029309
1.002250 -3.006720 1.007127 0.250000 0.030385
1.002314 -3.006847 2.011660 0.250000 0.058974
1.009040 -2.017968 1.018816 0.250000 -0.012674
1.005212 -2.010311 2.021940 0.250000 0.078279
1.021300 -1.021402 1.048421 0.250000 0.053330
1.009464 -1.009389 2.035983 0.250000 0.101187
1.028187 -0.000055 1.069889 0.250000 0.157553
1.011816 0.000020 2.043778 0.250000 0.122224
1.021305 1.021305 1.048420 0.250000 0.057372
1.009454 1.009454 2.035941 0.250000 0.105804
1.009024 2.017915 1.018689 0.250000 -0.005461
1.005181 2.010430 2.021774 0.250000 0.086658
1.002190 3.006765 1.006786 0.250000 0.038819
1.002255 3.006977 2.011328 0.250000 0.069191
1.000179 4.001258 1.003115 0.250000 0.042164
1.000880 4.003745 2.005399 0.250000 0.039658
1.999637 -4.999118 1.001080 0.250000 0.007797
2.000476 -5.001038 2.001966 0.250000 0.003739
1.999997 -4.000054 1.002336 0.250000 0.025738
2.001321 -4.002543 2.004184 0.250000 0.020486
2.001933 -3.002923 1.004896 0.250000 0.040254
2.003087 -3.004511 2.008374 0.250000 0.047640
2.007835 -2.007889 1.009586 0.250000 0.016527
2.006288 -2.006156 2.014622 0.250000 0.069798
2.017905 -1.009124 1.018688 0.250000 -0.008969
2.010447 -1.005137 2.021805 0.250000 0.082549
2.023756 -0.000054 1.024908 0.250000 -0.006288
2.012597 0.000012 2.025402 0.250000 0.089537
2.017915 1.009024 1.018689 0.250000 -0.005461
2.010430 1.005181 2.021774 0.250000 0.086658
2.007815 2.007815 1.009484 0.250000 0.022944
2.006236 2.006236 2.014494 0.250000 0.077330
2.001845 3.002895 1.004630 0.250000 0.048001
2.002991 3.004580 2.008129 0.250000 0.057028
1.999959 4.000198 1.002330 0.250000 0.034736
2.001241 4.002562 2.004070 0.250000 0.030336
2.999422 -4.999053 1.000680 0.250000 0.003352
3.000350 -5.000480 2.001346 0.250000 0.000713
2.999523 -3.999412 1.001295 0.250000 0.014074
3.001090 -4.001387 2.002583 0.250000 0.009807
3.000424 -3.000435 1.002781 0.250000 0.033338
3.002491 -3.002389 2.004975 0.250000 0.029154
3.002910 -2.001938 1.004699 0.250000 0.042814
3.004636 -2.002957 2.008205 0.250000 0.050821
3.006750 -1.002292 1.006783 0.250000 0.036001
3.006995 -1.002237 2.011344 0.250000 0.065830
3.008856 -0.000053 1.007898 0.250000 0.031341
3.008103 0.000003 2.012731 0.250000 0.071882
3.006765 1.002190 1.006786 0.250000 0.038818
3.006977 1.002255 2.011328 0.250000 0.069192
3.002895 2.001845 1.004630 0.250000 0.048001
3.004580 2.002991 2.008129 0.250000 0.057028
3.000338 3.000338 1.002621 0.250000 0.039792
3.002391 3.002391 2.004844 0.250000 0.037071
2.999495 3.999404 1.001429 0.250000 0.022164
3.001016 4.001333 2.002616 0.250000 0.018465
3.999288 -4.999168 1.000641 0.250000 0.002308
4.000064 -5.000093 2.001028 0.250000 0.000180
3.999205 -3.999276 1.000785 0.250000 0.006023
4.000535 -4.000578 2.001529 0.250000 0.003066
3.999465 -2.999601 1.001469 0.250000 0.017306
4.001412 -3.001049 2.002636 0.250000 0.012447
4.000208 -2.000041 1.002354 0.250000 0.030962
4.002609 -2.001237 2.004092 0.250000 0.025696
4.001245 -1.000264 1.003107 0.250000 0.040113
4.003760 -1.000878 2.005399 0.250000 0.037154
4.001782 -0.000044 1.003416 0.250000 0.043381
4.004254 -0.000002 2.005940 0.250000 0.042301
4.001258 1.000179 1.003115 0.250000 0.042164
4.003745 1.000880 2.005399 0.250000 0.039658
4.000198 1.999959 1.002330 0.250000 0.034736
4.002562 2.001241 2.004070 0.250000 0.030336
3.999404 2.999495 1.001429 0.250000 0.022165
4.001333 3.001016 2.002616 0.250000 0.018465
3.999201 3.999201 1.001016 0.250000 0.012425
4.000499 4.000499 2.001677 0.250000 0.009823
0.000000 0.000000 -1.000000 0.250000 0.000000
