-4.999930 -4.999930 0.000306 0.250000 0.011702
-5.000046 -3.999967 0.000029 0.250000 0.015743
-5.000389 -3.000100 -0.000081 0.250000 0.017902
-5.000914 -2.000230 -0.000177 0.250000 0.016118
-5.001446 -1.000212 -0.000278 0.250000 0.012158
-5.001678 -0.000017 -0.000328 0.250000 0.010267
-5.001435 1.000187 -0.000303 0.250000 0.012570
-5.000874 2.000234 -0.000232 0.250000 0.015932
-5.000328 3.000165 -0.000093 0.250000 0.015726
-5.000072 4.000139 0.000283 0.250000 0.011894
-3.999967 -5.000046 0.000029 0.250000 0.015743
-4.000249 -4.000249 -0.000384 0.250000 0.019529
-4.001063 -3.000711 -0.000642 0.250000 0.014823
-4.002488 -2.001147 -0.000920 0.250000 -0.003571
-4.004113 -1.000982 -0.001143 0.250000 -0.027828
-4.004875 -0.000039 -0.001224 0.250000 -0.039056
-4.004101 1.000917 -0.001184 0.250000 -0.026919
-4.002442 2.001130 -0.001018 0.250000 -0.003299
-4.000992 3.000807 -0.000712 0.250000 0.012025
-4.000293 4.000533 -0.000112 0.250000 0.013594
-3.000100 -5.000389 -0.000081 0.250000 0.017902
-3.000711 -4.001063 -0.000642 0.250000 0.014824
-3.002499 -3.002499 -0.001086 0.250000 -0.015565
-3.006111 -2.004047 -0.001177 0.250000 -0.082827
-3.010851 -1.003627 -0.000211 0.250000 -0.152868
-3.013278 -0.000044 0.000682 0.250000 -0.178671
-3.010838 1.003556 -0.000259 0.250000 -0.151577
-3.006060 2.004052 -0.001297 0.250000 -0.082207
-3.002421 3.002685 -0.001190 0.250000 -0.018948
-3.000759 4.001535 -0.000367 0.250000 0.006648
-2.000230 -5.000914 -0.000177 0.250000 0.016119
-2.001147 -4.002488 -0.000920 0.250000 -0.003571
-2.004047 -3.006111 -0.001177 0.250000 -0.082827
-2.010962 -2.010962 0.002248 0.250000 -0.202941
-2.021550 -1.010812 0.014857 0.250000 -0.207933
-2.027177 -0.000044 0.025107 0.250000 -0.135376
-2.021538 1.010750 0.014803 0.250000 -0.206366
-2.010915 2.011006 0.002114 0.250000 -0.202197
-2.003974 3.006415 -0.001295 0.250000 -0.086869
-2.001180 4.003185 -0.000624 0.250000 -0.013768
-1.000212 -5.001446 -0.000278 0.250000 0.012158
-1.000982 -4.004113 -0.001143 0.250000 -0.027828
-1.003627 -3.010851 -0.000211 0.250000 -0.152868
-1.010812 -2.021550 0.014857 0.250000 -0.207933
-1.020073 -1.020073 0.066999 0.250000 0.317209
-1.025700 -0.000041 0.098421 0.250000 0.686088
-1.020064 1.020021 0.066937 0.250000 0.319027
-1.010782 2.021628 0.014707 0.250000 -0.207228
-1.003580 3.011254 -0.000337 0.250000 -0.157562
-1.000989 4.004998 -0.000818 0.250000 -0.039627
-0.000017 -5.001678 -0.000328 0.250000 0.010267
-0.000039 -4.004875 -0.001224 0.250000 -0.039056
-0.000044 -3.013278 0.000682 0.250000 -0.178670
-0.000044 -2.027177 0.025107 0.250000 -0.135375
-0.000041 -1.025700 0.098421 0.250000 0.686088
-0.000039 -0.000039 0.145873 0.250000 1.280732
-0.000042 1.025653 0.098354 0.250000 0.687971
-0.000045 2.027269 0.024948 0.250000 -0.134802
-0.000041 3.013720 0.000554 0.250000 -0.183790
-0.000014 4.005831 -0.000884 0.250000 -0.051689
1.000187 -5.001435 -0.000303 0.250000 0.012570
1.000917 -4.004101 -0.001184 0.250000 -0.026919
1.003556 -3.010838 -0.000259 0.250000 -0.151577
1.010750 -2.021538 0.014803 0.250000 -0.206366
1.020021 -1.020064 0.066937 0.250000 0.319026
1.025653 -0.000042 0.098354 0.250000 0.687970
1.020011 1.020011 0.066874 0.250000 0.320719
1.010718 2.021614 0.014652 0.250000 -0.205948
1.003517 3.011238 -0.000384 0.250000 -0.156768
1.000974 4.004980 -0.000847 0.250000 -0.039380
2.000234 -5.000874 -0.000232 0.250000 0.015931
2.001130 -4.002442 -0.001018 0.250000 -0.003299
2.004052 -3.006060 -0.001297 0.250000 -0.082207
2.011006 -2.010915 0.002114 0.250000 -0.202197
2.021628 -1.010782 0.014707 0.250000 -0.207228
2.027269 -0.000045 0.024948 0.250000 -0.134801
2.021614 1.010718 0.014652 0.250000 -0.205948
2.010955 2.010955 0.001978 0.250000 -0.202065
2.003985 3.006358 -0.001408 0.250000 -0.087187
2.001210 4.003129 -0.000689 0.250000 -0.014534
3.000165 -5.000328 -0.000093 0.250000 0.015726
3.000807 -4.000992 -0.000712 0.250000 0.012025
3.002685 -3.002421 -0.001190 0.250000 -0.018949
3.006415 -2.003974 -0.001295 0.250000 -0.086870
3.011254 -1.003580 -0.000337 0.250000 -0.157562
3.013720 -0.000041 0.000554 0.250000 -0.183790
3.011238 1.003517 -0.000384 0.250000 -0.156767
3.006358 2.003985 -0.001408 0.250000 -0.087187
3.002608 3.002608 -0.001266 0.250000 -0.023426
3.000887 4.001458 -0.000377 0.250000 0.003075
4.000139 -5.000072 0.000283 0.250000 0.011895
4.000533 -4.000293 -0.000112 0.250000 0.013595
4.001535 -3.000759 -0.000367 0.250000 0.006648
4.003185 -2.001180 -0.000624 0.250000 -0.013768
4.004998 -1.000989 -0.000818 0.250000 -0.039628
4.005831 -0.000014 -0.000884 0.250000 -0.051689
4.004980 1.000974 -0.000847 0.250000 -0.039380
4.003129 2.001210 -0.000689 0.250000 -0.014534
4.001458 3.000887 -0.000377 0.250000 0.003075
4.000586 4.000586 0.000200 0.250000 0.007434
-4.999814 -4.999814 1.000370 0.250000 0.005250
-5.000256 -5.000256 2.000695 0.250000 0.001991
-4.999919 -3.999943 1.000276 0.250000 0.007542
-5.000604 -4.000521 2.000824 0.250000 0.003743
-5.000240 -3.000120 1.000459 0.250000 0.009870
-5.001170 -3.000721 2.001225 0.250000 0.006178
-5.000713 -2.000233 1.000734 0.250000 0.010891
-5.001850 -2.000719 2.001745 0.250000 0.008516
-5.001171 -1.000189 1.000972 0.250000 0.010991
-5.002431 -1.000436 2.002189 0.250000 0.010336
-5.001361 0.000016 1.001059 0.250000 0.011184
-5.002652 0.000068 2.002353 0.250000 0.011233
-5.001143 1.000226 1.000935 0.250000 0.011708
-5.002390 1.000570 2.002146 0.250000 0.010718
-5.000648 2.000275 1.000653 0.250000 0.011118
-5.001774 2.000838 2.001667 0.250000 0.008301
-5.000163 3.000154 1.000390 0.250000 0.007859
-5.001089 3.000797 2.001168 0.250000 0.004079
-4.999946 4.000016 1.000451 0.250000 0.003543
-5.000596 4.000565 2.000936 0.250000 -0.000240
-3.999943 -4.999919 1.000276 0.250000 0.007542
-4.000521 -5.000604 2.000824 0.250000 0.003743
-4.000218 -4.000218 1.000345 0.250000 0.012393
-4.001114 -4.001114 2.001289 0.250000 0.008652
-4.000939 -3.000671 1.000884 0.250000 0.016035
-4.002102 -3.001560 2.002270 0.250000 0.014888
-4.002127 -2.001010 1.001654 0.250000 0.015086
-4.003391 -2.001643 2.003550 0.250000 0.020617
-4.003439 -1.000822 1.002396 0.250000 0.011043
-4.004595 -1.001077 2.004708 0.250000 0.024747
-4.004041 0.000008 1.002707 0.250000 0.009224
-4.005094 0.000080 2.005171 0.250000 0.026578
-4.003411 1.000846 1.002333 0.250000 0.012273
-4.004551 1.001239 2.004634 0.250000 0.025370
-4.002057 2.001055 1.001505 0.250000 0.015688
-4.003304 2.001798 2.003402 0.250000 0.020368
-4.000846 3.000729 1.000708 0.250000 0.013074
-4.002002 3.001670 2.002112 0.250000 0.011699
-4.000244 4.000357 1.000466 0.250000 0.005877
-4.001084 4.001183 2.001327 0.250000 0.002391
-3.000120 -5.000240 1.000459 0.250000 0.009870
-3.000721 -5.001170 2.001225 0.250000 0.006178
-3.000671 -4.000939 1.000884 0.250000 0.016035
-3.001560 -4.002102 2.002270 0.250000 0.014888
-3.002147 -3.002147 1.002152 0.250000 0.015441
-3.003079 -3.003079 2.004301 0.250000 0.025080
-3.005007 -2.003322 1.004251 0.250000 0.001314
-3.005322 -2.003504 2.007169 0.250000 0.033902
-3.008683 -1.002894 1.006842 0.250000 -0.016267
-3.007687 -1.002488 2.010068 0.250000 0.040978
-3.010538 0.000013 1.008173 0.250000 -0.022015
-3.008755 0.000100 2.011341 0.250000 0.044582
-3.008656 1.002937 1.006757 0.250000 -0.014678
-3.007643 1.002695 2.009963 0.250000 0.041703
-3.004936 2.003407 1.004046 0.250000 0.002023
-3.005236 2.003716 2.006952 0.250000 0.033335
-3.002051 3.002287 1.001875 0.250000 0.011180
-3.002976 3.003255 2.004036 0.250000 0.020344
-3.000693 4.001213 1.000920 0.250000 0.006394
-3.001519 4.002234 2.002206 0.250000 0.005706
-2.000233 -5.000713 1.000734 0.250000 0.010891
-2.000719 -5.001850 2.001745 0.250000 0.008516
-2.001010 -4.002127 1.001654 0.250000 0.015086
-2.001643 -4.003391 2.003550 0.250000 0.020618
-2.003322 -3.005007 1.004251 0.250000 0.001313
-2.003504 -3.005322 2.007169 0.250000 0.033901
-2.008655 -2.008655 1.009964 0.250000 -0.029844
-2.006666 -2.006666 2.012961 0.250000 0.048077
-2.016625 -1.008351 1.019579 0.250000 -0.023638
-2.010473 -1.005180 2.019735 0.250000 0.069593
-2.021017 0.000022 1.025429 0.250000 0.002869
-2.012346 0.000120 2.023046 0.250000 0.084153
-2.016602 1.008419 1.019476 0.250000 -0.021864
-2.010438 1.005434 2.019604 0.250000 0.070279
-2.008594 2.008792 1.009710 0.250000 -0.029363
-2.006594 2.006940 2.012682 0.250000 0.046938
-2.003237 3.005247 1.003887 0.250000 -0.004602
-2.003416 3.005575 2.006805 0.250000 0.027312
-2.001024 4.002569 1.001618 0.250000 0.002154
-2.001604 4.003603 2.003388 0.250000 0.008254
-1.000189 -5.001171 1.000972 0.250000 0.010991
-1.000436 -5.002431 2.002189 0.250000 0.010336
-1.000822 -4.003439 1.002396 0.250000 0.011043
-1.001077 -4.004595 2.004708 0.250000 0.024747
-1.002894 -3.008683 1.006842 0.250000 -0.016267
-1.002488 -3.007687 2.010068 0.250000 0.040977
-1.008351 -2.016625 1.019579 0.250000 -0.023638
-1.005180 -2.010473 2.019735 0.250000 0.069594
-1.017302 -1.017302 1.045675 0.250000 0.151286
-1.008780 -1.008780 2.032574 0.250000 0.134106
-1.022182 0.000032 1.062919 0.250000 0.321661
-1.010667 0.000136 2.039377 0.250000 0.180500
-1.017288 1.017395 1.045556 0.250000 0.153120
-1.008760 1.009070 2.032423 0.250000 0.134670
-1.008314 2.016805 1.019287 0.250000 -0.023549
-1.005139 2.010794 2.019412 0.250000 0.067836
-1.002842 3.009007 1.006416 0.250000 -0.023749
-1.002436 3.007999 2.009633 0.250000 0.032735
-1.000821 4.004022 1.002314 0.250000 -0.004673
-1.001050 4.004873 2.004476 0.250000 0.009703
0.000016 -5.001361 1.001059 0.250000 0.011184
0.000068 -5.002652 2.002353 0.250000 0.011234
0.000007 -4.004041 1.002707 0.250000 0.009223
0.000080 -4.005094 2.005171 0.250000 0.026578
0.000013 -3.010538 1.008173 0.250000 -0.022015
0.000100 -3.008755 2.011341 0.250000 0.044583
0.000022 -2.021017 1.025429 0.250000 0.002869
0.000120 -2.012346 2.023046 0.250000 0.084153
0.000032 -1.022182 1.062919 0.250000 0.321661
0.000136 -1.010667 2.039377 0.250000 0.180500
0.000037 0.000037 1.087369 0.250000 0.592152
0.000142 0.000142 2.048295 0.250000 0.250565
0.000032 1.022285 1.062792 0.250000 0.323456
0.000135 1.010969 2.039219 0.250000 0.180948
0.000021 2.021212 1.025121 0.250000 0.002656
0.000119 2.012684 2.022707 0.250000 0.082026
0.000015 3.010894 1.007725 0.250000 -0.030321
0.000100 3.009088 2.010883 0.250000 0.035515
0.000025 4.004677 1.002612 0.250000 -0.007833
0.000087 4.005395 2.004916 0.250000 0.010280
1.000226 -5.001143 1.000935 0.250000 0.011709
1.000570 -5.002390 2.002146 0.250000 0.010719
1.000846 -4.003411 1.002333 0.250000 0.012273
1.001239 -4.004551 2.004634 0.250000 0.025370
1.002937 -3.008656 1.006757 0.250000 -0.014677
1.002695 -3.007643 2.009963 0.250000 0.041703
1.008419 -2.016602 1.019476 0.250000 -0.021865
1.005434 -2.010438 2.019604 0.250000 0.070279
1.017395 -1.017288 1.045556 0.250000 0.153120
1.009070 -1.008760 2.032423 0.250000 0.134670
1.022285 0.000032 1.062792 0.250000 0.323455
1.010969 0.000135 2.039219 0.250000 0.180949
1.017379 1.017379 1.045437 0.250000 0.154782
1.009047 1.009047 2.032274 0.250000 0.135055
1.008380 2.016778 1.019185 0.250000 -0.022141
1.005389 2.010755 2.019285 0.250000 0.068168
1.002888 3.008974 1.006336 0.250000 -0.022731
1.002643 3.007951 2.009539 0.250000 0.032954
1.000880 4.003986 1.002266 0.250000 -0.004169
1.001224 4.004824 2.004418 0.250000 0.009731
2.000275 -5.000648 1.000653 0.250000 0.011118
2.000838 -5.001774 2.001667 0.250000 0.008301
2.001055 -4.002057 1.001505 0.250000 0.015688
2.001798 -4.003304 2.003402 0.250000 0.020368
2.003407 -3.004936 1.004046 0.250000 0.002024
2.003716 -3.005236 2.006952 0.250000 0.033335
2.008792 -2.008594 1.009710 0.250000 -0.029364
2.006940 -2.006594 2.012682 0.250000 0.046938
2.016805 -1.008314 1.019287 0.250000 -0.023550
2.010794 -1.005139 2.019412 0.250000 0.067837
2.021212 0.000021 1.025121 0.250000 0.002657
2.012684 0.000119 2.022707 0.250000 0.082026
2.016778 1.008380 1.019185 0.250000 -0.022141
2.010755 1.005389 2.019285 0.250000 0.068167
2.008725 2.008725 1.009461 0.250000 -0.029615
2.006862 2.006862 2.012414 0.250000 0.045119
2.003321 3.005166 1.003698 0.250000 -0.004947
2.003624 3.005480 2.006612 0.250000 0.025841
2.001100 4.002487 1.001510 0.250000 0.001593
2.001768 4.003510 2.003278 0.250000 0.007044
3.000154 -5.000163 1.000390 0.250000 0.007859
3.000797 -5.001089 2.001168 0.250000 0.004079
3.000729 -4.000846 1.000708 0.250000 0.013074
3.001670 -4.002002 2.002112 0.250000 0.011699
3.002287 -3.002051 1.001875 0.250000 0.011179
3.003255 -3.002976 2.004036 0.250000 0.020344
3.005247 -2.003237 1.003887 0.250000 -0.004602
3.005575 -2.003416 2.006805 0.250000 0.027313
3.009007 -1.002842 1.006416 0.250000 -0.023750
3.007999 -1.002436 2.009633 0.250000 0.032736
3.010894 0.000015 1.007725 0.250000 -0.030323
3.009088 0.000100 2.010883 0.250000 0.035515
3.008974 1.002888 1.006336 0.250000 -0.022732
3.007951 1.002643 2.009538 0.250000 0.032953
3.005166 2.003321 1.003698 0.250000 -0.004947
3.005480 2.003624 2.006612 0.250000 0.025842
3.002184 3.002184 1.001639 0.250000 0.005677
3.003146 3.003146 2.003815 0.250000 0.014552
3.000779 4.001116 1.000819 0.250000 0.002482
3.001641 4.002135 2.002111 0.250000 0.001620
4.000016 -4.999946 1.000451 0.250000 0.003543
4.000565 -5.000596 2.000936 0.250000 -0.000240
4.000357 -4.000244 1.000466 0.250000 0.005878
4.001183 -4.001084 2.001327 0.250000 0.002391
4.001213 -3.000693 1.000920 0.250000 0.006394
4.002234 -3.001519 2.002206 0.250000 0.005706
4.002569 -2.001024 1.001618 0.250000 0.002154
4.003603 -2.001604 2.003388 0.250000 0.008254
4.004022 -1.000821 1.002314 0.250000 -0.004673
4.004873 -1.001050 2.004476 0.250000 0.009703
4.004677 0.000025 1.002612 0.250000 -0.007833
4.005395 0.000087 2.004916 0.250000 0.010280
4.003986 1.000880 1.002266 0.250000 -0.004169
4.004824 1.001224 2.004418 0.250000 0.009731
4.002487 2.001100 1.001510 0.250000 0.001594
4.003510 2.001768 2.003278 0.250000 0.007044
4.001116 3.000779 1.000819 0.250000 0.002482
4.002135 3.001641 2.002111 0.250000 0.001619
4.000404 4.000404 1.000657 0.250000 -0.001017
4.001174 4.001174 2.001431 0.250000 -0.004373
0.000000 0.000000 -1.000000 0.250000 0.000000
