-4.999760 -4.999760 0.000446 0.250000 0.010616
-4.999771 -3.999765 0.000221 0.250000 0.015003
-4.999971 -2.999887 0.000159 0.250000 0.020158
-5.000362 -2.000053 0.000075 0.250000 0.023232
-5.000811 -1.000120 -0.000044 0.250000 0.023783
-5.001023 -0.000038 -0.000103 0.250000 0.023854
-5.000818 1.000050 -0.000059 0.250000 0.024816
-5.000348 2.000004 0.000029 0.250000 0.024632
-4.999921 2.999885 0.000142 0.250000 0.021025
-4.999776 3.999857 0.000462 0.250000 0.015837
-3.999765 -4.999771 0.000221 0.250000 0.015003
-3.999927 -3.999927 -0.000128 0.250000 0.021393
-4.000605 -3.000400 -0.000390 0.250000 0.024259
-4.001967 -2.000932 -0.000825 0.250000 0.015660
-4.003636 -1.000899 -0.001291 0.250000 -0.001316
-4.004448 -0.000059 -0.001490 0.250000 -0.009985
-4.003644 1.000786 -0.001315 0.250000 0.000266
-4.001948 2.000849 -0.000904 0.250000 0.017844
-4.000541 3.000408 -0.000465 0.250000 0.025419
-3.999942 4.000110 0.000118 0.250000 0.021792
-2.999887 -4.999971 0.000159 0.250000 0.020158
-3.000400 -4.000605 -0.000390 0.250000 0.024259
-3.002178 -3.002178 -0.001114 0.250000 0.006920
-3.006093 -2.004062 -0.001951 0.250000 -0.050550
-3.011453 -1.003861 -0.001833 0.250000 -0.120805
-3.014248 -0.000068 -0.001268 0.250000 -0.149029
-3.011458 1.003735 -0.001859 0.250000 -0.118780
-3.006065 2.003985 -0.002046 0.250000 -0.047709
-3.002100 3.002259 -0.001224 0.250000 0.008302
-3.000416 4.000969 -0.000160 0.250000 0.023767
-2.000053 -5.000362 0.000075 0.250000 0.023232
-2.000932 -4.001967 -0.000825 0.250000 0.015660
-2.004062 -3.006093 -0.001951 0.250000 -0.050551
-2.011996 -2.011996 -0.000034 0.250000 -0.178845
-2.024451 -1.012290 0.012280 0.250000 -0.217610
-2.031127 -0.000073 0.023254 0.250000 -0.166595
-2.024452 1.012157 0.012253 0.250000 -0.215214
-2.011964 2.011940 -0.000139 0.250000 -0.175578
-2.003986 3.006278 -0.002079 0.250000 -0.049180
-2.000939 4.002562 -0.000591 0.250000 0.014090
-1.000120 -5.000811 -0.000044 0.250000 0.023783
-1.000899 -4.003636 -0.001291 0.250000 -0.001316
-1.003861 -3.011453 -0.001833 0.250000 -0.120804
-1.012290 -2.024451 0.012280 0.250000 -0.217610
-1.023280 -1.023280 0.070096 0.250000 0.215269
-1.029972 -0.000077 0.105599 0.250000 0.532867
-1.023278 1.023144 0.070065 0.250000 0.218109
-1.012268 2.024416 0.012161 0.250000 -0.214065
-1.003812 3.011731 -0.001972 0.250000 -0.119615
-1.000894 4.004431 -0.001045 0.250000 -0.003931
-0.000038 -5.001023 -0.000103 0.250000 0.023853
-0.000059 -4.004448 -0.001490 0.250000 -0.009985
-0.000068 -3.014248 -0.001268 0.250000 -0.149029
-0.000073 -2.031127 0.023254 0.250000 -0.166597
-0.000077 -1.029972 0.105599 0.250000 0.532866
-0.000077 -0.000077 0.159693 0.250000 1.054135
-0.000076 1.029837 0.105563 0.250000 0.535908
-0.000075 2.031102 0.023125 0.250000 -0.162959
-0.000068 3.014563 -0.001413 0.250000 -0.148021
-0.000042 4.005322 -0.001237 0.250000 -0.013183
1.000050 -5.000818 -0.000059 0.250000 0.024816
1.000786 -4.003644 -0.001315 0.250000 0.000266
1.003735 -3.011458 -0.001859 0.250000 -0.118779
1.012157 -2.024452 0.012253 0.250000 -0.215214
1.023144 -1.023278 0.070065 0.250000 0.218108
1.029837 -0.000076 0.105563 0.250000 0.535910
1.023143 1.023143 0.070031 0.250000 0.220910
1.012133 2.024417 0.012129 0.250000 -0.211791
1.003687 3.011734 -0.002003 0.250000 -0.117887
1.000818 4.004433 -0.001065 0.250000 -0.002828
2.000004 -5.000348 0.000029 0.250000 0.024632
2.000849 -4.001948 -0.000904 0.250000 0.017844
2.003985 -3.006065 -0.002046 0.250000 -0.047710
2.011940 -2.011964 -0.000139 0.250000 -0.175577
2.024416 -1.012268 0.012161 0.250000 -0.214065
2.031102 -0.000075 0.023125 0.250000 -0.162957
2.024417 1.012133 0.012129 0.250000 -0.211790
2.011906 2.011906 -0.000253 0.250000 -0.172645
2.003913 3.006245 -0.002177 0.250000 -0.046973
2.000897 4.002532 -0.000649 0.250000 0.015443
2.999885 -4.999921 0.000142 0.250000 0.021025
3.000408 -4.000541 -0.000465 0.250000 0.025418
3.002259 -3.002100 -0.001224 0.250000 0.008302
3.006278 -2.003986 -0.002079 0.250000 -0.049180
3.011731 -1.003812 -0.001972 0.250000 -0.119616
3.014563 -0.000068 -0.001413 0.250000 -0.148021
3.011734 1.003687 -0.002003 0.250000 -0.117887
3.006245 2.003913 -0.002177 0.250000 -0.046973
3.002182 3.002182 -0.001318 0.250000 0.008819
3.000459 4.000900 -0.000185 0.250000 0.024114
3.999857 -4.999776 0.000462 0.250000 0.015838
4.000110 -3.999942 0.000118 0.250000 0.021792
4.000969 -3.000416 -0.000160 0.250000 0.023768
4.002562 -2.000939 -0.000591 0.250000 0.014090
4.004431 -1.000894 -0.001045 0.250000 -0.003931
4.005322 -0.000042 -0.001237 0.250000 -0.013184
4.004433 1.000818 -0.001065 0.250000 -0.002829
4.002532 2.000897 -0.000649 0.250000 0.015443
4.000900 3.000459 -0.000185 0.250000 0.024114
4.000142 4.000142 0.000396 0.250000 0.021436
-4.999604 -4.999604 1.000436 0.250000 0.004862
-5.000106 -5.000106 2.000725 0.250000 0.002125
-4.999600 -3.999702 1.000366 0.250000 0.006244
-5.000409 -4.000373 2.000870 0.250000 0.002829
-4.999770 -2.999867 1.000584 0.250000 0.009603
-5.000922 -3.000588 2.001302 0.250000 0.005449
-5.000083 -2.000017 1.000891 0.250000 0.013416
-5.001551 -2.000620 2.001861 0.250000 0.009234
-5.000423 -1.000071 1.001151 0.250000 0.016527
-5.002096 -1.000393 2.002338 0.250000 0.012859
-5.000576 -0.000008 1.001251 0.250000 0.018235
-5.002308 0.000042 2.002522 0.250000 0.014890
-5.000411 1.000059 1.001130 0.250000 0.018194
-5.002063 1.000479 2.002310 0.250000 0.014508
-5.000039 2.000010 1.000830 0.250000 0.015913
-5.001483 2.000697 2.001800 0.250000 0.011782
-4.999698 2.999847 1.000520 0.250000 0.011591
-5.000839 3.000625 2.001251 0.250000 0.007737
-4.999604 3.999711 1.000531 0.250000 0.007744
-5.000382 4.000374 2.000972 0.250000 0.004362
-3.999702 -4.999600 1.000366 0.250000 0.006244
-4.000373 -5.000409 2.000870 0.250000 0.002829
-3.999836 -3.999836 1.000493 0.250000 0.010834
-4.000921 -4.000921 2.001388 0.250000 0.006697
-4.000360 -3.000260 1.001101 0.250000 0.018121
-4.001852 -3.001384 2.002453 0.250000 0.014198
-4.001349 -2.000658 1.001901 0.250000 0.023512
-4.003085 -2.001511 2.003822 0.250000 0.023024
-4.002535 -1.000631 1.002631 0.250000 0.024975
-4.004253 -1.001017 2.005050 0.250000 0.030193
-4.003106 -0.000018 1.002936 0.250000 0.025468
-4.004743 0.000052 2.005545 0.250000 0.033649
-4.002522 1.000603 1.002592 0.250000 0.027404
-4.004216 1.001126 2.004995 0.250000 0.032478
-4.001299 2.000647 1.001782 0.250000 0.027117
-4.003005 2.001621 2.003698 0.250000 0.026473
-4.000267 3.000253 1.000928 0.250000 0.020672
-4.001744 3.001454 2.002299 0.250000 0.017011
-3.999831 3.999899 1.000589 0.250000 0.012039
-4.000864 4.000943 2.001403 0.250000 0.008070
-2.999867 -4.999770 1.000584 0.250000 0.009603
-3.000588 -5.000922 2.001302 0.250000 0.005449
-3.000260 -4.000360 1.001101 0.250000 0.018121
-3.001384 -4.001852 2.002453 0.250000 0.014198
-3.001543 -3.001543 1.002413 0.250000 0.025308
-3.002851 -3.002851 2.004626 0.250000 0.027498
-3.004309 -2.002885 1.004390 0.250000 0.019033
-3.005060 -2.003344 2.007623 0.250000 0.040167
-3.008107 -1.002744 1.006780 0.250000 0.003526
-3.007440 -1.002431 2.010616 0.250000 0.048948
-3.010085 -0.000016 1.008039 0.250000 -0.002589
-3.008533 0.000068 2.011936 0.250000 0.053160
-3.008094 1.002726 1.006726 0.250000 0.006588
-3.007403 1.002581 2.010535 0.250000 0.051749
-3.004254 2.002905 1.004221 0.250000 0.023497
-3.004976 2.003510 2.007432 0.250000 0.044245
-3.001439 3.001609 1.002134 0.250000 0.028013
-3.002733 3.002988 2.004357 0.250000 0.030340
-3.000247 4.000557 1.001088 0.250000 0.018202
-3.001311 4.001940 2.002344 0.250000 0.014642
-2.000017 -5.000083 1.000891 0.250000 0.013415
-2.000620 -5.001551 2.001861 0.250000 0.009234
-2.000658 -4.001349 1.001901 0.250000 0.023512
-2.001511 -4.003085 2.003822 0.250000 0.023024
-2.002885 -3.004309 1.004390 0.250000 0.019033
-2.003344 -3.005060 2.007623 0.250000 0.040167
-2.008539 -2.008539 1.009706 0.250000 -0.014493
-2.006561 -2.006561 2.013577 0.250000 0.053935
-2.017421 -1.008793 1.019260 0.250000 -0.027221
-2.010561 -1.005244 2.020554 0.250000 0.068012
-2.022418 -0.000012 1.025344 0.250000 -0.012793
-2.012569 0.000086 2.024008 0.250000 0.078115
-2.017407 1.008791 1.019192 0.250000 -0.023698
-2.010529 1.005436 2.020449 0.250000 0.071143
-2.008487 2.008601 1.009490 0.250000 -0.009576
-2.006488 2.006788 2.013323 0.250000 0.058267
-2.002790 3.004474 1.004013 0.250000 0.021298
-2.003240 3.005279 2.007242 0.250000 0.042477
-2.000642 4.001726 1.001787 0.250000 0.021827
-2.001441 4.003261 2.003587 0.250000 0.021869
-1.000071 -5.000423 1.001151 0.250000 0.016527
-1.000393 -5.002096 2.002338 0.250000 0.012859
-1.000631 -4.002535 1.002631 0.250000 0.024975
-1.001017 -4.004253 2.005050 0.250000 0.030193
-1.002744 -3.008107 1.006780 0.250000 0.003525
-1.002431 -3.007440 2.010616 0.250000 0.048948
-1.008793 -2.017421 1.019260 0.250000 -0.027220
-1.005244 -2.010561 2.020554 0.250000 0.068011
-1.019095 -1.019095 1.047085 0.250000 0.093896
-1.009149 -1.009149 2.034007 0.250000 0.109650
-1.024780 -0.000006 1.066164 0.250000 0.233496
-1.011238 0.000100 2.041280 0.250000 0.143491
-1.019086 1.019110 1.047003 0.250000 0.097735
-1.009130 1.009374 2.033882 0.250000 0.112938
-1.008761 2.017520 1.019005 0.250000 -0.022163
-1.005201 2.010837 2.020252 0.250000 0.072314
-1.002685 3.008357 1.006327 0.250000 0.005061
-1.002369 3.007725 2.010150 0.250000 0.050495
-1.000615 4.003067 1.002443 0.250000 0.021457
-1.000971 4.004503 2.004719 0.250000 0.027366
-0.000008 -5.000576 1.001251 0.250000 0.018235
0.000042 -5.002308 2.002522 0.250000 0.014890
-0.000018 -4.003106 1.002936 0.250000 0.025468
0.000052 -4.004743 2.005545 0.250000 0.033649
-0.000016 -3.010085 1.008039 0.250000 -0.002589
0.000068 -3.008533 2.011936 0.250000 0.053160
-0.000012 -2.022418 1.025344 0.250000 -0.012792
0.000086 -2.012569 2.024008 0.250000 0.078115
-0.000006 -1.024780 1.066164 0.250000 0.233497
0.000100 -1.011238 2.041280 0.250000 0.143490
-0.000003 -0.000003 1.093582 0.250000 0.462918
0.000106 0.000106 2.050925 0.250000 0.196943
-0.000006 1.024803 1.066075 0.250000 0.237433
0.000100 1.011477 2.041148 0.250000 0.146780
-0.000013 2.022532 1.025072 0.250000 -0.007785
0.000086 2.012862 2.023688 0.250000 0.082281
-0.000016 3.010368 1.007556 0.250000 -0.001528
0.000070 3.008843 2.011438 0.250000 0.054211
-0.000004 4.003698 1.002720 0.250000 0.020973
0.000060 4.005021 2.005180 0.250000 0.029923
1.000059 -5.000411 1.001130 0.250000 0.018194
1.000479 -5.002063 2.002310 0.250000 0.014508
1.000603 -4.002522 1.002592 0.250000 0.027404
1.001126 -4.004216 2.004995 0.250000 0.032478
1.002726 -3.008094 1.006726 0.250000 0.006588
1.002581 -3.007403 2.010535 0.250000 0.051748
1.008791 -2.017407 1.019192 0.250000 -0.023699
1.005436 -2.010529 2.020449 0.250000 0.071142
1.019110 -1.019086 1.047003 0.250000 0.097735
1.009374 -1.009130 2.033882 0.250000 0.112938
1.024803 -0.000006 1.066075 0.250000 0.237434
1.011477 0.000100 2.041148 0.250000 0.146780
1.019100 1.019100 1.046920 0.250000 0.101469
1.009354 1.009354 2.033757 0.250000 0.116079
1.008757 2.017505 1.018934 0.250000 -0.018888
1.005392 2.010803 2.020147 0.250000 0.075138
1.002668 3.008340 1.006272 0.250000 0.007679
1.002520 3.007684 2.010073 0.250000 0.052816
1.000615 4.003047 1.002410 0.250000 0.023256
1.001094 4.004462 2.004673 0.250000 0.029046
2.000010 -5.000039 1.000830 0.250000 0.015913
2.000697 -5.001483 2.001800 0.250000 0.011783
2.000647 -4.001299 1.001782 0.250000 0.027117
2.001621 -4.003005 2.003698 0.250000 0.026473
2.002905 -3.004254 1.004221 0.250000 0.023497
2.003510 -3.004976 2.007432 0.250000 0.044245
2.008601 -2.008487 1.009490 0.250000 -0.009577
2.006788 -2.006488 2.013323 0.250000 0.058266
2.017520 -1.008761 1.019005 0.250000 -0.022164
2.010837 -1.005201 2.020252 0.250000 0.072315
2.022532 -0.000013 1.025072 0.250000 -0.007785
2.012862 0.000086 2.023688 0.250000 0.082281
2.017505 1.008757 1.018934 0.250000 -0.018888
2.010803 1.005392 2.020147 0.250000 0.075138
2.008546 2.008546 1.009270 0.250000 -0.005214
2.006712 2.006712 2.013072 0.250000 0.061965
2.002809 3.004410 1.003848 0.250000 0.024849
2.003405 3.005189 2.007063 0.250000 0.045621
2.000659 4.001663 1.001694 0.250000 0.024289
2.001563 4.003175 2.003488 0.250000 0.024205
2.999847 -4.999698 1.000520 0.250000 0.011591
3.000625 -5.000839 2.001251 0.250000 0.007737
3.000253 -4.000267 1.000928 0.250000 0.020672
3.001454 -4.001744 2.002299 0.250000 0.017010
3.001609 -3.001439 1.002134 0.250000 0.028013
3.002988 -3.002733 2.004357 0.250000 0.030340
3.004474 -2.002790 1.004013 0.250000 0.021299
3.005279 -2.003240 2.007242 0.250000 0.042477
3.008357 -1.002685 1.006327 0.250000 0.005062
3.007725 -1.002369 2.010150 0.250000 0.050495
3.010368 -0.000016 1.007556 0.250000 -0.001528
3.008843 0.000070 2.011438 0.250000 0.054211
3.008340 1.002668 1.006272 0.250000 0.007680
3.007684 1.002520 2.010073 0.250000 0.052816
3.004410 2.002809 1.003848 0.250000 0.024850
3.005189 2.003405 2.007063 0.250000 0.045621
3.001500 3.001500 1.001880 0.250000 0.029448
3.002868 3.002868 2.004117 0.250000 0.031905
3.000270 4.000461 1.000976 0.250000 0.019453
3.001395 4.001833 2.002238 0.250000 0.016073
3.999711 -4.999604 1.000531 0.250000 0.007744
4.000374 -5.000382 2.000972 0.250000 0.004362
3.999899 -3.999831 1.000589 0.250000 0.012039
4.000943 -4.000864 2.001403 0.250000 0.008070
4.000557 -3.000247 1.001088 0.250000 0.018201
4.001940 -3.001311 2.002344 0.250000 0.014641
4.001726 -2.000642 1.001787 0.250000 0.021827
4.003261 -2.001441 2.003587 0.250000 0.021868
4.003067 -1.000615 1.002443 0.250000 0.021457
4.004503 -1.000971 2.004719 0.250000 0.027366
4.003698 -0.000004 1.002720 0.250000 0.020973
4.005021 0.000060 2.005180 0.250000 0.029922
4.003047 1.000615 1.002410 0.250000 0.023256
4.004462 1.001094 2.004673 0.250000 0.029046
4.001663 2.000659 1.001694 0.250000 0.024289
4.003175 2.001563 2.003488 0.250000 0.024205
4.000461 3.000270 1.000976 0.250000 0.019454
4.001833 3.001395 2.002238 0.250000 0.016073
3.999920 3.999920 1.000744 0.250000 0.011976
4.000909 4.000909 2.001471 0.250000 0.008047
0.000000 0.000000 -1.000000 0.250000 0.000000
