-5.000594 -5.000594 0.001525 0.250000 -0.147117
-5.000868 -4.000654 0.001455 0.250000 -0.175955
-5.001277 -3.000681 0.001639 0.250000 -0.197170
-5.001752 -2.000597 0.001961 0.250000 -0.213197
-5.002156 -1.000339 0.002264 0.250000 -0.223950
-5.002315 0.000066 0.002406 0.250000 -0.228310
-5.002143 1.000475 0.002322 0.250000 -0.225817
-5.001731 2.000745 0.002096 0.250000 -0.216026
-5.001267 3.000850 0.001926 0.250000 -0.196738
-5.000913 4.000856 0.002007 0.250000 -0.163977
-4.000654 -5.000868 0.001455 0.250000 -0.175955
-4.001046 -4.001046 0.001438 0.250000 -0.215094
-4.001706 -3.001217 0.001879 0.250000 -0.243590
-4.002590 -2.001201 0.002643 0.250000 -0.262711
-4.003445 -1.000771 0.003430 0.250000 -0.271735
-4.003812 0.000070 0.003795 0.250000 -0.274448
-4.003430 1.000918 0.003490 0.250000 -0.274849
-4.002566 2.001371 0.002791 0.250000 -0.267853
-4.001696 3.001427 0.002220 0.250000 -0.245064
-4.001100 4.001311 0.002141 0.250000 -0.200789
-3.000681 -5.001277 0.001639 0.250000 -0.197170
-3.001217 -4.001706 0.001879 0.250000 -0.243590
-3.002250 -3.002250 0.002972 0.250000 -0.272020
-3.003905 -2.002550 0.004991 0.250000 -0.269981
-3.005813 -1.001866 0.007466 0.250000 -0.230591
-3.006735 0.000079 0.008733 0.250000 -0.202068
-3.005799 1.002035 0.007531 0.250000 -0.234467
-3.003882 2.002753 0.005155 0.250000 -0.276456
-3.002241 3.002513 0.003357 0.250000 -0.274368
-3.001271 4.002042 0.002691 0.250000 -0.227327
-2.000597 -5.001752 0.001961 0.250000 -0.213197
-2.001201 -4.002590 0.002643 0.250000 -0.262712
-2.002550 -3.003905 0.004991 0.250000 -0.269980
-2.005206 -2.005206 0.010245 0.250000 -0.154328
-2.008918 -1.004412 0.018779 0.250000 0.168456
-2.010822 0.000089 0.024107 0.250000 0.405923
-2.008907 1.004604 0.018848 0.250000 0.164079
-2.005187 2.005442 0.010422 0.250000 -0.161508
-2.002543 3.004220 0.005415 0.250000 -0.272304
-2.001243 4.002994 0.003538 0.250000 -0.243925
-1.000339 -5.002156 0.002264 0.250000 -0.223950
-1.000771 -4.003445 0.003430 0.250000 -0.271736
-1.001866 -3.005813 0.007466 0.250000 -0.230591
-1.004412 -2.008918 0.018778 0.250000 0.168456
-1.007520 -1.007520 0.042513 0.250000 1.327563
-1.009395 0.000096 0.055750 0.250000 2.008059
-1.007514 1.007729 0.042583 0.250000 1.322720
-1.004402 2.009179 0.018964 0.250000 0.160845
-1.001860 3.006166 0.007916 0.250000 -0.232501
-1.000790 4.003900 0.004384 0.250000 -0.250476
0.000066 -5.002315 0.002406 0.250000 -0.228310
0.000070 -4.003812 0.003795 0.250000 -0.274448
0.000079 -3.006735 0.008733 0.250000 -0.202068
0.000089 -2.010822 0.024107 0.250000 0.405922
0.000096 -1.009395 0.055750 0.250000 2.008060
0.000098 0.000098 0.074970 0.250000 3.022565
0.000095 1.009609 0.055820 0.250000 2.003075
0.000089 2.011092 0.024295 0.250000 0.398225
0.000081 3.007102 0.009192 0.250000 -0.203526
0.000078 4.004286 0.004772 0.250000 -0.251754
1.000475 -5.002143 0.002322 0.250000 -0.225817
1.000918 -4.003430 0.003490 0.250000 -0.274849
1.002035 -3.005799 0.007531 0.250000 -0.234466
1.004604 -2.008907 0.018848 0.250000 0.164079
1.007729 -1.007514 0.042583 0.250000 1.322721
1.009609 0.000095 0.055820 0.250000 2.003074
1.007721 1.007721 0.042653 0.250000 1.318108
1.004592 2.009166 0.019034 0.250000 0.156953
1.002032 3.006150 0.007982 0.250000 -0.235511
1.000951 4.003884 0.004448 0.250000 -0.252152
2.000745 -5.001731 0.002096 0.250000 -0.216026
2.001371 -4.002566 0.002791 0.250000 -0.267853
2.002753 -3.003882 0.005155 0.250000 -0.276455
2.005442 -2.005187 0.010422 0.250000 -0.161508
2.009179 -1.004402 0.018964 0.250000 0.160845
2.011092 0.000089 0.024295 0.250000 0.398224
2.009166 1.004592 0.019034 0.250000 0.156952
2.005421 2.005421 0.010600 0.250000 -0.167661
2.002745 3.004193 0.005580 0.250000 -0.276972
2.001421 4.002967 0.003690 0.250000 -0.246152
3.000850 -5.001267 0.001926 0.250000 -0.196738
3.001427 -4.001696 0.002220 0.250000 -0.245064
3.002513 -3.002241 0.003357 0.250000 -0.274368
3.004220 -2.002543 0.005415 0.250000 -0.272304
3.006166 -1.001860 0.007916 0.250000 -0.232501
3.007102 0.000081 0.009192 0.250000 -0.203526
3.006150 1.002032 0.007982 0.250000 -0.235510
3.004193 2.002745 0.005580 0.250000 -0.276972
3.002500 3.002500 0.003740 0.250000 -0.273797
3.001480 4.002025 0.003017 0.250000 -0.224932
4.000856 -5.000913 0.002007 0.250000 -0.163977
4.001311 -4.001100 0.002141 0.250000 -0.200789
4.002042 -3.001271 0.002691 0.250000 -0.227327
4.002994 -2.001243 0.003538 0.250000 -0.243925
4.003900 -1.000790 0.004384 0.250000 -0.250476
4.004286 0.000078 0.004772 0.250000 -0.251754
4.003884 1.000951 0.004448 0.250000 -0.252151
4.002967 2.001421 0.003690 0.250000 -0.246152
4.002025 3.001480 0.003017 0.250000 -0.224932
4.001353 4.001353 0.002773 0.250000 -0.183849
-5.000643 -5.000643 1.001752 0.250000 -0.142716
-5.000820 -5.000820 2.002094 0.250000 -0.131954
-5.000955 -4.000797 1.001808 0.250000 -0.165010
-5.001191 -4.001012 2.002307 0.250000 -0.146420
-5.001440 -3.000897 1.002130 0.250000 -0.177574
-5.001715 -3.001109 2.002739 0.250000 -0.151947
-5.002014 -2.000816 1.002584 0.250000 -0.184049
-5.002306 -2.000984 2.003278 0.250000 -0.151259
-5.002502 -1.000483 1.002991 0.250000 -0.186868
-5.002793 -1.000580 2.003741 0.250000 -0.148370
-5.002697 0.000042 1.003170 0.250000 -0.188241
-5.002986 0.000024 2.003942 0.250000 -0.147503
-5.002498 1.000565 1.003045 0.250000 -0.189194
-5.002800 1.000622 2.003802 0.250000 -0.150376
-5.002016 2.000888 1.002714 0.250000 -0.187715
-5.002330 2.001009 2.003420 0.250000 -0.154038
-5.001475 3.000960 1.002400 0.250000 -0.178717
-5.001778 3.001118 2.003009 0.250000 -0.152176
-5.001067 4.000889 1.002326 0.250000 -0.155282
-5.001318 4.001039 2.002762 0.250000 -0.138745
-4.000797 -5.000955 1.001808 0.250000 -0.165009
-4.001012 -5.001191 2.002307 0.250000 -0.146420
-4.001287 -4.001287 1.002019 0.250000 -0.190073
-4.001568 -4.001568 2.002753 0.250000 -0.158108
-4.002094 -3.001577 1.002719 0.250000 -0.199238
-4.002389 -3.001829 2.003611 0.250000 -0.154271
-4.003149 -2.001565 1.003737 0.250000 -0.196369
-4.003379 -2.001721 2.004722 0.250000 -0.138477
-4.004142 -1.001007 1.004712 0.250000 -0.187192
-4.004251 -1.001068 2.005721 0.250000 -0.120024
-4.004563 0.000044 1.005142 0.250000 -0.183070
-4.004609 0.000026 2.006147 0.250000 -0.112653
-4.004136 1.001094 1.004767 0.250000 -0.191029
-4.004255 1.001113 2.005784 0.250000 -0.123392
-4.003146 2.001645 1.003875 0.250000 -0.202926
-4.003397 2.001747 2.004876 0.250000 -0.143713
-4.002122 3.001649 1.003028 0.250000 -0.203497
-4.002441 3.001832 2.003920 0.250000 -0.157037
-4.001394 4.001402 1.002658 0.250000 -0.179969
-4.001681 4.001592 2.003298 0.250000 -0.150890
-3.000897 -5.001440 1.002130 0.250000 -0.177574
-3.001109 -5.001715 2.002739 0.250000 -0.151947
-3.001577 -4.002094 1.002719 0.250000 -0.199238
-3.001829 -4.002389 2.003611 0.250000 -0.154271
-3.002811 -3.002811 1.004216 0.250000 -0.192311
-3.002969 -3.002969 2.005244 0.250000 -0.128239
-3.004665 -2.003096 1.006562 0.250000 -0.152445
-3.004480 -2.002993 2.007487 0.250000 -0.074653
-3.006670 -1.002192 1.009095 0.250000 -0.090652
-3.005938 -1.001969 2.009657 0.250000 -0.013027
-3.007601 0.000051 1.010286 0.250000 -0.058534
-3.006570 0.000031 2.010612 0.250000 0.014480
-3.006664 1.002293 1.009151 0.250000 -0.095608
-3.005940 1.002024 2.009722 0.250000 -0.017548
-3.004661 2.003194 1.006708 0.250000 -0.161147
-3.004492 2.003027 2.007649 0.250000 -0.082001
-3.002832 3.002907 1.004555 0.250000 -0.198960
-3.003009 3.002978 2.005580 0.250000 -0.133329
-3.001669 4.002245 1.003442 0.250000 -0.189308
-3.001919 4.002420 2.004221 0.250000 -0.147920
-2.000816 -5.002014 1.002584 0.250000 -0.184049
-2.000984 -5.002306 2.003278 0.250000 -0.151259
-2.001565 -4.003149 1.003737 0.250000 -0.196369
-2.001721 -4.003379 2.004722 0.250000 -0.138477
-2.003096 -3.004665 1.006562 0.250000 -0.152445
-2.002993 -3.004480 2.007487 0.250000 -0.074653
-2.005806 -2.005806 1.011628 0.250000 -0.011403
-2.004868 -2.004868 2.011618 0.250000 0.052497
-2.009255 -1.004603 1.018138 0.250000 0.227100
-2.006878 -1.003425 2.016020 0.250000 0.210469
-2.011026 0.000059 1.021563 0.250000 0.366194
-2.007810 0.000037 2.018069 0.250000 0.287448
-2.009249 1.004721 1.018195 0.250000 0.221342
-2.006879 1.003491 2.016086 0.250000 0.205086
-2.005801 2.005926 1.011780 0.250000 -0.021586
-2.004875 2.004913 2.011786 0.250000 0.043573
-2.003109 3.004790 1.006924 0.250000 -0.160624
-2.003019 3.004499 2.007842 0.250000 -0.081474
-2.001632 4.003340 1.004522 0.250000 -0.186032
-2.001784 4.003423 2.005378 0.250000 -0.132704
-1.000483 -5.002502 1.002991 0.250000 -0.186868
-1.000580 -5.002793 2.003741 0.250000 -0.148370
-1.001007 -4.004142 1.004712 0.250000 -0.187193
-1.001068 -4.004251 2.005721 0.250000 -0.120023
-1.002192 -3.006670 1.009095 0.250000 -0.090651
-1.001969 -3.005938 2.009657 0.250000 -0.013027
-1.004603 -2.009255 1.018138 0.250000 0.227100
-1.003425 -2.006878 2.016020 0.250000 0.210469
-1.008059 -1.008059 1.031864 0.250000 0.835581
-1.005131 -1.005131 2.023429 0.250000 0.512175
-1.009852 0.000064 1.039823 0.250000 1.219185
-1.005969 0.000041 2.027076 0.250000 0.669136
-1.008056 1.008190 1.031922 0.250000 0.829287
-1.005131 1.005206 2.023496 0.250000 0.506274
-1.004600 2.009391 1.018294 0.250000 0.216048
-1.003427 2.006932 2.016191 0.250000 0.200633
-1.002198 3.006817 1.009472 0.250000 -0.099554
-1.001982 3.005966 2.010024 0.250000 -0.020777
-1.001040 4.004365 1.005539 0.250000 -0.176005
-1.001099 4.004306 2.006405 0.250000 -0.114314
0.000042 -5.002697 1.003170 0.250000 -0.188241
0.000024 -5.002986 2.003942 0.250000 -0.147503
0.000044 -4.004563 1.005142 0.250000 -0.183071
0.000026 -4.004609 2.006147 0.250000 -0.112652
0.000051 -3.007601 1.010286 0.250000 -0.058534
0.000031 -3.006570 2.010612 0.250000 0.014480
0.000059 -2.011026 1.021563 0.250000 0.366194
0.000037 -2.007810 2.018069 0.250000 0.287448
0.000064 -1.009852 1.039823 0.250000 1.219186
0.000041 -1.005969 2.027076 0.250000 0.669135
0.000066 0.000066 1.050487 0.250000 1.753859
0.000042 0.000042 2.031616 0.250000 0.872761
0.000064 1.009987 1.039881 0.250000 1.212759
0.000041 1.006046 2.027143 0.250000 0.663151
0.000059 2.011167 1.021721 0.250000 0.355009
0.000037 2.007867 2.018242 0.250000 0.277504
0.000053 3.007756 1.010669 0.250000 -0.067354
0.000033 3.006601 2.010984 0.250000 0.006740
0.000051 4.004798 1.005985 0.250000 -0.171031
0.000030 4.004668 2.006842 0.250000 -0.106497
1.000565 -5.002498 1.003045 0.250000 -0.189194
1.000622 -5.002800 2.003802 0.250000 -0.150376
1.001094 -4.004136 1.004767 0.250000 -0.191028
1.001113 -4.004255 2.005784 0.250000 -0.123392
1.002293 -3.006664 1.009151 0.250000 -0.095608
1.002024 -3.005940 2.009722 0.250000 -0.017548
1.004721 -2.009249 1.018195 0.250000 0.221342
1.003491 -2.006879 2.016086 0.250000 0.205086
1.008190 -1.008056 1.031922 0.250000 0.829287
1.005206 -1.005131 2.023496 0.250000 0.506275
1.009987 0.000064 1.039881 0.250000 1.212759
1.006046 0.000041 2.027143 0.250000 0.663150
1.008186 1.008186 1.031981 0.250000 0.823282
1.005206 1.005206 2.023563 0.250000 0.500698
1.004717 2.009384 1.018353 0.250000 0.210896
1.003494 2.006932 2.016259 0.250000 0.195915
1.002302 3.006810 1.009531 0.250000 -0.103493
1.002040 3.005967 2.010091 0.250000 -0.024261
1.001140 4.004358 1.005598 0.250000 -0.178297
1.001153 4.004310 2.006470 0.250000 -0.116302
2.000888 -5.002016 1.002714 0.250000 -0.187716
2.001009 -5.002330 2.003420 0.250000 -0.154038
2.001645 -4.003146 1.003875 0.250000 -0.202926
2.001747 -4.003397 2.004876 0.250000 -0.143713
2.003194 -3.004661 1.006708 0.250000 -0.161146
2.003027 -3.004492 2.007649 0.250000 -0.082001
2.005926 -2.005801 1.011780 0.250000 -0.021586
2.004913 -2.004875 2.011786 0.250000 0.043573
2.009391 -1.004600 1.018294 0.250000 0.216048
2.006932 -1.003427 2.016191 0.250000 0.200633
2.011167 0.000059 1.021721 0.250000 0.355010
2.007867 0.000037 2.018242 0.250000 0.277504
2.009384 1.004718 1.018353 0.250000 0.210896
2.006932 1.003494 2.016259 0.250000 0.195915
2.005920 2.005920 1.011935 0.250000 -0.030494
2.004920 2.004920 2.011956 0.250000 0.036008
2.003210 3.004784 1.007073 0.250000 -0.167210
2.003057 3.004512 2.008006 0.250000 -0.086744
2.001724 4.003338 1.004665 0.250000 -0.189454
2.001821 4.003443 2.005532 0.250000 -0.135250
3.000960 -5.001475 1.002400 0.250000 -0.178717
3.001118 -5.001778 2.003009 0.250000 -0.152175
3.001649 -4.002122 1.003028 0.250000 -0.203497
3.001832 -4.002441 2.003920 0.250000 -0.157037
3.002907 -3.002832 1.004555 0.250000 -0.198960
3.002978 -3.003009 2.005580 0.250000 -0.133328
3.004790 -2.003109 1.006924 0.250000 -0.160624
3.004499 -2.003019 2.007842 0.250000 -0.081473
3.006817 -1.002198 1.009472 0.250000 -0.099555
3.005966 -1.001982 2.010024 0.250000 -0.020777
3.007756 0.000053 1.010669 0.250000 -0.067353
3.006601 0.000033 2.010984 0.250000 0.006741
3.006810 1.002302 1.009531 0.250000 -0.103493
3.005967 1.002040 2.010091 0.250000 -0.024262
3.004784 2.003210 1.007073 0.250000 -0.167210
3.004512 2.003057 2.008006 0.250000 -0.086743
3.002931 3.002931 1.004895 0.250000 -0.202291
3.003024 3.003024 2.005914 0.250000 -0.135391
3.001754 4.002277 1.003743 0.250000 -0.189229
3.001938 4.002480 2.004519 0.250000 -0.147113
4.000889 -5.001067 1.002326 0.250000 -0.155282
4.001039 -5.001318 2.002762 0.250000 -0.138745
4.001402 -4.001394 1.002658 0.250000 -0.179969
4.001592 -4.001681 2.003298 0.250000 -0.150891
4.002245 -3.001669 1.003442 0.250000 -0.189308
4.002420 -3.001919 2.004221 0.250000 -0.147920
4.003340 -2.001632 1.004522 0.250000 -0.186032
4.003423 -2.001784 2.005378 0.250000 -0.132703
4.004365 -1.001040 1.005539 0.250000 -0.176006
4.004306 -1.001099 2.006405 0.250000 -0.114313
4.004798 0.000051 1.005985 0.250000 -0.171031
4.004668 0.000030 2.006842 0.250000 -0.106497
4.004358 1.001140 1.005598 0.250000 -0.178297
4.004310 1.001153 2.006470 0.250000 -0.116302
4.003338 2.001724 1.004665 0.250000 -0.189454
4.003443 2.001821 2.005532 0.250000 -0.135250
4.002277 3.001754 1.003743 0.250000 -0.189229
4.002480 3.001938 2.004519 0.250000 -0.147113
4.001517 4.001517 1.003244 0.250000 -0.166308
4.001721 4.001721 2.003805 0.250000 -0.140358
0.000000 0.000000 -1.000000 0.250000 0.000000
