-5.000297 -5.000297 0.000238 0.250000 -0.014997
-5.000549 -4.000363 -0.000074 0.250000 -0.017271
-5.001031 -3.000468 -0.000155 0.250000 -0.024193
-5.001656 -2.000498 -0.000136 0.250000 -0.036195
-5.002224 -1.000329 -0.000095 0.250000 -0.048433
-5.002453 0.000033 -0.000078 0.250000 -0.054305
-5.002197 1.000404 -0.000106 0.250000 -0.051045
-5.001601 2.000602 -0.000141 0.250000 -0.042458
-5.000978 3.000630 -0.000060 0.250000 -0.034853
-5.000599 4.000617 0.000330 0.250000 -0.030108
-4.000363 -5.000549 -0.000074 0.250000 -0.017271
-4.000780 -4.000780 -0.000480 0.250000 -0.024507
-4.001671 -3.001148 -0.000531 0.250000 -0.043993
-4.003018 -2.001373 -0.000355 0.250000 -0.075891
-4.004421 -1.001011 -0.000064 0.250000 -0.107517
-4.005046 0.000019 0.000085 0.250000 -0.121533
-4.004392 1.001065 -0.000093 0.250000 -0.110577
-4.002957 2.001480 -0.000397 0.250000 -0.083717
-4.001615 3.001362 -0.000460 0.250000 -0.058206
-4.000853 4.001149 0.000006 0.250000 -0.042349
-3.000468 -5.001031 -0.000155 0.250000 -0.024193
-3.001148 -4.001671 -0.000531 0.250000 -0.043993
-3.002762 -3.002762 -0.000277 0.250000 -0.090387
-3.005662 -2.003714 0.000886 0.250000 -0.157657
-3.009234 -1.003030 0.003003 0.250000 -0.209122
-3.011012 0.000021 0.004286 0.250000 -0.223864
-3.009206 1.003096 0.002965 0.250000 -0.212503
-3.005602 2.003861 0.000826 0.250000 -0.166616
-3.002706 3.003069 -0.000212 0.250000 -0.107226
-3.001224 4.002199 0.000015 0.250000 -0.065807
-2.000498 -5.001656 -0.000136 0.250000 -0.036194
-2.001373 -4.003018 -0.000355 0.250000 -0.075891
-2.003714 -3.005662 0.000886 0.250000 -0.157657
-2.008810 -2.008810 0.006139 0.250000 -0.226981
-2.016298 -1.008135 0.018139 0.250000 -0.137155
-2.020216 0.000031 0.026691 0.250000 -0.013074
-2.016275 1.008227 0.018094 0.250000 -0.140826
-2.008759 2.009009 0.006071 0.250000 -0.236847
-2.003665 3.006077 0.000959 0.250000 -0.176334
-2.001429 4.003717 0.000257 0.250000 -0.100229
-1.000329 -5.002224 -0.000095 0.250000 -0.048433
-1.001011 -4.004421 -0.000064 0.250000 -0.107517
-1.003030 -3.009234 0.003003 0.250000 -0.209122
-1.008135 -2.016298 0.018139 0.250000 -0.137155
-1.014572 -1.014572 0.059197 0.250000 0.600088
-1.018470 0.000039 0.083125 0.250000 1.078206
-1.014559 1.014687 0.059144 0.250000 0.596094
-1.008105 2.016539 0.018062 0.250000 -0.147808
-1.002997 3.009735 0.003086 0.250000 -0.229016
-1.001030 4.005257 0.000606 0.250000 -0.133249
0.000033 -5.002453 -0.000078 0.250000 -0.054305
0.000019 -4.005046 0.000085 0.250000 -0.121533
0.000021 -3.011012 0.004286 0.250000 -0.223864
0.000031 -2.020216 0.026691 0.250000 -0.013075
0.000039 -1.018470 0.083125 0.250000 1.078205
0.000043 0.000043 0.118678 0.250000 1.824617
0.000039 1.018593 0.083067 0.250000 1.074018
0.000031 2.020473 0.026610 0.250000 -0.024170
0.000029 3.011545 0.004376 0.250000 -0.244280
0.000045 4.005933 0.000785 0.250000 -0.147756
1.000404 -5.002197 -0.000106 0.250000 -0.051045
1.001065 -4.004392 -0.000093 0.250000 -0.110576
1.003096 -3.009206 0.002965 0.250000 -0.212501
1.008227 -2.016275 0.018094 0.250000 -0.140826
1.014687 -1.014559 0.059144 0.250000 0.596095
1.018593 0.000039 0.083067 0.250000 1.074018
1.014672 1.014672 0.059092 0.250000 0.592004
1.008196 2.016514 0.018021 0.250000 -0.151665
1.003077 3.009704 0.003057 0.250000 -0.232588
1.001134 4.005224 0.000597 0.250000 -0.136319
2.000602 -5.001601 -0.000141 0.250000 -0.042458
2.001480 -4.002957 -0.000397 0.250000 -0.083717
2.003861 -3.005602 0.000826 0.250000 -0.166617
2.009009 -2.008759 0.006071 0.250000 -0.236848
2.016539 -1.008105 0.018062 0.250000 -0.147808
2.020473 0.000031 0.026610 0.250000 -0.024170
2.016514 1.008196 0.018021 0.250000 -0.151664
2.008956 2.008956 0.006011 0.250000 -0.247005
2.003820 3.006012 0.000919 0.250000 -0.185431
2.001577 4.003651 0.000258 0.250000 -0.107566
3.000630 -5.000978 -0.000060 0.250000 -0.034853
3.001362 -4.001615 -0.000460 0.250000 -0.058206
3.003069 -3.002706 -0.000212 0.250000 -0.107226
3.006077 -2.003665 0.000959 0.250000 -0.176335
3.009735 -1.002997 0.003086 0.250000 -0.229015
3.011545 0.000029 0.004376 0.250000 -0.244280
3.009704 1.003077 0.003057 0.250000 -0.232588
3.006012 2.003820 0.000919 0.250000 -0.185431
3.003013 3.003013 -0.000109 0.250000 -0.123528
3.001457 4.002136 0.000143 0.250000 -0.078142
4.000617 -5.000599 0.000330 0.250000 -0.030107
4.001149 -4.000853 0.000006 0.250000 -0.042349
4.002199 -3.001224 0.000015 0.250000 -0.065808
4.003717 -2.001429 0.000257 0.250000 -0.100229
4.005257 -1.001030 0.000606 0.250000 -0.133249
4.005933 0.000045 0.000785 0.250000 -0.147756
4.005224 1.001134 0.000597 0.250000 -0.136319
4.003651 2.001577 0.000258 0.250000 -0.107566
4.002136 3.001457 0.000143 0.250000 -0.078142
4.001218 4.001218 0.000511 0.250000 -0.056794
-5.000216 -5.000216 1.000418 0.250000 -0.020874
-5.000518 -5.000518 2.000800 0.250000 -0.023133
-5.000468 -4.000387 1.000299 0.250000 -0.021971
-5.000912 -4.000778 2.000904 0.250000 -0.023262
-5.000963 -3.000560 1.000475 0.250000 -0.024772
-5.001524 -3.000955 2.001278 0.250000 -0.023467
-5.001601 -2.000589 1.000784 0.250000 -0.030216
-5.002241 -2.000898 2.001784 0.250000 -0.024568
-5.002172 -1.000376 1.001069 0.250000 -0.035919
-5.002843 -1.000529 2.002224 0.250000 -0.026116
-5.002397 0.000048 1.001181 0.250000 -0.039067
-5.003072 0.000075 2.002394 0.250000 -0.027712
-5.002138 1.000473 1.001047 0.250000 -0.038856
-5.002811 1.000673 2.002205 0.250000 -0.029540
-5.001542 2.000684 1.000755 0.250000 -0.037210
-5.002191 2.001017 2.001769 0.250000 -0.032060
-5.000920 3.000644 1.000524 0.250000 -0.036668
-5.001496 3.001031 2.001340 0.250000 -0.035188
-5.000548 4.000513 1.000636 0.250000 -0.036019
-5.000974 4.000841 2.001175 0.250000 -0.036941
-4.000387 -5.000468 1.000299 0.250000 -0.021971
-4.000778 -5.000912 2.000904 0.250000 -0.023262
-4.000843 -4.000843 1.000311 0.250000 -0.022593
-4.001414 -4.001414 2.001289 0.250000 -0.020624
-4.001763 -3.001288 1.000851 0.250000 -0.027217
-4.002433 -3.001824 2.002183 0.250000 -0.017667
-4.003097 -2.001484 1.001718 0.250000 -0.036914
-4.003724 -2.001828 2.003396 0.250000 -0.015431
-4.004445 -1.001048 1.002593 0.250000 -0.046741
-4.004900 -1.001161 2.004510 0.250000 -0.013842
-4.005033 0.000045 1.002967 0.250000 -0.051613
-4.005381 0.000088 2.004961 0.250000 -0.014252
-4.004410 1.001144 1.002545 0.250000 -0.050397
-4.004865 1.001330 2.004464 0.250000 -0.018267
-4.003032 2.001589 1.001635 0.250000 -0.046096
-4.003667 2.001974 2.003331 0.250000 -0.025414
-4.001712 3.001399 1.000839 0.250000 -0.043754
-4.002392 3.001919 2.002193 0.250000 -0.033842
-4.000928 4.001028 1.000673 0.250000 -0.042864
-4.001461 4.001491 2.001558 0.250000 -0.039997
-3.000560 -5.000963 1.000475 0.250000 -0.024773
-3.000955 -5.001524 2.001278 0.250000 -0.023467
-3.001288 -4.001763 1.000851 0.250000 -0.027217
-3.001824 -4.002433 2.002183 0.250000 -0.017667
-3.002882 -3.002882 1.002219 0.250000 -0.037007
-3.003327 -3.003327 2.004058 0.250000 -0.009626
-3.005588 -2.003689 1.004610 0.250000 -0.051835
-3.005453 -2.003599 2.006772 0.250000 0.001434
-3.008776 -1.002882 1.007466 0.250000 -0.058813
-3.007610 -1.002464 2.009514 0.250000 0.015074
-3.010315 0.000055 1.008866 0.250000 -0.058797
-3.008563 0.000105 2.010713 0.250000 0.020914
-3.008744 1.003003 1.007397 0.250000 -0.063128
-3.007577 1.002671 2.009444 0.250000 0.009671
-3.005527 2.003835 1.004484 0.250000 -0.062984
-3.005399 2.003787 2.006660 0.250000 -0.010966
-3.002831 3.003059 1.002154 0.250000 -0.057700
-3.003284 3.003466 2.004012 0.250000 -0.030129
-3.001367 4.002049 1.001209 0.250000 -0.053236
-3.001858 4.002550 2.002428 0.250000 -0.042624
-2.000589 -5.001601 1.000784 0.250000 -0.030216
-2.000898 -5.002241 2.001784 0.250000 -0.024568
-2.001484 -4.003097 1.001718 0.250000 -0.036914
-2.001828 -4.003724 2.003396 0.250000 -0.015430
-2.003689 -3.005588 1.004610 0.250000 -0.051835
-2.003599 -3.005453 2.006772 0.250000 0.001433
-2.008151 -2.008151 1.010682 0.250000 -0.050079
-2.006433 -2.006433 2.012190 0.250000 0.035574
-2.014330 -1.007150 1.019742 0.250000 0.017795
-2.009670 -1.004775 2.018359 0.250000 0.089006
-2.017623 0.000068 1.024877 0.250000 0.076274
-2.011216 0.000124 2.021303 0.250000 0.118364
-2.014304 1.007302 1.019657 0.250000 0.012866
-2.009644 1.005022 2.018269 0.250000 0.082734
-2.008101 2.008346 1.010523 0.250000 -0.062967
-2.006389 2.006666 2.012040 0.250000 0.021054
-2.003646 3.005846 1.004505 0.250000 -0.076037
-2.003562 3.005643 2.006678 0.250000 -0.022822
-2.001544 4.003502 1.002079 0.250000 -0.067490
-2.001851 4.003892 2.003616 0.250000 -0.045139
-1.000376 -5.002172 1.001069 0.250000 -0.035919
-1.000529 -5.002843 2.002224 0.250000 -0.026116
-1.001048 -4.004445 1.002593 0.250000 -0.046741
-1.001161 -4.004900 2.004510 0.250000 -0.013842
-1.002882 -3.008776 1.007466 0.250000 -0.058813
-1.002464 -3.007610 2.009514 0.250000 0.015074
-1.007150 -2.014330 1.019742 0.250000 0.017796
-1.004775 -2.009670 2.018359 0.250000 0.089006
-1.013737 -1.013737 1.041666 0.250000 0.328318
-1.007686 -1.007686 2.029545 0.250000 0.220626
-1.017251 0.000080 1.055304 0.250000 0.568688
-1.009164 0.000137 2.035272 0.250000 0.299248
-1.013722 1.013916 1.041569 0.250000 0.322872
-1.007673 1.007961 2.029443 0.250000 0.213714
-1.007122 2.014563 1.019561 0.250000 0.003569
-1.004751 2.009936 2.018183 0.250000 0.072965
-1.002855 3.009095 1.007335 0.250000 -0.085534
-1.002443 3.007838 2.009388 0.250000 -0.011828
-1.001074 4.004945 1.002963 0.250000 -0.080367
-1.001171 4.005109 2.004716 0.250000 -0.046826
0.000048 -5.002397 1.001181 0.250000 -0.039067
0.000075 -5.003072 2.002394 0.250000 -0.027712
0.000045 -4.005033 1.002966 0.250000 -0.051613
0.000088 -4.005381 2.004961 0.250000 -0.014251
0.000055 -3.010315 1.008866 0.250000 -0.058797
0.000105 -3.008563 2.010713 0.250000 0.020913
0.000068 -2.017623 1.024877 0.250000 0.076275
0.000124 -2.011216 2.021303 0.250000 0.118364
0.000080 -1.017251 1.055304 0.250000 0.568688
0.000137 -1.009164 2.035272 0.250000 0.299248
0.000085 0.000085 1.074187 0.250000 0.929155
0.000141 0.000141 2.042621 0.250000 0.410038
0.000079 1.017440 1.055203 0.250000 0.562991
0.000135 1.009448 2.035166 0.250000 0.292084
0.000067 2.017870 1.024689 0.250000 0.061473
0.000121 2.011493 2.021121 0.250000 0.101747
0.000058 3.010657 1.008731 0.250000 -0.086504
0.000104 3.008803 2.010581 0.250000 -0.006947
0.000062 4.005568 1.003347 0.250000 -0.086348
0.000092 4.005605 2.005168 0.250000 -0.048373
1.000473 -5.002138 1.001047 0.250000 -0.038855
1.000673 -5.002811 2.002205 0.250000 -0.029540
1.001144 -4.004410 1.002544 0.250000 -0.050397
1.001330 -4.004865 2.004464 0.250000 -0.018267
1.003003 -3.008744 1.007397 0.250000 -0.063128
1.002671 -3.007577 2.009444 0.250000 0.009671
1.007302 -2.014304 1.019657 0.250000 0.012866
1.005022 -2.009644 2.018269 0.250000 0.082734
1.013916 -1.013722 1.041569 0.250000 0.322872
1.007961 -1.007673 2.029443 0.250000 0.213715
1.017440 0.000079 1.055203 0.250000 0.562990
1.009448 0.000135 2.035166 0.250000 0.292083
1.013899 1.013899 1.041475 0.250000 0.317346
1.007943 1.007943 2.029345 0.250000 0.206783
1.007270 2.014533 1.019483 0.250000 -0.001487
1.004992 2.009906 2.018103 0.250000 0.066691
1.002980 3.009058 1.007279 0.250000 -0.089942
1.002647 3.007800 2.009334 0.250000 -0.017133
1.001201 4.004905 1.002937 0.250000 -0.083934
1.001348 4.005072 2.004692 0.250000 -0.050983
2.000684 -5.001542 1.000755 0.250000 -0.037210
2.001017 -5.002191 2.001769 0.250000 -0.032061
2.001589 -4.003032 1.001635 0.250000 -0.046096
2.001974 -4.003667 2.003331 0.250000 -0.025414
2.003835 -3.005527 1.004484 0.250000 -0.062983
2.003787 -3.005399 2.006660 0.250000 -0.010967
2.008346 -2.008101 1.010523 0.250000 -0.062967
2.006666 -2.006389 2.012040 0.250000 0.021054
2.014563 -1.007122 1.019561 0.250000 0.003569
2.009936 -1.004751 2.018183 0.250000 0.072964
2.017870 0.000067 1.024689 0.250000 0.061472
2.011493 0.000121 2.021121 0.250000 0.101747
2.014533 1.007270 1.019483 0.250000 -0.001487
2.009906 1.004992 2.018103 0.250000 0.066692
2.008291 2.008291 1.010379 0.250000 -0.076005
2.006615 2.006615 2.011909 0.250000 0.006645
2.003792 3.005776 1.004408 0.250000 -0.087097
2.003746 3.005581 2.006598 0.250000 -0.034802
2.001675 4.003431 1.002045 0.250000 -0.075973
2.002004 4.003832 2.003595 0.250000 -0.054232
3.000644 -5.000920 1.000524 0.250000 -0.036668
3.001031 -5.001496 2.001340 0.250000 -0.035189
3.001399 -4.001712 1.000839 0.250000 -0.043753
3.001919 -4.002392 2.002193 0.250000 -0.033842
3.003059 -3.002831 1.002154 0.250000 -0.057700
3.003466 -3.003284 2.004012 0.250000 -0.030129
3.005846 -2.003646 1.004505 0.250000 -0.076037
3.005643 -2.003562 2.006678 0.250000 -0.022823
3.009095 -1.002855 1.007335 0.250000 -0.085533
3.007838 -1.002443 2.009388 0.250000 -0.011827
3.010657 0.000058 1.008731 0.250000 -0.086505
3.008803 0.000104 2.010581 0.250000 -0.006947
3.009058 1.002980 1.007279 0.250000 -0.089942
3.007800 1.002647 2.009334 0.250000 -0.017133
3.005776 2.003792 1.004408 0.250000 -0.087097
3.005581 2.003746 2.006598 0.250000 -0.034801
3.003005 3.003005 1.002139 0.250000 -0.077538
3.003420 3.003420 2.004014 0.250000 -0.049513
3.001499 4.001998 1.001268 0.250000 -0.067579
3.001966 4.002514 2.002496 0.250000 -0.056775
4.000513 -5.000548 1.000636 0.250000 -0.036019
4.000841 -5.000974 2.001175 0.250000 -0.036941
4.001028 -4.000928 1.000673 0.250000 -0.042864
4.001491 -4.001461 2.001558 0.250000 -0.039997
4.002049 -3.001367 1.001209 0.250000 -0.053236
4.002550 -3.001858 2.002428 0.250000 -0.042624
4.003502 -2.001544 1.002079 0.250000 -0.067489
4.003892 -2.001851 2.003616 0.250000 -0.045139
4.004945 -1.001074 1.002963 0.250000 -0.080368
4.005109 -1.001171 2.004716 0.250000 -0.046826
4.005568 0.000062 1.003347 0.250000 -0.086349
4.005605 0.000092 2.005168 0.250000 -0.048373
4.004905 1.001201 1.002937 0.250000 -0.083934
4.005072 1.001348 2.004692 0.250000 -0.050983
4.003431 2.001675 1.002045 0.250000 -0.075974
4.003832 2.002004 2.003595 0.250000 -0.054231
4.001998 3.001499 1.001268 0.250000 -0.067579
4.002514 3.001966 2.002496 0.250000 -0.056775
4.001126 4.001126 1.001081 0.250000 -0.059356
4.001558 4.001558 2.001874 0.250000 -0.056171
0.000000 0.000000 -1.000000 0.250000 0.000000
