-5.000592 -5.000592 0.001386 0.250000 -0.139050
-5.000871 -4.000653 0.001289 0.250000 -0.166047
-5.001292 -3.000684 0.001453 0.250000 -0.186901
-5.001785 -2.000604 0.001757 0.250000 -0.203669
-5.002205 -1.000344 0.002049 0.250000 -0.215508
-5.002370 0.000067 0.002185 0.250000 -0.220528
-5.002190 1.000483 0.002104 0.250000 -0.217968
-5.001761 2.000755 0.001888 0.250000 -0.207834
-5.001280 3.000859 0.001738 0.250000 -0.188894
-5.000917 4.000864 0.001850 0.250000 -0.157890
-4.000653 -5.000871 0.001289 0.250000 -0.166048
-4.001054 -4.001054 0.001235 0.250000 -0.203260
-4.001739 -3.001237 0.001647 0.250000 -0.232437
-4.002661 -2.001231 0.002388 0.250000 -0.254329
-4.003555 -1.000795 0.003163 0.250000 -0.266613
-4.003940 0.000070 0.003524 0.250000 -0.270977
-4.003539 1.000943 0.003219 0.250000 -0.270413
-4.002634 2.001404 0.002530 0.250000 -0.261068
-4.001727 3.001455 0.001983 0.250000 -0.236946
-4.001112 4.001332 0.001947 0.250000 -0.193920
-3.000684 -5.001292 0.001453 0.250000 -0.186900
-3.001237 -4.001739 0.001647 0.250000 -0.232437
-3.002315 -3.002315 0.002707 0.250000 -0.264448
-3.004053 -2.002646 0.004721 0.250000 -0.270139
-3.006062 -1.001948 0.007227 0.250000 -0.239416
-3.007035 0.000079 0.008518 0.250000 -0.215004
-3.006047 1.002117 0.007287 0.250000 -0.244059
-3.004027 2.002853 0.004876 0.250000 -0.278430
-3.002304 3.002589 0.003087 0.250000 -0.270301
-3.001295 4.002093 0.002469 0.250000 -0.221962
-2.000604 -5.001785 0.001757 0.250000 -0.203669
-2.001231 -4.002661 0.002388 0.250000 -0.254329
-2.002646 -3.004053 0.004721 0.250000 -0.270138
-2.005447 -2.005447 0.010074 0.250000 -0.170944
-2.009374 -1.004640 0.018912 0.250000 0.133192
-2.011390 0.000089 0.024469 0.250000 0.361745
-2.009362 1.004833 0.018976 0.250000 0.127978
-2.005426 2.005690 0.010242 0.250000 -0.180111
-2.002637 3.004382 0.005138 0.250000 -0.276306
-2.001275 4.003090 0.003296 0.250000 -0.241892
-1.000344 -5.002205 0.002049 0.250000 -0.215508
-1.000795 -4.003555 0.003163 0.250000 -0.266613
-1.001948 -3.006062 0.007227 0.250000 -0.239416
-1.004640 -2.009374 0.018912 0.250000 0.133192
-1.007933 -1.007933 0.043774 0.250000 1.261178
-1.009919 0.000097 0.057677 0.250000 1.927004
-1.007926 1.008144 0.043838 0.250000 1.255452
-1.004628 2.009643 0.019088 0.250000 0.123477
-1.001941 3.006433 0.007671 0.250000 -0.245385
-1.000815 4.004040 0.004132 0.250000 -0.252045
0.000067 -5.002370 0.002185 0.250000 -0.220528
0.000070 -4.003940 0.003524 0.250000 -0.270976
0.000079 -3.007035 0.008518 0.250000 -0.215004
0.000089 -2.011390 0.024469 0.250000 0.361745
0.000097 -1.009919 0.057677 0.250000 1.927005
0.000099 0.000099 0.077892 0.250000 2.922548
0.000096 1.010136 0.057741 0.250000 1.921115
0.000089 2.011668 0.024647 0.250000 0.351897
0.000081 3.007420 0.008972 0.250000 -0.220596
0.000079 4.004445 0.004517 0.250000 -0.255086
1.000483 -5.002190 0.002104 0.250000 -0.217968
1.000943 -4.003539 0.003219 0.250000 -0.270414
1.002117 -3.006047 0.007287 0.250000 -0.244059
1.004833 -2.009362 0.018976 0.250000 0.127979
1.008144 -1.007926 0.043838 0.250000 1.255452
1.010136 0.000096 0.057741 0.250000 1.921114
1.008136 1.008136 0.043903 0.250000 1.249954
1.004821 2.009629 0.019153 0.250000 0.118752
1.002114 3.006415 0.007733 0.250000 -0.249152
1.000979 4.004022 0.004194 0.250000 -0.254379
2.000755 -5.001761 0.001888 0.250000 -0.207834
2.001404 -4.002634 0.002530 0.250000 -0.261068
2.002853 -3.004027 0.004876 0.250000 -0.278430
2.005690 -2.005426 0.010242 0.250000 -0.180111
2.009643 -1.004628 0.019088 0.250000 0.123476
2.011668 0.000089 0.024647 0.250000 0.351897
2.009629 1.004821 0.019153 0.250000 0.118753
2.005667 2.005667 0.010412 0.250000 -0.188236
2.002844 3.004352 0.005297 0.250000 -0.282740
2.001458 4.003060 0.003445 0.250000 -0.245604
3.000859 -5.001280 0.001738 0.250000 -0.188894
3.001455 -4.001727 0.001983 0.250000 -0.236946
3.002589 -3.002304 0.003087 0.250000 -0.270300
3.004382 -2.002637 0.005138 0.250000 -0.276306
3.006433 -1.001941 0.007671 0.250000 -0.245385
3.007420 0.000081 0.008972 0.250000 -0.220596
3.006415 1.002114 0.007733 0.250000 -0.249151
3.004352 2.002844 0.005297 0.250000 -0.282740
3.002574 3.002574 0.003467 0.250000 -0.273076
3.001511 4.002074 0.002795 0.250000 -0.222260
4.000864 -5.000917 0.001850 0.250000 -0.157890
4.001332 -4.001112 0.001947 0.250000 -0.193920
4.002093 -3.001295 0.002469 0.250000 -0.221961
4.003090 -2.001275 0.003296 0.250000 -0.241892
4.004040 -1.000815 0.004132 0.250000 -0.252045
4.004445 0.000079 0.004517 0.250000 -0.255086
4.004022 1.000979 0.004194 0.250000 -0.254379
4.003060 2.001458 0.003445 0.250000 -0.245604
4.002074 3.001511 0.002795 0.250000 -0.222260
4.001378 4.001378 0.002592 0.250000 -0.181201
-5.000627 -5.000627 1.001617 0.250000 -0.135705
-5.000807 -5.000807 2.001968 0.250000 -0.126265
-5.000941 -4.000786 1.001652 0.250000 -0.156508
-5.001182 -4.001007 2.002167 0.250000 -0.139824
-5.001435 -3.000893 1.001961 0.250000 -0.168900
-5.001718 -3.001112 2.002593 0.250000 -0.145430
-5.002023 -2.000817 1.002408 0.250000 -0.176162
-5.002324 -2.000990 2.003133 0.250000 -0.145571
-5.002525 -1.000485 1.002811 0.250000 -0.180037
-5.002824 -1.000584 2.003598 0.250000 -0.143696
-5.002724 0.000044 1.002988 0.250000 -0.182053
-5.003022 0.000027 2.003798 0.250000 -0.143461
-5.002519 1.000570 1.002862 0.250000 -0.182979
-5.002829 1.000632 2.003656 0.250000 -0.146372
-5.002022 2.000893 1.002533 0.250000 -0.181213
-5.002344 2.001021 2.003270 0.250000 -0.149803
-5.001468 3.000958 1.002227 0.250000 -0.172494
-5.001778 3.001123 2.002861 0.250000 -0.148065
-5.001055 4.000882 1.002175 0.250000 -0.150524
-5.001310 4.001036 2.002626 0.250000 -0.135538
-4.000786 -5.000941 1.001652 0.250000 -0.156509
-4.001007 -5.001182 2.002167 0.250000 -0.139824
-4.001282 -4.001282 1.001839 0.250000 -0.180043
-4.001574 -4.001574 2.002603 0.250000 -0.150765
-4.002110 -3.001587 1.002529 0.250000 -0.189917
-4.002417 -3.001849 2.003464 0.250000 -0.147810
-4.003198 -2.001586 1.003548 0.250000 -0.189483
-4.003437 -2.001748 2.004588 0.250000 -0.134156
-4.004225 -1.001025 1.004529 0.250000 -0.183089
-4.004338 -1.001086 2.005603 0.250000 -0.118011
-4.004662 0.000046 1.004961 0.250000 -0.180391
-4.004707 0.000030 2.006035 0.250000 -0.111852
-4.004218 1.001116 1.004579 0.250000 -0.187647
-4.004340 1.001140 2.005661 0.250000 -0.122175
-4.003192 2.001670 1.003677 0.250000 -0.197711
-4.003451 2.001780 2.004735 0.250000 -0.141152
-4.002135 3.001664 1.002830 0.250000 -0.197248
-4.002466 3.001856 2.003766 0.250000 -0.153566
-4.001392 4.001404 1.002484 0.250000 -0.174782
-4.001687 4.001600 2.003150 0.250000 -0.147835
-3.000893 -5.001435 1.001961 0.250000 -0.168900
-3.001112 -5.001718 2.002593 0.250000 -0.145430
-3.001587 -4.002110 1.002529 0.250000 -0.189917
-3.001849 -4.002417 2.003464 0.250000 -0.147810
-3.002861 -3.002861 1.004030 0.250000 -0.186015
-3.003025 -3.003025 2.005119 0.250000 -0.124429
-3.004787 -2.003175 1.006410 0.250000 -0.152413
-3.004590 -2.003064 2.007411 0.250000 -0.075633
-3.006879 -1.002259 1.008997 0.250000 -0.097496
-3.006104 -1.002021 2.009638 0.250000 -0.018961
-3.007852 0.000053 1.010217 0.250000 -0.068659
-3.006761 0.000036 2.010618 0.250000 0.006158
-3.006871 1.002366 1.009048 0.250000 -0.103269
-3.006104 1.002086 2.009698 0.250000 -0.024391
-3.004779 2.003279 1.006545 0.250000 -0.163032
-3.004599 2.003106 2.007564 0.250000 -0.085011
-3.002880 3.002964 1.004359 0.250000 -0.196241
-3.003062 3.003039 2.005447 0.250000 -0.133003
-3.001682 4.002271 1.003256 0.250000 -0.185662
-3.001939 4.002452 2.004075 0.250000 -0.146479
-2.000817 -5.002023 1.002408 0.250000 -0.176162
-2.000990 -5.002324 2.003133 0.250000 -0.145571
-2.001586 -4.003198 1.003548 0.250000 -0.189483
-2.001748 -4.003437 2.004588 0.250000 -0.134155
-2.003175 -3.004787 1.006410 0.250000 -0.152413
-2.003064 -3.004590 2.007411 0.250000 -0.075633
-2.006008 -2.006008 1.011604 0.250000 -0.024221
-2.005015 -2.005015 2.011660 0.250000 0.042650
-2.009630 -1.004790 1.018338 0.250000 0.200061
-2.007113 -1.003539 2.016212 0.250000 0.191424
-2.011494 0.000062 1.021895 0.250000 0.332457
-2.008087 0.000042 2.018333 0.250000 0.264106
-2.009624 1.004914 1.018389 0.250000 0.193407
-2.007112 1.003616 2.016271 0.250000 0.185040
-2.006001 2.006136 1.011744 0.250000 -0.036518
-2.005019 2.005069 2.011817 0.250000 0.031483
-2.003187 3.004922 1.006759 0.250000 -0.164555
-2.003088 3.004616 2.007756 0.250000 -0.086315
-2.001655 4.003404 1.004337 0.250000 -0.185417
-2.001812 4.003487 2.005244 0.250000 -0.133944
-1.000485 -5.002525 1.002811 0.250000 -0.180037
-1.000584 -5.002824 2.003598 0.250000 -0.143696
-1.001025 -4.004225 1.004529 0.250000 -0.183088
-1.001086 -4.004338 2.005603 0.250000 -0.118011
-1.002259 -3.006879 1.008997 0.250000 -0.097496
-1.002021 -3.006104 2.009638 0.250000 -0.018962
-1.004790 -2.009630 1.018338 0.250000 0.200061
-1.003539 -2.007113 2.016212 0.250000 0.191424
-1.008433 -1.008433 1.032650 0.250000 0.785659
-1.005327 -1.005327 2.023909 0.250000 0.479331
-1.010325 0.000068 1.040981 0.250000 1.158375
-1.006205 0.000047 2.027706 0.250000 0.629877
-1.008429 1.008571 1.032701 0.250000 0.778414
-1.005326 1.005413 2.023968 0.250000 0.472371
-1.004785 2.009775 1.018481 0.250000 0.186762
-1.003541 2.007178 2.016371 0.250000 0.179208
-1.002264 3.007038 1.009361 0.250000 -0.110609
-1.002033 3.006141 2.009993 0.250000 -0.030813
-1.001059 4.004466 1.005360 0.250000 -0.178546
-1.001118 4.004400 2.006287 0.250000 -0.118199
0.000044 -5.002724 1.002988 0.250000 -0.182053
0.000027 -5.003022 2.003798 0.250000 -0.143461
0.000046 -4.004662 1.004961 0.250000 -0.180391
0.000030 -4.004707 2.006035 0.250000 -0.111852
0.000053 -3.007852 1.010217 0.250000 -0.068659
0.000036 -3.006761 2.010618 0.250000 0.006158
0.000062 -2.011494 1.021895 0.250000 0.332457
0.000042 -2.008087 2.018333 0.250000 0.264106
0.000068 -1.010325 1.040981 0.250000 1.158376
0.000047 -1.006205 2.027706 0.250000 0.629878
0.000070 0.000070 1.052167 0.250000 1.680150
0.000048 0.000048 2.032442 0.250000 0.826107
0.000067 1.010468 1.041032 0.250000 1.150977
0.000047 1.006295 2.027766 0.250000 0.622814
0.000061 2.011645 1.022040 0.250000 0.318977
0.000042 2.008155 2.018493 0.250000 0.251737
0.000055 3.008020 1.010587 0.250000 -0.081774
0.000037 3.006802 2.010978 0.250000 -0.005758
0.000053 4.004915 1.005810 0.250000 -0.175120
0.000034 4.004774 2.006731 0.250000 -0.111700
1.000570 -5.002519 1.002862 0.250000 -0.182979
1.000632 -5.002829 2.003656 0.250000 -0.146372
1.001116 -4.004218 1.004579 0.250000 -0.187646
1.001140 -4.004340 2.005661 0.250000 -0.122174
1.002366 -3.006871 1.009048 0.250000 -0.103269
1.002086 -3.006104 2.009698 0.250000 -0.024391
1.004914 -2.009624 1.018389 0.250000 0.193407
1.003616 -2.007112 2.016271 0.250000 0.185040
1.008571 -1.008429 1.032701 0.250000 0.778414
1.005413 -1.005326 2.023968 0.250000 0.472371
1.010468 0.000067 1.041032 0.250000 1.150978
1.006295 0.000047 2.027766 0.250000 0.622814
1.008566 1.008566 1.032753 0.250000 0.771458
1.005412 1.005412 2.024029 0.250000 0.465741
1.004909 2.009767 1.018534 0.250000 0.180719
1.003618 2.007176 2.016432 0.250000 0.173507
1.002374 3.007029 1.009415 0.250000 -0.115347
1.002100 3.006141 2.010056 0.250000 -0.035172
1.001164 4.004457 1.005417 0.250000 -0.181525
1.001180 4.004402 2.006349 0.250000 -0.120930
2.000893 -5.002022 1.002533 0.250000 -0.181213
2.001021 -5.002344 2.003270 0.250000 -0.149803
2.001670 -4.003192 1.003677 0.250000 -0.197711
2.001780 -4.003451 2.004735 0.250000 -0.141152
2.003279 -3.004779 1.006545 0.250000 -0.163032
2.003106 -3.004599 2.007564 0.250000 -0.085012
2.006136 -2.006001 1.011744 0.250000 -0.036518
2.005069 -2.005019 2.011817 0.250000 0.031483
2.009775 -1.004785 1.018481 0.250000 0.186762
2.007178 -1.003541 2.016371 0.250000 0.179208
2.011645 0.000061 1.022040 0.250000 0.318976
2.008155 0.000042 2.018493 0.250000 0.251737
2.009767 1.004909 1.018534 0.250000 0.180719
2.007176 1.003618 2.016432 0.250000 0.173507
2.006127 2.006127 1.011887 0.250000 -0.047517
2.005074 2.005074 2.011977 0.250000 0.021720
2.003294 3.004912 1.006900 0.250000 -0.172994
2.003134 3.004626 2.007912 0.250000 -0.093524
2.001753 4.003398 1.004475 0.250000 -0.190384
2.001855 4.003504 2.005394 0.250000 -0.138101
3.000958 -5.001468 1.002227 0.250000 -0.172494
3.001123 -5.001778 2.002861 0.250000 -0.148065
3.001664 -4.002135 1.002830 0.250000 -0.197248
3.001856 -4.002466 2.003766 0.250000 -0.153566
3.002964 -3.002880 1.004359 0.250000 -0.196241
3.003039 -3.003062 2.005447 0.250000 -0.133002
3.004922 -2.003187 1.006759 0.250000 -0.164554
3.004616 -2.003088 2.007756 0.250000 -0.086315
3.007038 -1.002264 1.009361 0.250000 -0.110609
3.006141 -1.002033 2.009993 0.250000 -0.030813
3.008020 0.000055 1.010587 0.250000 -0.081774
3.006802 0.000037 2.010978 0.250000 -0.005758
3.007029 1.002374 1.009415 0.250000 -0.115348
3.006141 1.002100 2.010056 0.250000 -0.035173
3.004912 2.003294 1.006900 0.250000 -0.172994
3.004626 2.003134 2.007912 0.250000 -0.093524
3.002985 3.002985 1.004692 0.250000 -0.202979
3.003082 3.003082 2.005776 0.250000 -0.138355
3.001772 4.002300 1.003555 0.250000 -0.188314
3.001963 4.002509 2.004370 0.250000 -0.148337
4.000882 -5.001055 1.002175 0.250000 -0.150524
4.001036 -5.001310 2.002626 0.250000 -0.135538
4.001404 -4.001392 1.002484 0.250000 -0.174782
4.001600 -4.001687 2.003150 0.250000 -0.147835
4.002271 -3.001682 1.003256 0.250000 -0.185662
4.002452 -3.001939 2.004075 0.250000 -0.146479
4.003404 -2.001655 1.004337 0.250000 -0.185417
4.003487 -2.001812 2.005244 0.250000 -0.133943
4.004466 -1.001059 1.005360 0.250000 -0.178546
4.004400 -1.001118 2.006287 0.250000 -0.118200
4.004915 0.000053 1.005810 0.250000 -0.175120
4.004774 0.000034 2.006731 0.250000 -0.111699
4.004457 1.001164 1.005417 0.250000 -0.181525
4.004402 1.001180 2.006349 0.250000 -0.120930
4.003398 2.001753 1.004475 0.250000 -0.190383
4.003504 2.001855 2.005394 0.250000 -0.138101
4.002300 3.001772 1.003555 0.250000 -0.188314
4.002509 3.001963 2.004370 0.250000 -0.148337
4.001522 4.001522 1.003078 0.250000 -0.165263
4.001731 4.001731 2.003664 0.250000 -0.141031
0.000000 0.000000 -1.000000 0.250000 0.000000
