-4.999621 -4.999621 0.000586 0.250000 0.001416
-4.999440 -3.999548 0.000447 0.250000 0.003958
-4.999327 -2.999600 0.000534 0.250000 0.010388
-4.999389 -1.999771 0.000591 0.250000 0.017890
-4.999608 -0.999947 0.000559 0.250000 0.023470
-4.999749 -0.000049 0.000531 0.250000 0.025582
-4.999646 0.999844 0.000566 0.250000 0.024108
-4.999432 1.999661 0.000581 0.250000 0.018986
-4.999321 2.999497 0.000557 0.250000 0.011956
-4.999409 3.999486 0.000756 0.250000 0.007572
-3.999548 -4.999440 0.000447 0.250000 0.003958
-3.999461 -3.999461 0.000268 0.250000 0.010968
-3.999778 -2.999854 0.000198 0.250000 0.022450
-4.000862 -2.000471 -0.000247 0.250000 0.028354
-4.002465 -1.000659 -0.000955 0.250000 0.023938
-4.003308 -0.000060 -0.001305 0.250000 0.019616
-4.002507 1.000528 -0.000948 0.250000 0.024789
-4.000903 2.000321 -0.000276 0.250000 0.029850
-3.999753 2.999721 0.000174 0.250000 0.024471
-3.999420 3.999422 0.000593 0.250000 0.015565
-2.999600 -4.999327 0.000534 0.250000 0.010387
-2.999854 -3.999778 0.000198 0.250000 0.022450
-3.001428 -3.001428 -0.000657 0.250000 0.026617
-3.005673 -2.003825 -0.002587 0.250000 -0.008090
-3.011998 -1.004083 -0.004057 0.250000 -0.069535
-3.015402 -0.000069 -0.004181 0.250000 -0.098053
-3.012036 1.003929 -0.004044 0.250000 -0.068476
-3.005701 2.003650 -0.002617 0.250000 -0.006109
-3.001379 3.001310 -0.000702 0.250000 0.029363
-2.999805 3.999853 0.000512 0.250000 0.027990
-1.999771 -4.999389 0.000591 0.250000 0.017891
-2.000471 -4.000862 -0.000247 0.250000 0.028353
-2.003825 -3.005673 -0.002587 0.250000 -0.008090
-2.013450 -2.013450 -0.003704 0.250000 -0.129997
-2.029264 -1.014731 0.007186 0.250000 -0.203237
-2.037858 -0.000083 0.019012 0.250000 -0.179387
-2.029291 1.014546 0.007205 0.250000 -0.201952
-2.013462 2.013256 -0.003734 0.250000 -0.127605
-2.003766 3.005604 -0.002640 0.250000 -0.004702
-2.000424 4.001122 0.000070 0.250000 0.034681
-0.999947 -4.999608 0.000559 0.250000 0.023470
-1.000659 -4.002465 -0.000955 0.250000 0.023938
-1.004083 -3.011998 -0.004057 0.250000 -0.069535
-1.014731 -2.029264 0.007186 0.250000 -0.203238
-1.028869 -1.028869 0.073741 0.250000 0.107786
-1.037504 -0.000096 0.115890 0.250000 0.352376
-1.028883 1.028659 0.073767 0.250000 0.109520
-1.014733 2.029056 0.007152 0.250000 -0.200425
-1.004045 3.011986 -0.004118 0.250000 -0.065738
-1.000633 4.002907 -0.000633 0.250000 0.030651
-0.000049 -4.999749 0.000531 0.250000 0.025583
-0.000060 -4.003308 -0.001305 0.250000 0.019616
-0.000069 -3.015402 -0.004181 0.250000 -0.098053
-0.000083 -2.037858 0.019012 0.250000 -0.179388
-0.000096 -1.037504 0.115890 0.250000 0.352376
-0.000101 -0.000101 0.181065 0.250000 0.766017
-0.000095 1.037286 0.115919 0.250000 0.354388
-0.000085 2.037648 0.018973 0.250000 -0.176284
-0.000077 3.015416 -0.004248 0.250000 -0.094082
-0.000064 4.003827 -0.000982 0.250000 0.026434
0.999844 -4.999646 0.000566 0.250000 0.024108
1.000528 -4.002507 -0.000948 0.250000 0.024790
1.003929 -3.012036 -0.004044 0.250000 -0.068475
1.014546 -2.029291 0.007205 0.250000 -0.201952
1.028659 -1.028883 0.073767 0.250000 0.109518
1.037286 -0.000095 0.115919 0.250000 0.354388
1.028676 1.028676 0.073792 0.250000 0.111315
1.014546 2.029087 0.007167 0.250000 -0.199042
1.003878 3.012027 -0.004111 0.250000 -0.064619
1.000500 4.002947 -0.000627 0.250000 0.031517
1.999661 -4.999432 0.000581 0.250000 0.018986
2.000321 -4.000903 -0.000276 0.250000 0.029850
2.003650 -3.005701 -0.002617 0.250000 -0.006109
2.013256 -2.013462 -0.003734 0.250000 -0.127604
2.029056 -1.014733 0.007152 0.250000 -0.200425
2.037648 -0.000085 0.018973 0.250000 -0.176285
2.029087 1.014546 0.007167 0.250000 -0.199043
2.013268 2.013268 -0.003773 0.250000 -0.125107
2.003587 3.005634 -0.002679 0.250000 -0.002690
2.000289 4.001159 0.000053 0.250000 0.036223
2.999497 -4.999321 0.000557 0.250000 0.011956
2.999721 -3.999753 0.000174 0.250000 0.024471
3.001310 -3.001379 -0.000702 0.250000 0.029363
3.005604 -2.003766 -0.002640 0.250000 -0.004701
3.011986 -1.004045 -0.004118 0.250000 -0.065737
3.015416 -0.000077 -0.004248 0.250000 -0.094081
3.012027 1.003878 -0.004111 0.250000 -0.064618
3.005634 2.003587 -0.002679 0.250000 -0.002690
3.001262 3.001262 -0.000740 0.250000 0.032155
2.999697 3.999827 0.000531 0.250000 0.030265
3.999486 -4.999409 0.000756 0.250000 0.007573
3.999422 -3.999420 0.000593 0.250000 0.015564
3.999853 -2.999805 0.000512 0.250000 0.027989
4.001122 -2.000424 0.000070 0.250000 0.034682
4.002907 -1.000633 -0.000633 0.250000 0.030652
4.003827 -0.000064 -0.000982 0.250000 0.026433
4.002947 1.000500 -0.000627 0.250000 0.031517
4.001159 2.000289 0.000053 0.250000 0.036223
3.999827 2.999697 0.000531 0.250000 0.030266
3.999405 3.999405 0.000943 0.250000 0.020365
-4.999322 -4.999322 1.000456 0.250000 -0.003052
-4.999855 -4.999855 2.000689 0.250000 -0.005161
-4.999110 -3.999362 1.000378 0.250000 -0.004983
-5.000060 -4.000134 2.000813 0.250000 -0.007553
-4.998968 -2.999486 1.000669 0.250000 -0.002821
-5.000457 -3.000384 2.001291 0.250000 -0.006541
-4.998937 -1.999668 1.001096 0.250000 0.002545
-5.000977 -2.000480 2.001952 0.250000 -0.002348
-4.999010 -0.999870 1.001472 0.250000 0.008351
-5.001447 -1.000344 2.002539 0.250000 0.002675
-4.999071 -0.000043 1.001632 0.250000 0.011241
-5.001640 -0.000020 2.002784 0.250000 0.005462
-4.999031 0.999784 1.001492 0.250000 0.009815
-5.001443 1.000306 2.002558 0.250000 0.004627
-4.998951 1.999573 1.001105 0.250000 0.005345
-5.000956 2.000435 2.001976 0.250000 0.001414
-4.998943 2.999350 1.000688 0.250000 0.001069
-5.000415 3.000298 2.001344 0.250000 -0.001334
-4.999099 3.999217 1.000646 0.250000 0.000673
-5.000044 4.000005 2.001025 0.250000 -0.001258
-3.999362 -4.999110 1.000378 0.250000 -0.004982
-4.000134 -5.000060 2.000813 0.250000 -0.007552
-3.999223 -3.999223 1.000577 0.250000 -0.003798
-4.000591 -4.000591 2.001380 0.250000 -0.007378
-3.999310 -2.999547 1.001404 0.250000 0.006100
-4.001398 -3.001096 2.002630 0.250000 0.000177
-3.999807 -1.999988 1.002452 0.250000 0.020012
-4.002496 -2.001296 2.004269 0.250000 0.012979
-4.000624 -1.000232 1.003336 0.250000 0.030320
-4.003556 -1.000924 2.005733 0.250000 0.024891
-4.001075 -0.000050 1.003698 0.250000 0.034189
-4.004014 -0.000018 2.006340 0.250000 0.030407
-4.000647 1.000131 1.003355 0.250000 0.032422
-4.003548 1.000893 2.005744 0.250000 0.027631
-3.999816 1.999876 1.002435 0.250000 0.024069
-4.002461 2.001265 2.004261 0.250000 0.018258
-3.999259 2.999389 1.001345 0.250000 0.011631
-4.001327 3.001020 2.002616 0.250000 0.007427
-3.999184 3.999080 1.000804 0.250000 0.003942
-4.000532 4.000455 2.001536 0.250000 0.001234
-2.999486 -4.998968 1.000669 0.250000 -0.002820
-3.000384 -5.000457 2.001291 0.250000 -0.006541
-2.999547 -3.999310 1.001404 0.250000 0.006101
-3.001096 -4.001398 2.002630 0.250000 0.000177
-3.000317 -3.000317 1.003051 0.250000 0.025367
-3.002424 -3.002424 2.005190 0.250000 0.018383
-3.002645 -2.001841 1.005100 0.250000 0.036514
-3.004469 -2.002999 2.008609 0.250000 0.040323
-3.006387 -1.002252 1.007237 0.250000 0.031104
-3.006743 -1.002271 2.011895 0.250000 0.056018
-3.008469 -0.000054 1.008368 0.250000 0.026786
-3.007818 -0.000012 2.013343 0.250000 0.062375
-3.006405 1.002144 1.007258 0.250000 0.033872
-3.006730 1.002258 2.011897 0.250000 0.059557
-3.002643 2.001731 1.005061 0.250000 0.041897
-3.004423 2.003001 2.008563 0.250000 0.047125
-3.000243 3.000190 1.002913 0.250000 0.032635
-3.002331 3.002392 2.005088 0.250000 0.027599
-2.999487 3.999256 1.001535 0.250000 0.015672
-3.001009 4.001306 2.002682 0.250000 0.010812
-1.999668 -4.998937 1.001096 0.250000 0.002545
-2.000480 -5.000977 2.001952 0.250000 -0.002348
-1.999988 -3.999807 1.002452 0.250000 0.020012
-2.001296 -4.002496 2.004269 0.250000 0.012979
-2.001841 -3.002645 1.005100 0.250000 0.036514
-2.002999 -3.004469 2.008609 0.250000 0.040323
-2.007739 -2.007739 1.009729 0.250000 0.014323
-2.006128 -2.006128 2.014994 0.250000 0.063279
-2.017984 -1.009166 1.018754 0.250000 -0.012949
-2.010250 -1.005141 2.022267 0.250000 0.075799
-2.023973 -0.000060 1.024993 0.250000 -0.012113
-2.012398 -0.000005 2.025909 0.250000 0.082313
-2.017995 1.009051 1.018773 0.250000 -0.009593
-2.010235 1.005149 2.022257 0.250000 0.080012
-2.007726 2.007639 1.009663 0.250000 0.020782
-2.006081 2.006171 2.014905 0.250000 0.071301
-2.001761 3.002579 1.004876 0.250000 0.045044
-2.002907 3.004500 2.008409 0.250000 0.050972
-1.999930 3.999904 1.002477 0.250000 0.030765
-2.001206 4.002476 2.004193 0.250000 0.024902
-0.999870 -4.999010 1.001472 0.250000 0.008351
-1.000344 -5.001447 2.002539 0.250000 0.002674
-1.000232 -4.000624 1.003336 0.250000 0.030320
-1.000924 -4.003556 2.005733 0.250000 0.024891
-1.002252 -3.006387 1.007237 0.250000 0.031103
-1.002271 -3.006743 2.011895 0.250000 0.056018
-1.009166 -2.017984 1.018754 0.250000 -0.012949
-1.005141 -2.010250 2.022267 0.250000 0.075799
-1.021782 -1.021782 1.048605 0.250000 0.044776
-1.009414 -1.009414 2.036407 0.250000 0.096193
-1.028888 -0.000063 1.070479 0.250000 0.143300
-1.011796 0.000002 2.044288 0.250000 0.115293
-1.021786 1.021664 1.048622 0.250000 0.048629
-1.009403 1.009442 2.036386 0.250000 0.100863
-1.009154 2.017898 1.018660 0.250000 -0.005762
-1.005109 2.010329 2.022140 0.250000 0.084584
-1.002200 3.006382 1.006938 0.250000 0.040273
-1.002211 3.006832 2.011612 0.250000 0.067423
-1.000196 4.000868 1.003271 0.250000 0.041472
-1.000865 4.003607 2.005548 0.250000 0.037312
-0.000043 -4.999071 1.001632 0.250000 0.011240
-0.000020 -5.001640 2.002784 0.250000 0.005463
-0.000050 -4.001075 1.003698 0.250000 0.034189
-0.000018 -4.004014 2.006340 0.250000 0.030407
-0.000054 -3.008469 1.008368 0.250000 0.026786
-0.000012 -3.007818 2.013343 0.250000 0.062374
-0.000060 -2.023973 1.024993 0.250000 -0.012113
-0.000005 -2.012398 2.025909 0.250000 0.082312
-0.000063 -1.028888 1.070479 0.250000 0.143300
0.000002 -1.011796 2.044288 0.250000 0.115292
-0.000064 -0.000064 1.102638 0.250000 0.315700
0.000005 0.000005 2.054934 0.250000 0.148231
-0.000062 1.028771 1.070494 0.250000 0.147388
0.000003 1.011833 2.044262 0.250000 0.120120
-0.000060 2.023895 1.024887 0.250000 -0.004645
-0.000003 2.012493 2.025765 0.250000 0.091329
-0.000058 3.008493 1.008035 0.250000 0.036117
-0.000011 3.007931 2.013024 0.250000 0.073949
-0.000050 4.001381 1.003594 0.250000 0.045348
-0.000014 4.004093 2.006110 0.250000 0.042848
0.999784 -4.999031 1.001492 0.250000 0.009815
1.000306 -5.001443 2.002558 0.250000 0.004627
1.000131 -4.000647 1.003355 0.250000 0.032423
1.000893 -4.003548 2.005744 0.250000 0.027631
1.002144 -3.006405 1.007258 0.250000 0.033873
1.002258 -3.006730 2.011897 0.250000 0.059557
1.009051 -2.017995 1.018773 0.250000 -0.009593
1.005149 -2.010235 2.022257 0.250000 0.080012
1.021664 -1.021786 1.048622 0.250000 0.048629
1.009442 -1.009403 2.036386 0.250000 0.100863
1.028771 -0.000062 1.070494 0.250000 0.147388
1.011833 0.000003 2.044262 0.250000 0.120119
1.021671 1.021671 1.048637 0.250000 0.052495
1.009434 1.009434 2.036363 0.250000 0.105492
1.009040 2.017912 1.018675 0.250000 -0.002419
1.005121 2.010317 2.022126 0.250000 0.088690
1.002086 3.006403 1.006951 0.250000 0.042947
1.002201 3.006819 2.011609 0.250000 0.070768
1.000097 4.000887 1.003287 0.250000 0.043421
1.000842 4.003597 2.005558 0.250000 0.039799
1.999573 -4.998951 1.001105 0.250000 0.005345
2.000435 -5.000956 2.001976 0.250000 0.001413
1.999876 -3.999816 1.002435 0.250000 0.024069
2.001265 -4.002461 2.004261 0.250000 0.018258
2.001731 -3.002643 1.005061 0.250000 0.041898
2.003001 -3.004423 2.008563 0.250000 0.047125
2.007639 -2.007726 1.009663 0.250000 0.020783
2.006171 -2.006081 2.014905 0.250000 0.071303
2.017898 -1.009154 1.018660 0.250000 -0.005762
2.010329 -1.005109 2.022140 0.250000 0.084584
2.023895 -0.000060 1.024887 0.250000 -0.004646
2.012493 -0.000003 2.025765 0.250000 0.091329
2.017912 1.009040 1.018675 0.250000 -0.002419
2.010317 1.005121 2.022126 0.250000 0.088691
2.007628 2.007628 1.009586 0.250000 0.027129
2.006126 2.006126 2.014808 0.250000 0.079065
2.001648 3.002574 1.004827 0.250000 0.050138
2.002910 3.004454 2.008358 0.250000 0.057328
1.999829 3.999905 1.002468 0.250000 0.034467
2.001184 4.002439 2.004190 0.250000 0.029635
2.999350 -4.998943 1.000688 0.250000 0.001069
3.000298 -5.000415 2.001344 0.250000 -0.001334
2.999389 -3.999259 1.001345 0.250000 0.011631
3.001020 -4.001327 2.002616 0.250000 0.007427
3.000190 -3.000243 1.002913 0.250000 0.032635
3.002392 -3.002331 2.005088 0.250000 0.027600
3.002579 -2.001761 1.004876 0.250000 0.045044
3.004500 -2.002907 2.008409 0.250000 0.050973
3.006382 -1.002200 1.006938 0.250000 0.040273
3.006832 -1.002211 2.011612 0.250000 0.067423
3.008493 -0.000058 1.008035 0.250000 0.036117
3.007931 -0.000011 2.013024 0.250000 0.073949
3.006403 1.002086 1.006951 0.250000 0.042947
3.006819 1.002201 2.011609 0.250000 0.070767
3.002574 2.001648 1.004827 0.250000 0.050137
3.004454 2.002910 2.008358 0.250000 0.057329
3.000112 3.000112 1.002779 0.250000 0.039401
3.002300 3.002300 2.004990 0.250000 0.036101
2.999355 3.999204 1.001514 0.250000 0.020716
3.000947 4.001237 2.002686 0.250000 0.017210
3.999217 -4.999099 1.000646 0.250000 0.000673
4.000005 -5.000044 2.001025 0.250000 -0.001258
3.999080 -3.999184 1.000804 0.250000 0.003942
4.000455 -4.000532 2.001536 0.250000 0.001234
3.999256 -2.999487 1.001535 0.250000 0.015672
4.001306 -3.001009 2.002682 0.250000 0.010812
3.999904 -1.999930 1.002477 0.250000 0.030765
4.002476 -2.001206 2.004193 0.250000 0.024902
4.000868 -1.000196 1.003271 0.250000 0.041473
4.003607 -1.000865 2.005548 0.250000 0.037311
4.001381 -0.000050 1.003594 0.250000 0.045349
4.004093 -0.000014 2.006110 0.250000 0.042847
4.000887 1.000097 1.003287 0.250000 0.043421
4.003597 1.000842 2.005558 0.250000 0.039799
3.999905 1.999829 1.002468 0.250000 0.034467
4.002439 2.001184 2.004190 0.250000 0.029634
3.999204 2.999355 1.001514 0.250000 0.020716
4.001237 3.000947 2.002686 0.250000 0.017210
3.999073 3.999073 1.001062 0.250000 0.010965
4.000423 4.000423 2.001714 0.250000 0.008726
0.000000 0.000000 -1.000000 0.250000 0.000000
