-4.999620 -4.999620 0.000588 0.250000 -0.000205
-4.999405 -3.999530 0.000460 0.250000 0.001844
-4.999229 -2.999562 0.000579 0.250000 0.008028
-4.999221 -1.999725 0.000674 0.250000 0.015761
-4.999387 -0.999915 0.000672 0.250000 0.021830
-4.999510 -0.000048 0.000655 0.250000 0.024147
-4.999430 0.999813 0.000681 0.250000 0.022321
-4.999274 1.999610 0.000669 0.250000 0.016599
-4.999233 2.999444 0.000608 0.250000 0.009317
-4.999368 3.999440 0.000787 0.250000 0.005327
-3.999530 -4.999405 0.000460 0.250000 0.001844
-3.999394 -3.999394 0.000315 0.250000 0.008580
-3.999628 -2.999756 0.000306 0.250000 0.020922
-4.000639 -2.000375 -0.000103 0.250000 0.028894
-4.002211 -1.000602 -0.000827 0.250000 0.026551
-4.003052 -0.000056 -0.001197 0.250000 0.022981
-4.002258 1.000477 -0.000817 0.250000 0.027186
-4.000692 2.000221 -0.000126 0.250000 0.030020
-3.999614 2.999601 0.000290 0.250000 0.022577
-3.999343 3.999311 0.000664 0.250000 0.013116
-2.999562 -4.999229 0.000579 0.250000 0.008029
-2.999756 -3.999628 0.000306 0.250000 0.020922
-3.001266 -3.001266 -0.000518 0.250000 0.028473
-3.005546 -2.003745 -0.002608 0.250000 -0.001877
-3.012035 -1.004099 -0.004379 0.250000 -0.060965
-3.015549 -0.000065 -0.004644 0.250000 -0.089139
-3.012078 1.003949 -0.004361 0.250000 -0.060177
-3.005585 2.003561 -0.002630 0.250000 -0.000340
-3.001226 3.001114 -0.000550 0.250000 0.030856
-2.999695 3.999641 0.000648 0.250000 0.026639
-1.999725 -4.999221 0.000674 0.250000 0.015761
-2.000375 -4.000639 -0.000103 0.250000 0.028895
-2.003745 -3.005546 -0.002608 0.250000 -0.001877
-2.013677 -2.013677 -0.004326 0.250000 -0.120842
-2.030135 -1.015171 0.006185 0.250000 -0.198035
-2.039103 -0.000080 0.018118 0.250000 -0.178089
-2.030167 1.014988 0.006210 0.250000 -0.197068
-2.013697 2.013464 -0.004346 0.250000 -0.118947
-2.003693 3.005428 -0.002646 0.250000 0.001203
-2.000320 4.000820 0.000246 0.250000 0.035719
-0.999915 -4.999387 0.000672 0.250000 0.021830
-1.000602 -4.002211 -0.000827 0.250000 0.026551
-1.004099 -3.012035 -0.004379 0.250000 -0.060965
-1.015171 -2.030135 0.006185 0.250000 -0.198036
-1.029919 -1.029919 0.074239 0.250000 0.094429
-1.038931 -0.000094 0.117575 0.250000 0.327272
-1.029936 1.029707 0.074272 0.250000 0.095807
-1.015178 2.029903 0.006164 0.250000 -0.195746
-1.004065 3.011963 -0.004422 0.250000 -0.057417
-1.000572 4.002562 -0.000470 0.250000 0.034034
-0.000048 -4.999510 0.000655 0.250000 0.024148
-0.000056 -4.003052 -0.001197 0.250000 0.022981
-0.000065 -3.015549 -0.004644 0.250000 -0.089139
-0.000080 -2.039103 0.018118 0.250000 -0.178089
-0.000094 -1.038931 0.117575 0.250000 0.327272
-0.000099 -0.000099 0.184765 0.250000 0.723152
-0.000092 1.038709 0.117613 0.250000 0.328920
-0.000081 2.038866 0.018094 0.250000 -0.175509
-0.000074 3.015500 -0.004692 0.250000 -0.085382
-0.000064 4.003477 -0.000837 0.250000 0.030690
0.999813 -4.999430 0.000681 0.250000 0.022321
1.000477 -4.002258 -0.000817 0.250000 0.027186
1.003949 -3.012078 -0.004361 0.250000 -0.060175
1.014988 -2.030167 0.006210 0.250000 -0.197068
1.029707 -1.029936 0.074272 0.250000 0.095809
1.038709 -0.000092 0.117613 0.250000 0.328920
1.029727 1.029727 0.074305 0.250000 0.097251
1.014994 2.029939 0.006185 0.250000 -0.194670
1.003901 3.012010 -0.004410 0.250000 -0.056540
1.000437 4.002610 -0.000459 0.250000 0.034740
1.999610 -4.999274 0.000669 0.250000 0.016598
2.000221 -4.000692 -0.000126 0.250000 0.030020
2.003561 -3.005585 -0.002630 0.250000 -0.000340
2.013464 -2.013697 -0.004346 0.250000 -0.118947
2.029903 -1.015178 0.006164 0.250000 -0.195746
2.038866 -0.000081 0.018094 0.250000 -0.175509
2.029939 1.014994 0.006185 0.250000 -0.194670
2.013486 2.013486 -0.004373 0.250000 -0.116918
2.003503 3.005469 -0.002675 0.250000 0.002830
2.000173 4.000869 0.000237 0.250000 0.037006
2.999444 -4.999233 0.000608 0.250000 0.009318
2.999601 -3.999614 0.000290 0.250000 0.022577
3.001114 -3.001226 -0.000550 0.250000 0.030856
3.005428 -2.003693 -0.002646 0.250000 0.001202
3.011963 -1.004065 -0.004422 0.250000 -0.057417
3.015500 -0.000074 -0.004692 0.250000 -0.085382
3.012010 1.003901 -0.004410 0.250000 -0.056539
3.005469 2.003503 -0.002675 0.250000 0.002831
3.001075 3.001075 -0.000575 0.250000 0.033398
2.999562 3.999626 0.000678 0.250000 0.028736
3.999440 -4.999368 0.000787 0.250000 0.005327
3.999311 -3.999343 0.000664 0.250000 0.013115
3.999641 -2.999695 0.000648 0.250000 0.026639
4.000820 -2.000320 0.000246 0.250000 0.035720
4.002562 -1.000572 -0.000470 0.250000 0.034034
4.003477 -0.000064 -0.000837 0.250000 0.030689
4.002610 1.000437 -0.000459 0.250000 0.034740
4.000869 2.000173 0.000237 0.250000 0.037006
3.999626 2.999562 0.000678 0.250000 0.028736
3.999284 3.999284 0.001039 0.250000 0.018111
-4.999282 -4.999282 1.000436 0.250000 -0.004498
-4.999809 -4.999809 2.000659 0.250000 -0.006623
-4.999031 -3.999310 1.000347 0.250000 -0.007102
-4.999993 -4.000091 2.000769 0.250000 -0.009630
-4.998826 -2.999424 1.000646 0.250000 -0.005509
-5.000367 -3.000349 2.001250 0.250000 -0.009137
-4.998726 -1.999608 1.001100 0.250000 -0.000340
-5.000866 -2.000457 2.001931 0.250000 -0.005183
-4.998742 -0.999833 1.001506 0.250000 0.005570
-5.001322 -1.000338 2.002544 0.250000 -0.000178
-4.998783 -0.000047 1.001680 0.250000 0.008495
-5.001512 -0.000033 2.002803 0.250000 0.002595
-4.998769 0.999736 1.001532 0.250000 0.006858
-5.001324 1.000274 2.002572 0.250000 0.001655
-4.998751 1.999499 1.001123 0.250000 0.002206
-5.000856 2.000386 2.001974 0.250000 -0.001560
-4.998814 2.999266 1.000685 0.250000 -0.001789
-5.000338 3.000235 2.001329 0.250000 -0.003931
-4.999020 3.999134 1.000643 0.250000 -0.001374
-4.999985 3.999931 2.001014 0.250000 -0.003106
-3.999310 -4.999031 1.000347 0.250000 -0.007102
-4.000091 -4.999993 2.000769 0.250000 -0.009631
-3.999118 -3.999118 1.000549 0.250000 -0.006791
-4.000530 -4.000530 2.001334 0.250000 -0.010284
-3.999114 -2.999416 1.001425 0.250000 0.003012
-4.001314 -3.001046 2.002622 0.250000 -0.003059
-3.999503 -1.999857 1.002546 0.250000 0.017940
-4.002385 -2.001260 2.004325 0.250000 0.010129
-4.000233 -1.000149 1.003485 0.250000 0.029584
-4.003423 -1.000909 2.005851 0.250000 0.022699
-4.000654 -0.000053 1.003868 0.250000 0.033961
-4.003874 -0.000032 2.006486 0.250000 0.028469
-4.000262 1.000039 1.003514 0.250000 0.031454
-4.003422 1.000848 2.005875 0.250000 0.025298
-3.999525 1.999729 1.002548 0.250000 0.021682
-4.002363 2.001197 2.004343 0.250000 0.015282
-3.999076 2.999229 1.001393 0.250000 0.008413
-4.001256 3.000934 2.002644 0.250000 0.004315
-3.999076 3.998929 1.000816 0.250000 0.001246
-4.000477 4.000355 2.001535 0.250000 -0.001169
-2.999424 -4.998826 1.000646 0.250000 -0.005509
-3.000349 -5.000367 2.001250 0.250000 -0.009137
-2.999416 -3.999114 1.001425 0.250000 0.003012
-3.001046 -4.001314 2.002622 0.250000 -0.003059
-3.000070 -3.000070 1.003174 0.250000 0.023987
-3.002347 -3.002347 2.005274 0.250000 0.015761
-3.002280 -2.001610 1.005288 0.250000 0.038347
-3.004352 -2.002932 2.008808 0.250000 0.039399
-3.005974 -1.002129 1.007405 0.250000 0.035256
-3.006591 -1.002236 2.012177 0.250000 0.056602
-3.008061 -0.000058 1.008516 0.250000 0.031491
-3.007656 -0.000029 2.013658 0.250000 0.063427
-3.005999 1.002010 1.007439 0.250000 0.037763
-3.006584 1.002188 2.012197 0.250000 0.060009
-3.002290 2.001477 1.005275 0.250000 0.043425
-3.004317 2.002896 2.008796 0.250000 0.046153
-3.000006 2.999901 1.003072 0.250000 0.031297
-3.002265 3.002271 2.005219 0.250000 0.025342
-2.999352 3.998999 1.001606 0.250000 0.013310
-3.000963 4.001174 2.002729 0.250000 0.008511
-1.999608 -4.998726 1.001100 0.250000 -0.000341
-2.000457 -5.000866 2.001931 0.250000 -0.005183
-1.999857 -3.999503 1.002546 0.250000 0.017940
-2.001260 -4.002385 2.004325 0.250000 0.010128
-2.001610 -3.002280 1.005288 0.250000 0.038347
-2.002932 -3.004352 2.008808 0.250000 0.039399
-2.007511 -2.007511 1.009816 0.250000 0.019500
-2.006023 -2.006023 2.015315 0.250000 0.064805
-2.017980 -1.009183 1.018702 0.250000 -0.008679
-2.010140 -1.005097 2.022653 0.250000 0.078097
-2.024146 -0.000066 1.024940 0.250000 -0.009572
-2.012302 -0.000024 2.026326 0.250000 0.084366
-2.017996 1.009051 1.018737 0.250000 -0.005597
-2.010130 1.005065 2.022664 0.250000 0.082205
-2.007508 2.007381 1.009782 0.250000 0.025696
-2.005984 2.006021 2.015266 0.250000 0.072892
-2.001538 3.002160 1.005108 0.250000 0.047160
-2.002847 3.004332 2.008663 0.250000 0.050708
-1.999794 3.999527 1.002629 0.250000 0.029940
-2.001172 4.002312 2.004313 0.250000 0.023484
-0.999833 -4.998742 1.001506 0.250000 0.005570
-1.000338 -5.001322 2.002544 0.250000 -0.000177
-1.000149 -4.000233 1.003485 0.250000 0.029583
-1.000909 -4.003423 2.005851 0.250000 0.022699
-1.002129 -3.005974 1.007405 0.250000 0.035255
-1.002236 -3.006591 2.012177 0.250000 0.056602
-1.009183 -2.017980 1.018702 0.250000 -0.008679
-1.005097 -2.010140 2.022653 0.250000 0.078097
-1.022229 -1.022229 1.048816 0.250000 0.040434
-1.009417 -1.009417 2.036889 0.250000 0.096438
-1.029604 -0.000071 1.071163 0.250000 0.132708
-1.011846 -0.000019 2.044859 0.250000 0.113564
-1.022236 1.022090 1.048851 0.250000 0.044015
-1.009409 1.009400 2.036891 0.250000 0.101031
-1.009176 2.017858 1.018644 0.250000 -0.001696
-1.005070 2.010170 2.022570 0.250000 0.087049
-1.002082 3.005909 1.007153 0.250000 0.044919
-1.002180 3.006624 2.011953 0.250000 0.068912
-1.000111 4.000396 1.003481 0.250000 0.042416
-1.000851 4.003415 2.005734 0.250000 0.036958
-0.000047 -4.998783 1.001680 0.250000 0.008495
-0.000033 -5.001512 2.002803 0.250000 0.002595
-0.000053 -4.000654 1.003868 0.250000 0.033961
-0.000032 -4.003874 2.006486 0.250000 0.028468
-0.000058 -3.008061 1.008516 0.250000 0.031491
-0.000029 -3.007656 2.013658 0.250000 0.063427
-0.000066 -2.024146 1.024940 0.250000 -0.009571
-0.000024 -2.012302 2.026326 0.250000 0.084366
-0.000071 -1.029604 1.071163 0.250000 0.132710
-0.000019 -1.011846 2.044859 0.250000 0.113564
-0.000072 -0.000072 1.104156 0.250000 0.296116
-0.000017 -0.000017 2.055661 0.250000 0.143603
-0.000069 1.029465 1.071197 0.250000 0.136527
-0.000018 1.011837 2.044857 0.250000 0.118330
-0.000065 2.024030 1.024870 0.250000 -0.002271
-0.000022 2.012346 2.026228 0.250000 0.093601
-0.000063 3.008021 1.008232 0.250000 0.041414
-0.000028 3.007712 2.013400 0.250000 0.076016
-0.000057 4.000876 1.003826 0.250000 0.046991
-0.000030 4.003893 2.006325 0.250000 0.042926
0.999736 -4.998769 1.001532 0.250000 0.006858
1.000274 -5.001324 2.002572 0.250000 0.001655
1.000039 -4.000262 1.003514 0.250000 0.031454
1.000848 -4.003422 2.005875 0.250000 0.025298
1.002010 -3.005999 1.007439 0.250000 0.037763
1.002188 -3.006584 2.012197 0.250000 0.060009
1.009051 -2.017996 1.018737 0.250000 -0.005597
1.005065 -2.010130 2.022664 0.250000 0.082204
1.022090 -1.022236 1.048851 0.250000 0.044014
1.009400 -1.009409 2.036891 0.250000 0.101031
1.029465 -0.000069 1.071197 0.250000 0.136528
1.011837 -0.000018 2.044857 0.250000 0.118330
1.022101 1.022101 1.048884 0.250000 0.047619
1.009396 1.009396 2.036891 0.250000 0.105598
1.009046 2.017878 1.018674 0.250000 0.001397
1.005042 2.010163 2.022576 0.250000 0.091079
1.001955 3.005936 1.007180 0.250000 0.047374
1.002135 3.006618 2.011967 0.250000 0.072173
0.999998 4.000422 1.003507 0.250000 0.044205
1.000796 4.003412 2.005756 0.250000 0.039375
1.999499 -4.998751 1.001123 0.250000 0.002206
2.000386 -5.000856 2.001974 0.250000 -0.001560
1.999729 -3.999525 1.002548 0.250000 0.021682
2.001197 -4.002363 2.004343 0.250000 0.015282
2.001477 -3.002290 1.005275 0.250000 0.043424
2.002896 -3.004317 2.008796 0.250000 0.046153
2.007381 -2.007508 1.009782 0.250000 0.025696
2.006021 -2.005984 2.015266 0.250000 0.072891
2.017858 -1.009176 1.018644 0.250000 -0.001696
2.010170 -1.005070 2.022570 0.250000 0.087049
2.024030 -0.000065 1.024870 0.250000 -0.002272
2.012346 -0.000022 2.026228 0.250000 0.093601
2.017878 1.009046 1.018674 0.250000 0.001397
2.010163 1.005042 2.022576 0.250000 0.091080
2.007380 2.007380 1.009736 0.250000 0.031835
2.005985 2.005985 2.015209 0.250000 0.080781
2.001401 3.002169 1.005084 0.250000 0.052033
2.002813 3.004297 2.008644 0.250000 0.057109
1.999672 3.999541 1.002638 0.250000 0.033466
2.001117 4.002286 2.004334 0.250000 0.028220
2.999266 -4.998814 1.000685 0.250000 -0.001789
3.000235 -5.000338 2.001329 0.250000 -0.003931
2.999229 -3.999076 1.001393 0.250000 0.008413
3.000934 -4.001256 2.002644 0.250000 0.004315
2.999901 -3.000006 1.003072 0.250000 0.031297
3.002271 -3.002265 2.005219 0.250000 0.025342
3.002160 -2.001538 1.005108 0.250000 0.047159
3.004332 -2.002847 2.008663 0.250000 0.050707
3.005909 -1.002082 1.007153 0.250000 0.044918
3.006624 -1.002180 2.011953 0.250000 0.068912
3.008021 -0.000063 1.008232 0.250000 0.041414
3.007712 -0.000028 2.013400 0.250000 0.076016
3.005936 1.001955 1.007180 0.250000 0.047374
3.006618 1.002135 2.011967 0.250000 0.072173
3.002169 2.001401 1.005084 0.250000 0.052033
3.004297 2.002813 2.008644 0.250000 0.057108
2.999835 2.999835 1.002973 0.250000 0.038240
3.002190 3.002190 2.005166 0.250000 0.034342
2.999188 3.998961 1.001611 0.250000 0.018418
3.000865 4.001119 2.002767 0.250000 0.015201
3.999134 -4.999020 1.000644 0.250000 -0.001374
3.999931 -4.999985 2.001014 0.250000 -0.003106
3.998929 -3.999076 1.000816 0.250000 0.001246
4.000355 -4.000477 2.001535 0.250000 -0.001169
3.998999 -2.999352 1.001606 0.250000 0.013310
4.001174 -3.000963 2.002729 0.250000 0.008511
3.999527 -1.999794 1.002629 0.250000 0.029940
4.002312 -2.001172 2.004313 0.250000 0.023484
4.000396 -1.000111 1.003481 0.250000 0.042416
4.003415 -1.000851 2.005734 0.250000 0.036958
4.000876 -0.000057 1.003826 0.250000 0.046990
4.003893 -0.000030 2.006325 0.250000 0.042926
4.000422 0.999998 1.003507 0.250000 0.044205
4.003412 1.000796 2.005756 0.250000 0.039375
3.999541 1.999672 1.002638 0.250000 0.033466
4.002286 2.001117 2.004334 0.250000 0.028219
3.998961 2.999188 1.001611 0.250000 0.018418
4.001119 3.000865 2.002767 0.250000 0.015201
3.998921 3.998921 1.001111 0.250000 0.008799
4.000330 4.000330 2.001752 0.250000 0.007006
0.000000 0.000000 -1.000000 0.250000 0.000000
