-5.000482 -5.000482 0.000534 0.250000 -0.061574
-5.000771 -4.000552 0.000275 0.250000 -0.073083
-5.001258 -3.000623 0.000284 0.250000 -0.087021
-5.001855 -2.000592 0.000431 0.250000 -0.103722
-5.002379 -1.000359 0.000594 0.250000 -0.118582
-5.002586 0.000057 0.000671 0.250000 -0.125709
-5.002354 1.000481 0.000615 0.250000 -0.122719
-5.001810 2.000737 0.000494 0.250000 -0.112419
-5.001223 3.000811 0.000486 0.250000 -0.099274
-5.000825 4.000808 0.000795 0.250000 -0.084109
-4.000552 -5.000771 0.000275 0.250000 -0.073083
-4.000991 -4.000991 -0.000022 0.250000 -0.092399
-4.001827 -3.001275 0.000133 0.250000 -0.119173
-4.003016 -2.001378 0.000606 0.250000 -0.152288
-4.004209 -1.000947 0.001175 0.250000 -0.180800
-4.004730 0.000052 0.001448 0.250000 -0.193307
-4.004183 1.001065 0.001184 0.250000 -0.186158
-4.002966 2.001538 0.000652 0.250000 -0.163861
-4.001791 3.001516 0.000348 0.250000 -0.136057
-4.001063 4.001345 0.000626 0.250000 -0.107951
-3.000623 -5.001258 0.000284 0.250000 -0.087020
-3.001275 -4.001827 0.000133 0.250000 -0.119173
-3.002679 -3.002679 0.000813 0.250000 -0.166008
-3.005067 -2.003313 0.002526 0.250000 -0.215977
-3.007917 -1.002569 0.005009 0.250000 -0.239691
-3.009316 0.000059 0.006378 0.250000 -0.241069
-3.007892 1.002706 0.005014 0.250000 -0.245897
-3.005019 2.003514 0.002568 0.250000 -0.229534
-3.002645 3.003001 0.001049 0.250000 -0.186065
-3.001350 4.002304 0.000875 0.250000 -0.137948
-2.000592 -5.001855 0.000431 0.250000 -0.103722
-2.001378 -4.003016 0.000606 0.250000 -0.152287
-2.003313 -3.005067 0.002526 0.250000 -0.215976
-2.007331 -2.007331 0.008186 0.250000 -0.224562
-2.013106 -1.006516 0.019066 0.250000 -0.050580
-2.016100 0.000070 0.026346 0.250000 0.115241
-2.013085 1.006681 0.019069 0.250000 -0.057431
-2.007292 2.007581 0.008230 0.250000 -0.239490
-2.003283 3.005475 0.002787 0.250000 -0.237922
-2.001434 4.003620 0.001433 0.250000 -0.172470
-1.000359 -5.002379 0.000594 0.250000 -0.118582
-1.000947 -4.004209 0.001175 0.250000 -0.180801
-1.002569 -3.007917 0.005009 0.250000 -0.239691
-1.006516 -2.013106 0.019066 0.250000 -0.050581
-1.011424 -1.011424 0.052878 0.250000 0.849146
-1.014390 0.000079 0.072202 0.250000 1.406398
-1.011413 1.011613 0.052875 0.250000 0.841706
-1.006493 2.013393 0.019110 0.250000 -0.066495
-1.002549 3.008392 0.005291 0.250000 -0.262626
-1.000969 4.004912 0.002069 0.250000 -0.201223
0.000057 -5.002586 0.000671 0.250000 -0.125708
0.000052 -4.004730 0.001448 0.250000 -0.193307
0.000059 -3.009316 0.006378 0.250000 -0.241069
0.000070 -2.016100 0.026346 0.250000 0.115242
0.000079 -1.014390 0.072202 0.250000 1.406398
0.000083 0.000083 0.100631 0.250000 2.259458
0.000079 1.014586 0.072198 0.250000 1.398707
0.000070 2.016401 0.026389 0.250000 0.098916
0.000065 3.009815 0.006671 0.250000 -0.264223
0.000071 4.005470 0.002373 0.250000 -0.213469
1.000481 -5.002354 0.000615 0.250000 -0.122719
1.001065 -4.004183 0.001184 0.250000 -0.186157
1.002706 -3.007892 0.005014 0.250000 -0.245897
1.006681 -2.013085 0.019069 0.250000 -0.057430
1.011613 -1.011413 0.052875 0.250000 0.841706
1.014586 0.000079 0.072198 0.250000 1.398705
1.011600 1.011600 0.052875 0.250000 0.834337
1.006658 2.013370 0.019116 0.250000 -0.073166
1.002696 3.008365 0.005304 0.250000 -0.268411
1.001123 4.004884 0.002095 0.250000 -0.205687
2.000737 -5.001810 0.000494 0.250000 -0.112419
2.001538 -4.002966 0.000652 0.250000 -0.163861
2.003514 -3.005019 0.002568 0.250000 -0.229534
2.007581 -2.007292 0.008230 0.250000 -0.239489
2.013393 -1.006493 0.019110 0.250000 -0.066495
2.016401 0.000070 0.026389 0.250000 0.098917
2.013370 1.006658 0.019116 0.250000 -0.073167
2.007540 2.007540 0.008282 0.250000 -0.253942
2.003489 3.005424 0.002846 0.250000 -0.250381
2.001621 4.003567 0.001511 0.250000 -0.181819
3.000811 -5.001223 0.000486 0.250000 -0.099275
3.001516 -4.001791 0.000348 0.250000 -0.136057
3.003001 -3.002645 0.001049 0.250000 -0.186064
3.005475 -2.003283 0.002787 0.250000 -0.237922
3.008392 -1.002549 0.005291 0.250000 -0.262627
3.009815 0.000065 0.006671 0.250000 -0.264223
3.008365 1.002696 0.005304 0.250000 -0.268411
3.005424 2.003489 0.002846 0.250000 -0.250380
3.002965 3.002965 0.001311 0.250000 -0.203744
3.001600 4.002261 0.001121 0.250000 -0.150711
4.000808 -5.000825 0.000795 0.250000 -0.084109
4.001345 -4.001063 0.000626 0.250000 -0.107952
4.002304 -3.001350 0.000875 0.250000 -0.137948
4.003620 -2.001434 0.001433 0.250000 -0.172470
4.004912 -1.000969 0.002069 0.250000 -0.201223
4.005470 0.000071 0.002373 0.250000 -0.213468
4.004884 1.001123 0.002095 0.250000 -0.205688
4.003567 2.001621 0.001511 0.250000 -0.181819
4.002261 3.001600 0.001121 0.250000 -0.150711
4.001408 4.001408 0.001253 0.250000 -0.118115
-5.000436 -5.000436 1.000759 0.250000 -0.064738
-5.000663 -5.000663 2.001149 0.250000 -0.063532
-5.000737 -4.000614 1.000673 0.250000 -0.072896
-5.001061 -4.000908 2.001271 0.250000 -0.068525
-5.001265 -3.000766 1.000893 0.250000 -0.080451
-5.001659 -3.001062 2.001657 0.250000 -0.071572
-5.001918 -2.000743 1.001264 0.250000 -0.088788
-5.002351 -2.000974 2.002180 0.250000 -0.073906
-5.002488 -1.000453 1.001608 0.250000 -0.096077
-5.002928 -1.000574 2.002637 0.250000 -0.075890
-5.002713 0.000053 1.001753 0.250000 -0.100241
-5.003150 0.000057 2.002824 0.250000 -0.078033
-5.002465 1.000558 1.001621 0.250000 -0.100738
-5.002912 1.000681 2.002655 0.250000 -0.080766
-5.001884 2.000840 1.001311 0.250000 -0.098513
-5.002335 2.001057 2.002243 0.250000 -0.083581
-5.001260 3.000850 1.001062 0.250000 -0.094314
-5.001678 3.001109 2.001836 0.250000 -0.084713
-5.000844 4.000737 1.001139 0.250000 -0.085557
-5.001167 4.000958 2.001668 0.250000 -0.081079
-4.000614 -5.000737 1.000673 0.250000 -0.072897
-4.000908 -5.001061 2.001271 0.250000 -0.068525
-4.001120 -4.001120 1.000722 0.250000 -0.082219
-4.001534 -4.001534 2.001651 0.250000 -0.071061
-4.002049 -3.001520 1.001321 0.250000 -0.091268
-4.002506 -3.001899 2.002525 0.250000 -0.069688
-4.003330 -2.001622 1.002281 0.250000 -0.101016
-4.003716 -2.001856 2.003714 0.250000 -0.065754
-4.004581 -1.001091 1.003239 0.250000 -0.108274
-4.004802 -1.001166 2.004806 0.250000 -0.061230
-4.005117 0.000053 1.003655 0.250000 -0.112311
-4.005246 0.000066 2.005260 0.250000 -0.060836
-4.004556 1.001199 1.003235 0.250000 -0.114482
-4.004784 1.001290 2.004810 0.250000 -0.067763
-4.003291 2.001729 1.002299 0.250000 -0.114332
-4.003694 2.001953 2.003755 0.250000 -0.078976
-4.002037 3.001625 1.001477 0.250000 -0.111011
-4.002514 3.001954 2.002695 0.250000 -0.088169
-4.001229 4.001288 1.001270 0.250000 -0.100952
-4.001625 4.001588 2.002098 0.250000 -0.089298
-3.000766 -5.001265 1.000893 0.250000 -0.080451
-3.001062 -5.001659 2.001657 0.250000 -0.071573
-3.001520 -4.002049 1.001321 0.250000 -0.091269
-3.001899 -4.002506 2.002525 0.250000 -0.069688
-3.003033 -3.003033 1.002779 0.250000 -0.100149
-3.003300 -3.003300 2.004319 0.250000 -0.058524
-3.005456 -2.003606 1.005262 0.250000 -0.101733
-3.005228 -2.003467 2.006898 0.250000 -0.036640
-3.008195 -1.002685 1.008112 0.250000 -0.088772
-3.007140 -1.002332 2.009470 0.250000 -0.009509
-3.009492 0.000063 1.009481 0.250000 -0.079647
-3.007977 0.000079 2.010599 0.250000 0.001882
-3.008172 1.002816 1.008095 0.250000 -0.096243
-3.007123 1.002482 2.009462 0.250000 -0.017525
-3.005418 2.003747 1.005260 0.250000 -0.117982
-3.005204 2.003591 2.006918 0.250000 -0.053050
-3.003018 3.003186 1.002923 0.250000 -0.124754
-3.003301 3.003379 2.004476 0.250000 -0.081868
-3.001618 4.002289 1.001918 0.250000 -0.115286
-3.001972 4.002585 2.002999 0.250000 -0.093233
-2.000743 -5.001918 1.001264 0.250000 -0.088787
-2.000974 -5.002351 2.002180 0.250000 -0.073906
-2.001622 -4.003330 1.002281 0.250000 -0.101016
-2.001856 -4.003716 2.003714 0.250000 -0.065754
-2.003606 -3.005456 1.005262 0.250000 -0.101733
-2.003467 -3.005228 2.006898 0.250000 -0.036641
-2.007377 -2.007377 1.011161 0.250000 -0.055764
-2.005956 -2.005956 2.011907 0.250000 0.026244
-2.012398 -1.006172 1.019393 0.250000 0.071702
-2.008718 -1.004316 2.017469 0.250000 0.114517
-2.015028 0.000075 1.023897 0.250000 0.158531
-2.010019 0.000092 2.020093 0.250000 0.159391
-2.012380 1.006330 1.019368 0.250000 0.063228
-2.008704 1.004493 2.017450 0.250000 0.105311
-2.007347 2.007557 1.011145 0.250000 -0.074294
-2.005937 2.006109 2.011910 0.250000 0.007284
-2.003592 3.005667 1.005399 0.250000 -0.130007
-2.003465 3.005338 2.007042 0.250000 -0.063859
-2.001695 4.003652 1.002918 0.250000 -0.128670
-2.001908 4.003826 2.004205 0.250000 -0.093432
-1.000453 -5.002488 1.001608 0.250000 -0.096077
-1.000574 -5.002928 2.002637 0.250000 -0.075890
-1.001091 -4.004581 1.003239 0.250000 -0.108273
-1.001166 -4.004802 2.004806 0.250000 -0.061229
-1.002685 -3.008195 1.008112 0.250000 -0.088773
-1.002332 -3.007140 2.009470 0.250000 -0.009510
-1.006172 -2.012398 1.019393 0.250000 0.071703
-1.004316 -2.008718 2.017469 0.250000 0.114517
-1.011376 -1.011376 1.038107 0.250000 0.493556
-1.006735 -1.006735 2.027247 0.250000 0.307014
-1.014118 0.000085 1.049379 0.250000 0.788030
-1.007944 0.000101 2.032164 0.250000 0.413528
-1.011366 1.011556 1.038076 0.250000 0.484345
-1.006728 1.006933 2.027222 0.250000 0.297022
-1.006155 2.012607 1.019367 0.250000 0.051633
-1.004306 2.008894 2.017462 0.250000 0.093904
-1.002676 3.008451 1.008246 0.250000 -0.119367
-1.002330 3.007274 2.009607 0.250000 -0.039198
-1.001126 4.004968 1.003909 0.250000 -0.137927
-1.001192 4.004939 2.005310 0.250000 -0.091430
0.000053 -5.002713 1.001753 0.250000 -0.100241
0.000057 -5.003150 2.002824 0.250000 -0.078033
0.000053 -4.005117 1.003655 0.250000 -0.112312
0.000066 -4.005246 2.005260 0.250000 -0.060836
0.000063 -3.009492 1.009481 0.250000 -0.079648
0.000079 -3.007977 2.010599 0.250000 0.001882
0.000075 -2.015028 1.023897 0.250000 0.158531
0.000092 -2.010019 2.020093 0.250000 0.159391
0.000085 -1.014118 1.049379 0.250000 0.788029
0.000101 -1.007944 2.032164 0.250000 0.413527
0.000089 0.000089 1.064764 0.250000 1.215580
0.000104 0.000104 2.038390 0.250000 0.558116
0.000084 1.014306 1.049345 0.250000 0.778547
0.000100 1.008148 2.032137 0.250000 0.403306
0.000074 2.015247 1.023870 0.250000 0.137962
0.000090 2.010201 2.020084 0.250000 0.138310
0.000065 3.009764 1.009618 0.250000 -0.110907
0.000078 3.008119 2.010737 0.250000 -0.028464
0.000066 4.005528 1.004344 0.250000 -0.142337
0.000069 4.005392 2.005773 0.250000 -0.091596
1.000558 -5.002465 1.001621 0.250000 -0.100738
1.000681 -5.002912 2.002655 0.250000 -0.080766
1.001199 -4.004556 1.003235 0.250000 -0.114482
1.001290 -4.004784 2.004810 0.250000 -0.067763
1.002816 -3.008172 1.008095 0.250000 -0.096242
1.002482 -3.007123 2.009462 0.250000 -0.017524
1.006330 -2.012380 1.019368 0.250000 0.063228
1.004493 -2.008704 2.017450 0.250000 0.105312
1.011556 -1.011366 1.038076 0.250000 0.484344
1.006933 -1.006728 2.027222 0.250000 0.297022
1.014306 0.000084 1.049345 0.250000 0.778547
1.008148 0.000100 2.032137 0.250000 0.403306
1.011544 1.011544 1.038047 0.250000 0.475256
1.006922 1.006922 2.027200 0.250000 0.287222
1.006311 2.012586 1.019349 0.250000 0.043451
1.004479 2.008877 2.017450 0.250000 0.085128
1.002810 3.008424 1.008241 0.250000 -0.126254
1.002479 3.007254 2.009610 0.250000 -0.046472
1.001257 4.004940 1.003923 0.250000 -0.143103
1.001323 4.004920 2.005330 0.250000 -0.096878
2.000840 -5.001884 1.001311 0.250000 -0.098514
2.001057 -5.002335 2.002243 0.250000 -0.083581
2.001729 -4.003291 1.002299 0.250000 -0.114331
2.001953 -4.003694 2.003755 0.250000 -0.078975
2.003747 -3.005418 1.005260 0.250000 -0.117982
2.003591 -3.005204 2.006918 0.250000 -0.053050
2.007557 -2.007347 1.011145 0.250000 -0.074294
2.006109 -2.005937 2.011910 0.250000 0.007284
2.012607 -1.006155 1.019367 0.250000 0.051633
2.008894 -1.004306 2.017462 0.250000 0.093903
2.015247 0.000074 1.023870 0.250000 0.137961
2.010201 0.000090 2.020084 0.250000 0.138309
2.012586 1.006311 1.019349 0.250000 0.043450
2.008877 1.004479 2.017450 0.250000 0.085127
2.007522 2.007522 1.011141 0.250000 -0.092107
2.006086 2.006086 2.011928 0.250000 -0.010710
2.003735 3.005624 1.005420 0.250000 -0.144816
2.003588 3.005311 2.007085 0.250000 -0.078595
2.001823 4.003610 1.002973 0.250000 -0.139478
2.002014 4.003804 2.004276 0.250000 -0.104223
3.000850 -5.001260 1.001062 0.250000 -0.094314
3.001109 -5.001678 2.001836 0.250000 -0.084713
3.001625 -4.002037 1.001477 0.250000 -0.111011
3.001954 -4.002514 2.002695 0.250000 -0.088169
3.003186 -3.003018 1.002923 0.250000 -0.124754
3.003379 -3.003301 2.004476 0.250000 -0.081868
3.005667 -2.003592 1.005399 0.250000 -0.130006
3.005338 -2.003465 2.007042 0.250000 -0.063859
3.008451 -1.002676 1.008246 0.250000 -0.119367
3.007274 -1.002330 2.009607 0.250000 -0.039199
3.009764 0.000065 1.009618 0.250000 -0.110906
3.008119 0.000078 2.010737 0.250000 -0.028465
3.008424 1.002810 1.008241 0.250000 -0.126254
3.007254 1.002479 2.009610 0.250000 -0.046473
3.005624 2.003735 1.005420 0.250000 -0.144816
3.005311 2.003588 2.007085 0.250000 -0.078595
3.003171 3.003171 1.003102 0.250000 -0.146536
3.003381 3.003381 2.004664 0.250000 -0.102347
3.001741 4.002279 1.002115 0.250000 -0.130464
3.002042 4.002600 2.003201 0.250000 -0.107699
4.000737 -5.000844 1.001139 0.250000 -0.085557
4.000958 -5.001167 2.001668 0.250000 -0.081078
4.001288 -4.001229 1.001270 0.250000 -0.100951
4.001588 -4.001625 2.002098 0.250000 -0.089298
4.002289 -3.001618 1.001918 0.250000 -0.115286
4.002585 -3.001972 2.002999 0.250000 -0.093233
4.003652 -2.001695 1.002918 0.250000 -0.128670
4.003826 -2.001908 2.004205 0.250000 -0.093432
4.004968 -1.001126 1.003909 0.250000 -0.137927
4.004939 -1.001192 2.005310 0.250000 -0.091431
4.005528 0.000066 1.004344 0.250000 -0.142336
4.005392 0.000069 2.005773 0.250000 -0.091596
4.004940 1.001257 1.003923 0.250000 -0.143103
4.004920 1.001323 2.005330 0.250000 -0.096878
4.003610 2.001823 1.002973 0.250000 -0.139478
4.003804 2.002014 2.004276 0.250000 -0.104224
4.002279 3.001741 1.002115 0.250000 -0.130464
4.002600 3.002042 2.003201 0.250000 -0.107700
4.001407 4.001407 1.001821 0.250000 -0.113698
4.001700 4.001700 2.002556 0.250000 -0.102386
0.000000 0.000000 -1.000000 0.250000 0.000000
