-5.000404 -5.000404 0.000352 0.250000 -0.036722
-5.000681 -4.000474 0.000060 0.250000 -0.043375
-5.001173 -3.000561 0.000021 0.250000 -0.054005
-5.001791 -2.000557 0.000106 0.250000 -0.068848
-5.002341 -1.000350 0.000212 0.250000 -0.082902
-5.002560 0.000047 0.000260 0.250000 -0.089678
-5.002314 1.000453 0.000217 0.250000 -0.086522
-5.001740 2.000686 0.000135 0.250000 -0.076858
-5.001129 3.000741 0.000173 0.250000 -0.066331
-5.000734 4.000734 0.000530 0.250000 -0.056510
-4.000474 -5.000681 0.000060 0.250000 -0.043375
-4.000909 -4.000909 -0.000299 0.250000 -0.056548
-4.001779 -3.001233 -0.000244 0.250000 -0.080275
-4.003050 -2.001390 0.000096 0.250000 -0.113763
-4.004346 -1.000984 0.000544 0.250000 -0.144692
-4.004917 0.000038 0.000764 0.250000 -0.158361
-4.004318 1.001075 0.000534 0.250000 -0.149201
-4.002994 2.001529 0.000098 0.250000 -0.124125
-4.001733 3.001466 -0.000096 0.250000 -0.096939
-4.000983 4.001276 0.000279 0.250000 -0.074815
-3.000561 -5.001173 0.000021 0.250000 -0.054005
-3.001233 -4.001779 -0.000244 0.250000 -0.080275
-3.002742 -3.002742 0.000246 0.250000 -0.128052
-3.005373 -2.003518 0.001733 0.250000 -0.188016
-3.008558 -1.002791 0.004083 0.250000 -0.226425
-3.010130 0.000043 0.005428 0.250000 -0.234797
-3.008530 1.002898 0.004065 0.250000 -0.231562
-3.005319 2.003698 0.001724 0.250000 -0.200041
-3.002698 3.003064 0.000402 0.250000 -0.147796
-3.001310 4.002286 0.000414 0.250000 -0.102384
-2.000557 -5.001791 0.000106 0.250000 -0.068848
-2.001390 -4.003050 0.000096 0.250000 -0.113763
-2.003518 -3.005373 0.001733 0.250000 -0.188016
-2.008031 -2.008031 0.007278 0.250000 -0.227906
-2.014582 -1.007263 0.018747 0.250000 -0.095661
-2.017993 0.000053 0.026638 0.250000 0.049682
-2.014559 1.007398 0.018725 0.250000 -0.101303
-2.007985 2.008263 0.007265 0.250000 -0.241148
-2.003479 3.005792 0.001906 0.250000 -0.209743
-2.001447 4.003706 0.000831 0.250000 -0.137975
-1.000350 -5.002341 0.000212 0.250000 -0.082902
-1.000984 -4.004346 0.000544 0.250000 -0.144693
-1.002791 -3.008558 0.004083 0.250000 -0.226425
-1.007263 -2.014582 0.018747 0.250000 -0.095660
-1.012862 -1.012862 0.055957 0.250000 0.725458
-1.016247 0.000063 0.077414 0.250000 1.244729
-1.012849 1.013021 0.055928 0.250000 0.719324
-1.007236 2.014854 0.018731 0.250000 -0.109846
-1.002765 3.009052 0.004273 0.250000 -0.249326
-1.001006 4.005119 0.001343 0.250000 -0.169783
0.000047 -5.002560 0.000260 0.250000 -0.089678
0.000038 -4.004917 0.000764 0.250000 -0.158362
0.000043 -3.010130 0.005428 0.250000 -0.234797
0.000053 -2.017993 0.026638 0.250000 0.049682
0.000063 -1.016247 0.077414 0.250000 1.244728
0.000067 0.000067 0.109127 0.250000 2.046920
0.000062 1.016415 0.077382 0.250000 1.238353
0.000054 2.018280 0.026620 0.250000 0.035045
0.000050 3.010653 0.005627 0.250000 -0.258091
0.000061 4.005733 0.001594 0.250000 -0.183578
1.000453 -5.002314 0.000217 0.250000 -0.086522
1.001075 -4.004318 0.000534 0.250000 -0.149200
1.002898 -3.008530 0.004065 0.250000 -0.231562
1.007398 -2.014559 0.018725 0.250000 -0.101303
1.013021 -1.012849 0.055928 0.250000 0.719325
1.016415 0.000062 0.077382 0.250000 1.238355
1.013007 1.013007 0.055901 0.250000 0.713173
1.007372 2.014830 0.018713 0.250000 -0.115494
1.002884 3.009022 0.004264 0.250000 -0.254343
1.001140 4.005087 0.001352 0.250000 -0.173827
2.000686 -5.001740 0.000135 0.250000 -0.076857
2.001529 -4.002994 0.000098 0.250000 -0.124126
2.003698 -3.005319 0.001724 0.250000 -0.200041
2.008263 -2.007985 0.007265 0.250000 -0.241149
2.014854 -1.007236 0.018731 0.250000 -0.109846
2.018280 0.000054 0.026620 0.250000 0.035044
2.014830 1.007372 0.018713 0.250000 -0.115493
2.008215 2.008215 0.007263 0.250000 -0.254294
2.003666 3.005733 0.001917 0.250000 -0.221258
2.001620 4.003645 0.000872 0.250000 -0.146906
3.000741 -5.001129 0.000173 0.250000 -0.066331
3.001466 -4.001733 -0.000096 0.250000 -0.096939
3.003064 -3.002698 0.000402 0.250000 -0.147796
3.005792 -2.003479 0.001906 0.250000 -0.209742
3.009052 -1.002765 0.004273 0.250000 -0.249326
3.010653 0.000050 0.005627 0.250000 -0.258091
3.009022 1.002884 0.004264 0.250000 -0.254342
3.005733 2.003666 0.001917 0.250000 -0.221257
3.003018 3.003018 0.000591 0.250000 -0.165999
3.001557 4.002234 0.000607 0.250000 -0.115881
4.000734 -5.000734 0.000530 0.250000 -0.056510
4.001276 -4.000983 0.000279 0.250000 -0.074814
4.002286 -3.001310 0.000414 0.250000 -0.102384
4.003706 -2.001447 0.000831 0.250000 -0.137975
4.005119 -1.001006 0.001343 0.250000 -0.169783
4.005733 0.000061 0.001594 0.250000 -0.183579
4.005087 1.001140 0.001352 0.250000 -0.173827
4.003645 2.001620 0.000872 0.250000 -0.146907
4.002234 3.001557 0.000607 0.250000 -0.115881
4.001342 4.001342 0.000855 0.250000 -0.088389
-5.000339 -5.000339 1.000560 0.250000 -0.041432
-5.000598 -5.000598 2.000950 0.250000 -0.042194
-5.000621 -4.000516 1.000452 0.250000 -0.045777
-5.000997 -4.000852 2.001059 0.250000 -0.044537
-5.001141 -3.000680 1.000647 0.250000 -0.051035
-5.001605 -3.001018 2.001437 0.250000 -0.046193
-5.001796 -2.000680 1.000987 0.250000 -0.058274
-5.002314 -2.000944 2.001950 0.250000 -0.048145
-5.002373 -1.000422 1.001304 0.250000 -0.065171
-5.002906 -1.000556 2.002399 0.250000 -0.050206
-5.002600 0.000052 1.001432 0.250000 -0.069076
-5.003133 0.000067 2.002578 0.250000 -0.052290
-5.002344 1.000526 1.001298 0.250000 -0.069248
-5.002882 1.000683 2.002399 0.250000 -0.054654
-5.001748 2.000779 1.000997 0.250000 -0.067222
-5.002281 2.001046 2.001976 0.250000 -0.057338
-5.001118 3.000766 1.000760 0.250000 -0.064846
-5.001602 3.001080 2.001561 0.250000 -0.059537
-5.000717 4.000643 1.000862 0.250000 -0.060359
-5.001083 4.000909 2.001401 0.250000 -0.058786
-4.000516 -5.000621 1.000452 0.250000 -0.045777
-4.000852 -5.000997 2.001059 0.250000 -0.044536
-4.001006 -4.001006 1.000475 0.250000 -0.050508
-4.001486 -4.001486 2.001436 0.250000 -0.044286
-4.001941 -3.001430 1.001043 0.250000 -0.057692
-4.002487 -3.001875 2.002317 0.250000 -0.042307
-4.003260 -2.001575 1.001961 0.250000 -0.068145
-4.003743 -2.001854 2.003518 0.250000 -0.039688
-4.004566 -1.001082 1.002885 0.250000 -0.077398
-4.004879 -1.001170 2.004623 0.250000 -0.037126
-4.005130 0.000051 1.003283 0.250000 -0.082232
-4.005342 0.000078 2.005076 0.250000 -0.037444
-4.004536 1.001187 1.002858 0.250000 -0.082679
-4.004852 1.001318 2.004602 0.250000 -0.042980
-4.003207 2.001685 1.001929 0.250000 -0.080145
-4.003704 2.001976 2.003508 0.250000 -0.052063
-4.001910 3.001540 1.001120 0.250000 -0.077045
-4.002473 3.001950 2.002413 0.250000 -0.060807
-4.001105 4.001184 1.000942 0.250000 -0.071625
-4.001558 4.001552 2.001804 0.250000 -0.064555
-3.000680 -5.001141 1.000647 0.250000 -0.051035
-3.001018 -5.001605 2.001437 0.250000 -0.046193
-3.001430 -4.001941 1.001043 0.250000 -0.057692
-3.001875 -4.002487 2.002317 0.250000 -0.042306
-3.002994 -3.002994 1.002461 0.250000 -0.067820
-3.003333 -3.003333 2.004150 0.250000 -0.033155
-3.005566 -2.003675 1.004918 0.250000 -0.077127
-3.005366 -2.003549 2.006800 0.250000 -0.017400
-3.008525 -1.002795 1.007791 0.250000 -0.074941
-3.007402 -1.002406 2.009462 0.250000 0.002375
-3.009939 0.000061 1.009184 0.250000 -0.070740
-3.008296 0.000093 2.010628 0.250000 0.010642
-3.008497 1.002925 1.007748 0.250000 -0.081244
-3.007377 1.002587 2.009423 0.250000 -0.004776
-3.005516 2.003822 1.004855 0.250000 -0.091714
-3.005327 2.003706 2.006757 0.250000 -0.032717
-3.002963 3.003163 1.002507 0.250000 -0.091903
-3.003314 3.003441 2.004213 0.250000 -0.056467
-3.001521 4.002205 1.001535 0.250000 -0.084605
-3.001932 4.002585 2.002690 0.250000 -0.068282
-2.000680 -5.001796 1.000987 0.250000 -0.058274
-2.000944 -5.002314 2.001950 0.250000 -0.048145
-2.001575 -4.003260 1.001961 0.250000 -0.068145
-2.001854 -4.003743 2.003518 0.250000 -0.039688
-2.003675 -3.005566 1.004918 0.250000 -0.077128
-2.003549 -3.005366 2.006800 0.250000 -0.017400
-2.007780 -2.007780 1.010941 0.250000 -0.054239
-2.006211 -2.006211 2.012022 0.250000 0.030359
-2.013341 -1.006647 1.019606 0.250000 0.043290
-2.009205 -1.004550 2.017892 0.250000 0.100824
-2.016278 0.000074 1.024421 0.250000 0.115976
-2.010623 0.000109 2.020675 0.250000 0.137739
-2.013319 1.006808 1.019550 0.250000 0.036129
-2.009185 1.004764 2.017838 0.250000 0.092593
-2.007740 2.007971 1.010854 0.250000 -0.070936
-2.006181 2.006405 2.011952 0.250000 0.012599
-2.003648 3.005802 1.004942 0.250000 -0.104954
-2.003532 3.005513 2.006835 0.250000 -0.044681
-2.001644 4.003623 1.002477 0.250000 -0.099328
-2.001894 4.003881 2.003890 0.250000 -0.070281
-1.000422 -5.002373 1.001304 0.250000 -0.065171
-1.000556 -5.002906 2.002399 0.250000 -0.050206
-1.001082 -4.004566 1.002885 0.250000 -0.077397
-1.001170 -4.004879 2.004623 0.250000 -0.037126
-1.002795 -3.008525 1.007791 0.250000 -0.074941
-1.002406 -3.007402 2.009462 0.250000 0.002375
-1.006647 -2.013341 1.019606 0.250000 0.043290
-1.004550 -2.009205 2.017892 0.250000 0.100825
-1.012486 -1.012486 1.039868 0.250000 0.410645
-1.007203 -1.007203 2.028362 0.250000 0.263038
-1.015580 0.000085 1.052251 0.250000 0.678818
-1.008538 0.000120 2.033669 0.250000 0.355698
-1.012473 1.012671 1.039803 0.250000 0.402825
-1.007193 1.007441 2.028299 0.250000 0.254058
-1.006625 2.013567 1.019504 0.250000 0.025087
-1.004534 2.009425 2.017804 0.250000 0.081412
-1.002778 3.008814 1.007803 0.250000 -0.105280
-1.002396 3.007580 2.009479 0.250000 -0.027555
-1.001113 4.005008 1.003425 0.250000 -0.111193
-1.001189 4.005049 2.004996 0.250000 -0.070711
0.000052 -5.002600 1.001432 0.250000 -0.069076
0.000067 -5.003133 2.002578 0.250000 -0.052290
0.000051 -4.005130 1.003283 0.250000 -0.082232
0.000078 -4.005342 2.005076 0.250000 -0.037444
0.000061 -3.009939 1.009184 0.250000 -0.070741
0.000093 -3.008296 2.010628 0.250000 0.010642
0.000074 -2.016278 1.024421 0.250000 0.115976
0.000109 -2.010623 2.020675 0.250000 0.137739
0.000085 -1.015580 1.052251 0.250000 0.678816
0.000120 -1.008538 2.033669 0.250000 0.355698
0.000089 0.000089 1.069264 0.250000 1.073985
0.000124 0.000124 2.040431 0.250000 0.483633
0.000084 1.015773 1.052183 0.250000 0.670718
0.000118 1.008783 2.033603 0.250000 0.346465
0.000073 2.016514 1.024315 0.250000 0.097211
0.000106 2.010852 2.020583 0.250000 0.117785
0.000064 3.010246 1.009195 0.250000 -0.101929
0.000092 3.008485 2.010642 0.250000 -0.020117
0.000066 4.005602 1.003838 0.250000 -0.116785
0.000081 4.005525 2.005456 0.250000 -0.071895
1.000526 -5.002344 1.001298 0.250000 -0.069248
1.000683 -5.002882 2.002399 0.250000 -0.054655
1.001187 -4.004536 1.002858 0.250000 -0.082679
1.001318 -4.004852 2.004602 0.250000 -0.042979
1.002925 -3.008497 1.007748 0.250000 -0.081244
1.002587 -3.007377 2.009423 0.250000 -0.004777
1.006808 -2.013319 1.019550 0.250000 0.036130
1.004764 -2.009185 2.017838 0.250000 0.092593
1.012671 -1.012473 1.039803 0.250000 0.402823
1.007441 -1.007193 2.028299 0.250000 0.254059
1.015773 0.000084 1.052183 0.250000 0.670719
1.008783 0.000118 2.033603 0.250000 0.346466
1.012655 1.012655 1.039742 0.250000 0.395022
1.007427 1.007427 2.028239 0.250000 0.245170
1.006782 2.013541 1.019455 0.250000 0.018014
1.004742 2.009402 2.017759 0.250000 0.073407
1.002912 3.008782 1.007772 0.250000 -0.111319
1.002574 3.007552 2.009454 0.250000 -0.034258
1.001246 4.004975 1.003419 0.250000 -0.115880
1.001345 4.005021 2.004995 0.250000 -0.075846
2.000779 -5.001748 1.000997 0.250000 -0.067223
2.001046 -5.002281 2.001976 0.250000 -0.057338
2.001685 -4.003207 1.001929 0.250000 -0.080145
2.001976 -4.003704 2.003508 0.250000 -0.052063
2.003822 -3.005516 1.004855 0.250000 -0.091714
2.003706 -3.005327 2.006757 0.250000 -0.032718
2.007971 -2.007740 1.010854 0.250000 -0.070937
2.006405 -2.006181 2.011952 0.250000 0.012599
2.013567 -1.006625 1.019504 0.250000 0.025087
2.009425 -1.004534 2.017804 0.250000 0.081411
2.016514 0.000073 1.024315 0.250000 0.097212
2.010852 0.000106 2.020583 0.250000 0.117785
2.013541 1.006782 1.019455 0.250000 0.018014
2.009402 1.004742 2.017759 0.250000 0.073408
2.007926 2.007926 1.010783 0.250000 -0.087332
2.006368 2.006368 2.011899 0.250000 -0.004588
2.003796 3.005745 1.004906 0.250000 -0.118726
2.003685 3.005470 2.006819 0.250000 -0.058886
2.001777 4.003567 1.002490 0.250000 -0.109634
2.002024 4.003841 2.003917 0.250000 -0.080896
3.000766 -5.001118 1.000760 0.250000 -0.064846
3.001080 -5.001602 2.001561 0.250000 -0.059537
3.001540 -4.001910 1.001120 0.250000 -0.077044
3.001950 -4.002473 2.002413 0.250000 -0.060806
3.003163 -3.002963 1.002507 0.250000 -0.091903
3.003441 -3.003314 2.004213 0.250000 -0.056467
3.005802 -2.003648 1.004942 0.250000 -0.104954
3.005513 -2.003532 2.006835 0.250000 -0.044681
3.008814 -1.002778 1.007803 0.250000 -0.105279
3.007580 -1.002396 2.009479 0.250000 -0.027554
3.010246 0.000064 1.009195 0.250000 -0.101929
3.008485 0.000092 2.010643 0.250000 -0.020118
3.008782 1.002912 1.007772 0.250000 -0.111320
3.007552 1.002574 2.009454 0.250000 -0.034258
3.005745 2.003796 1.004906 0.250000 -0.118726
3.005470 2.003685 2.006819 0.250000 -0.058887
3.003129 3.003129 1.002597 0.250000 -0.114039
3.003421 3.003421 2.004316 0.250000 -0.077666
3.001651 4.002176 1.001670 0.250000 -0.100389
3.002021 4.002576 2.002831 0.250000 -0.083583
4.000643 -5.000717 1.000862 0.250000 -0.060359
4.000909 -5.001083 2.001401 0.250000 -0.058786
4.001184 -4.001105 1.000942 0.250000 -0.071625
4.001552 -4.001558 2.001804 0.250000 -0.064554
4.002205 -3.001521 1.001535 0.250000 -0.084605
4.002585 -3.001932 2.002690 0.250000 -0.068282
4.003623 -2.001644 1.002477 0.250000 -0.099328
4.003881 -2.001894 2.003890 0.250000 -0.070282
4.005008 -1.001113 1.003425 0.250000 -0.111193
4.005049 -1.001189 2.004996 0.250000 -0.070711
4.005602 0.000066 1.003838 0.250000 -0.116785
4.005525 0.000081 2.005456 0.250000 -0.071895
4.004975 1.001246 1.003419 0.250000 -0.115880
4.005021 1.001345 2.004995 0.250000 -0.075846
4.003567 2.001777 1.002490 0.250000 -0.109634
4.003841 2.002024 2.003917 0.250000 -0.080896
4.002176 3.001651 1.001670 0.250000 -0.100389
4.002576 3.002021 2.002831 0.250000 -0.083583
4.001296 4.001296 1.001432 0.250000 -0.087546
4.001645 4.001645 2.002202 0.250000 -0.080385
0.000000 0.000000 -1.000000 0.250000 0.000000
