-4.999631 -4.999631 0.000575 0.250000 0.003242
-4.999486 -3.999574 0.000423 0.250000 0.006269
-4.999437 -2.999645 0.000477 0.250000 0.012806
-4.999570 -1.999821 0.000498 0.250000 0.019878
-4.999840 -0.999981 0.000439 0.250000 0.024800
-4.999999 -0.000050 0.000401 0.250000 0.026646
-4.999874 0.999880 0.000443 0.250000 0.025586
-4.999602 1.999719 0.000481 0.250000 0.021209
-4.999421 2.999559 0.000492 0.250000 0.014571
-4.999461 3.999542 0.000714 0.250000 0.009837
-3.999574 -4.999486 0.000422 0.250000 0.006268
-3.999539 -3.999539 0.000208 0.250000 0.013454
-3.999936 -2.999957 0.000083 0.250000 0.023788
-4.001088 -2.000567 -0.000386 0.250000 0.027307
-4.002718 -1.000713 -0.001069 0.250000 0.020626
-4.003561 -0.000063 -0.001395 0.250000 0.015501
-4.002755 1.000580 -0.001066 0.250000 0.021700
-4.001118 2.000424 -0.000424 0.250000 0.029155
-3.999901 2.999848 0.000048 0.250000 0.026069
-3.999508 3.999545 0.000511 0.250000 0.017872
-2.999645 -4.999437 0.000477 0.250000 0.012806
-2.999957 -3.999936 0.000083 0.250000 0.023788
-3.001588 -3.001588 -0.000785 0.250000 0.024183
-3.005789 -2.003895 -0.002533 0.250000 -0.015089
-3.011939 -1.004058 -0.003692 0.250000 -0.078809
-3.015228 -0.000073 -0.003672 0.250000 -0.107568
-3.011971 1.003902 -0.003684 0.250000 -0.077468
-3.005806 2.003734 -0.002573 0.250000 -0.012684
-3.001531 3.001508 -0.000845 0.250000 0.027163
-2.999920 4.000074 0.000370 0.250000 0.028865
-1.999821 -4.999570 0.000498 0.250000 0.019878
-2.000567 -4.001088 -0.000386 0.250000 0.027307
-2.003895 -3.005789 -0.002533 0.250000 -0.015089
-2.013201 -2.013201 -0.003035 0.250000 -0.139604
-2.028351 -1.014269 0.008212 0.250000 -0.208034
-2.036564 -0.000086 0.019910 0.250000 -0.179777
-2.028374 1.014087 0.008224 0.250000 -0.206421
-2.013203 2.013028 -0.003078 0.250000 -0.136749
-2.003831 3.005772 -0.002604 0.250000 -0.011544
-2.000531 4.001427 -0.000100 0.250000 0.032824
-0.999981 -4.999840 0.000439 0.250000 0.024800
-1.000713 -4.002718 -0.001069 0.250000 0.020626
-1.004058 -3.011939 -0.003692 0.250000 -0.078808
-1.014269 -2.028351 0.008212 0.250000 -0.208034
-1.027782 -1.027782 0.073171 0.250000 0.123479
-1.036032 -0.000097 0.114072 0.250000 0.380829
-1.027793 1.027579 0.073188 0.250000 0.125563
-1.014266 2.028172 0.008163 0.250000 -0.204744
-1.004016 3.011987 -0.003772 0.250000 -0.074937
-1.000692 4.003246 -0.000778 0.250000 0.026239
-0.000050 -4.999999 0.000401 0.250000 0.026646
-0.000063 -4.003561 -0.001395 0.250000 0.015501
-0.000073 -3.015228 -0.003672 0.250000 -0.107568
-0.000086 -2.036564 0.019910 0.250000 -0.179779
-0.000097 -1.036032 0.114072 0.250000 0.380828
-0.000101 -0.000101 0.177142 0.250000 0.813607
-0.000096 1.035821 0.114091 0.250000 0.383199
-0.000087 2.036385 0.019855 0.250000 -0.176215
-0.000079 3.015306 -0.003758 0.250000 -0.103570
-0.000063 4.004168 -0.001104 0.250000 0.021085
0.999880 -4.999874 0.000443 0.250000 0.025586
1.000580 -4.002755 -0.001066 0.250000 0.021701
1.003902 -3.011971 -0.003684 0.250000 -0.077468
1.014087 -2.028374 0.008224 0.250000 -0.206421
1.027579 -1.027793 0.073188 0.250000 0.125564
1.035821 -0.000096 0.114091 0.250000 0.383199
1.027592 1.027592 0.073203 0.250000 0.127705
1.014082 2.028198 0.008171 0.250000 -0.203058
1.003850 3.012021 -0.003771 0.250000 -0.073581
1.000564 4.003280 -0.000776 0.250000 0.027252
1.999719 -4.999602 0.000481 0.250000 0.021209
2.000424 -4.001118 -0.000424 0.250000 0.029155
2.003734 -3.005806 -0.002573 0.250000 -0.012684
2.013028 -2.013203 -0.003078 0.250000 -0.136748
2.028172 -1.014266 0.008163 0.250000 -0.204745
2.036385 -0.000087 0.019855 0.250000 -0.176214
2.028198 1.014082 0.008171 0.250000 -0.203058
2.013031 2.013031 -0.003130 0.250000 -0.133835
2.003667 3.005788 -0.002653 0.250000 -0.009200
2.000409 4.001450 -0.000125 0.250000 0.034567
2.999559 -4.999421 0.000492 0.250000 0.014571
2.999848 -3.999901 0.000048 0.250000 0.026070
3.001508 -3.001531 -0.000845 0.250000 0.027164
3.005772 -2.003831 -0.002604 0.250000 -0.011544
3.011987 -1.004016 -0.003772 0.250000 -0.074936
3.015306 -0.000079 -0.003758 0.250000 -0.103570
3.012021 1.003850 -0.003771 0.250000 -0.073581
3.005788 2.003667 -0.002653 0.250000 -0.009200
3.001453 3.001453 -0.000897 0.250000 0.030041
2.999840 4.000037 0.000378 0.250000 0.031184
3.999542 -4.999461 0.000714 0.250000 0.009838
3.999545 -3.999508 0.000511 0.250000 0.017872
4.000074 -2.999920 0.000370 0.250000 0.028865
4.001427 -2.000531 -0.000100 0.250000 0.032824
4.003246 -1.000692 -0.000778 0.250000 0.026239
4.004168 -0.000063 -0.001104 0.250000 0.021085
4.003280 1.000564 -0.000776 0.250000 0.027252
4.001450 2.000409 -0.000125 0.250000 0.034568
4.000037 2.999840 0.000378 0.250000 0.031183
3.999538 3.999538 0.000838 0.250000 0.022229
-4.999368 -4.999368 1.000468 0.250000 -0.001434
-4.999903 -4.999903 2.000712 0.250000 -0.003579
-4.999197 -3.999419 1.000398 0.250000 -0.002664
-5.000129 -4.000179 2.000846 0.250000 -0.005328
-4.999118 -2.999553 1.000677 0.250000 -0.000013
-5.000550 -3.000421 2.001318 0.250000 -0.003842
-4.999158 -1.999732 1.001078 0.250000 0.005397
-5.001091 -2.000504 2.001958 0.250000 0.000496
-4.999288 -0.999908 1.001425 0.250000 0.010966
-5.001575 -1.000351 2.002520 0.250000 0.005444
-4.999369 -0.000038 1.001570 0.250000 0.013762
-5.001773 -0.000007 2.002752 0.250000 0.008200
-4.999303 0.999834 1.001437 0.250000 0.012584
-5.001565 1.000339 2.002529 0.250000 0.007478
-4.999160 1.999653 1.001072 0.250000 0.008393
-5.001059 2.000486 2.001963 0.250000 0.004307
-4.999081 2.999440 1.000677 0.250000 0.003915
-5.000496 3.000364 2.001345 0.250000 0.001212
-4.999186 3.999307 1.000639 0.250000 0.002710
-5.000106 4.000079 2.001028 0.250000 0.000528
-3.999419 -4.999197 1.000398 0.250000 -0.002664
-4.000179 -5.000129 2.000846 0.250000 -0.005328
-3.999335 -3.999335 1.000590 0.250000 -0.000631
-4.000654 -4.000654 2.001410 0.250000 -0.004327
-3.999513 -2.999683 1.001367 0.250000 0.009170
-4.001486 -3.001150 2.002623 0.250000 0.003456
-4.000118 -2.000122 1.002348 0.250000 0.021818
-4.002611 -2.001335 2.004198 0.250000 0.015726
-4.001019 -1.000315 1.003183 0.250000 0.030614
-4.003694 -1.000940 2.005604 0.250000 0.026867
-4.001500 -0.000046 1.003527 0.250000 0.033914
-4.004159 -0.000004 2.006184 0.250000 0.032076
-4.001036 1.000225 1.003191 0.250000 0.032926
-4.003679 1.000939 2.005602 0.250000 0.029695
-4.000114 2.000028 1.002310 0.250000 0.026112
-4.002565 2.001335 2.004164 0.250000 0.021013
-3.999451 2.999557 1.001281 0.250000 0.014657
-4.001403 3.001108 2.002573 0.250000 0.010379
-3.999300 3.999237 1.000779 0.250000 0.006524
-4.000591 4.000555 2.001526 0.250000 0.003504
-2.999553 -4.999118 1.000677 0.250000 -0.000013
-3.000421 -5.000550 2.001318 0.250000 -0.003842
-2.999683 -3.999513 1.001367 0.250000 0.009170
-3.001150 -4.001486 2.002623 0.250000 0.003457
-3.000568 -3.000568 1.002922 0.250000 0.026446
-3.002506 -3.002506 2.005093 0.250000 0.020899
-3.003007 -2.002069 1.004922 0.250000 0.034180
-3.004590 -2.003069 2.008406 0.250000 0.041022
-3.006785 -1.002369 1.007090 0.250000 0.026454
-3.006895 -1.002306 2.011617 0.250000 0.055185
-3.008858 -0.000049 1.008244 0.250000 0.021621
-3.007979 0.000005 2.013033 0.250000 0.061071
-3.006797 1.002276 1.007097 0.250000 0.029456
-3.006876 1.002328 2.011601 0.250000 0.058793
-3.002992 2.001984 1.004855 0.250000 0.039775
-3.004534 2.003108 2.008326 0.250000 0.047726
-3.000484 3.000483 1.002748 0.250000 0.033453
-3.002404 3.002516 2.004946 0.250000 0.029499
-2.999630 3.999518 1.001452 0.250000 0.017667
-3.001060 4.001438 2.002623 0.250000 0.012818
-1.999732 -4.999158 1.001078 0.250000 0.005398
-2.000504 -5.001091 2.001958 0.250000 0.000496
-2.000122 -4.000118 1.002348 0.250000 0.021818
-2.001335 -4.002611 2.004198 0.250000 0.015726
-2.002069 -3.003007 1.004922 0.250000 0.034180
-2.003069 -3.004590 2.008406 0.250000 0.041021
-2.007950 -2.007950 1.009668 0.250000 0.008817
-2.006230 -2.006230 2.014681 0.250000 0.061599
-2.017952 -1.009131 1.018827 0.250000 -0.017011
-2.010348 -1.005179 2.021893 0.250000 0.073608
-2.023754 -0.000052 1.025058 0.250000 -0.014141
-2.012478 0.000014 2.025501 0.250000 0.080497
-2.017958 1.009035 1.018829 0.250000 -0.013419
-2.010329 1.005227 2.021862 0.250000 0.077851
-2.007928 2.007882 1.009570 0.250000 0.015415
-2.006175 2.006317 2.014552 0.250000 0.069387
-2.001983 3.002993 1.004656 0.250000 0.042173
-2.002970 3.004669 2.008154 0.250000 0.050723
-2.000070 4.000285 1.002323 0.250000 0.030936
-2.001245 4.002642 2.004066 0.250000 0.025837
-0.999908 -4.999288 1.001425 0.250000 0.010965
-1.000351 -5.001575 2.002520 0.250000 0.005443
-1.000315 -4.001019 1.003183 0.250000 0.030614
-1.000940 -4.003694 2.005604 0.250000 0.026866
-1.002369 -3.006785 1.007090 0.250000 0.026455
-1.002306 -3.006895 2.011617 0.250000 0.055185
-1.009131 -2.017952 1.018827 0.250000 -0.017011
-1.005179 -2.010348 2.021893 0.250000 0.073608
-1.021301 -1.021301 1.048371 0.250000 0.050593
-1.009396 -1.009396 2.035926 0.250000 0.096680
-1.028129 -0.000054 1.069738 0.250000 0.156029
-1.011728 0.000023 2.043706 0.250000 0.118062
-1.021302 1.021206 1.048368 0.250000 0.054668
-1.009383 1.009468 2.035881 0.250000 0.101344
-1.009114 2.017903 1.018697 0.250000 -0.009759
-1.005143 2.010475 2.021722 0.250000 0.082033
-1.002314 3.006840 1.006747 0.250000 0.034848
-1.002243 3.007036 2.011278 0.250000 0.065370
-1.000281 4.001339 1.003066 0.250000 0.039679
-1.000881 4.003799 2.005362 0.250000 0.037045
-0.000038 -4.999369 1.001570 0.250000 0.013762
-0.000007 -5.001773 2.002752 0.250000 0.008200
-0.000046 -4.001500 1.003527 0.250000 0.033914
-0.000004 -4.004159 2.006184 0.250000 0.032076
-0.000049 -3.008858 1.008244 0.250000 0.021621
0.000005 -3.007979 2.013033 0.250000 0.061072
-0.000052 -2.023754 1.025058 0.250000 -0.014141
0.000014 -2.012478 2.025501 0.250000 0.080498
-0.000054 -1.028129 1.069738 0.250000 0.156029
0.000023 -1.011728 2.043707 0.250000 0.118062
-0.000054 -0.000054 1.101015 0.250000 0.338259
0.000027 0.000027 2.054181 0.250000 0.154284
-0.000053 1.028037 1.069732 0.250000 0.160328
0.000024 1.011810 2.043656 0.250000 0.122858
-0.000052 2.023716 1.024914 0.250000 -0.006656
0.000016 2.012621 2.025313 0.250000 0.089096
-0.000052 3.008944 1.007866 0.250000 0.030066
0.000007 3.008145 2.012659 0.250000 0.071302
-0.000043 4.001882 1.003372 0.250000 0.042788
0.000002 4.004294 2.005897 0.250000 0.042087
0.999834 -4.999303 1.001437 0.250000 0.012584
1.000339 -5.001565 2.002529 0.250000 0.007478
1.000225 -4.001036 1.003191 0.250000 0.032926
1.000939 -4.003679 2.005602 0.250000 0.029695
1.002276 -3.006797 1.007097 0.250000 0.029456
1.002328 -3.006876 2.011601 0.250000 0.058794
1.009035 -2.017958 1.018829 0.250000 -0.013420
1.005227 -2.010329 2.021862 0.250000 0.077852
1.021206 -1.021302 1.048368 0.250000 0.054669
1.009468 -1.009383 2.035881 0.250000 0.101343
1.028037 -0.000053 1.069732 0.250000 0.160328
1.011810 0.000024 2.043656 0.250000 0.122859
1.021210 1.021210 1.048363 0.250000 0.058745
1.009458 1.009458 2.035835 0.250000 0.105947
1.009019 2.017912 1.018695 0.250000 -0.006215
1.005195 2.010457 2.021687 0.250000 0.086133
1.002216 3.006853 1.006747 0.250000 0.037696
1.002269 3.007017 2.011259 0.250000 0.068728
1.000200 4.001351 1.003073 0.250000 0.041750
1.000890 4.003782 2.005359 0.250000 0.039546
1.999653 -4.999160 1.001072 0.250000 0.008393
2.000486 -5.001059 2.001963 0.250000 0.004306
2.000028 -4.000114 1.002310 0.250000 0.026112
2.001335 -4.002565 2.004164 0.250000 0.021012
2.001984 -3.002992 1.004855 0.250000 0.039775
2.003108 -3.004534 2.008326 0.250000 0.047725
2.007882 -2.007928 1.009570 0.250000 0.015415
2.006317 -2.006175 2.014552 0.250000 0.069387
2.017903 -1.009114 1.018697 0.250000 -0.009760
2.010475 -1.005143 2.021722 0.250000 0.082033
2.023716 -0.000052 1.024914 0.250000 -0.006656
2.012621 0.000016 2.025313 0.250000 0.089095
2.017912 1.009019 1.018695 0.250000 -0.006216
2.010457 1.005195 2.021687 0.250000 0.086133
2.007861 2.007861 1.009461 0.250000 0.021833
2.006263 2.006263 2.014417 0.250000 0.076841
2.001894 3.002975 1.004582 0.250000 0.047369
2.003011 3.004611 2.008072 0.250000 0.056875
1.999992 4.000272 1.002295 0.250000 0.034716
2.001256 4.002592 2.004040 0.250000 0.030440
2.999440 -4.999081 1.000677 0.250000 0.003915
3.000364 -5.000496 2.001345 0.250000 0.001213
2.999557 -3.999451 1.001281 0.250000 0.014657
3.001108 -4.001403 2.002573 0.250000 0.010379
3.000483 -3.000484 1.002748 0.250000 0.033453
3.002516 -3.002404 2.004946 0.250000 0.029498
3.002993 -2.001983 1.004656 0.250000 0.042172
3.004669 -2.002970 2.008154 0.250000 0.050723
3.006840 -1.002314 1.006747 0.250000 0.034848
3.007036 -1.002243 2.011278 0.250000 0.065370
3.008944 -0.000052 1.007866 0.250000 0.030066
3.008145 0.000007 2.012659 0.250000 0.071302
3.006853 1.002216 1.006747 0.250000 0.037697
3.007017 1.002269 2.011259 0.250000 0.068728
3.002975 2.001894 1.004582 0.250000 0.047368
3.004611 2.003011 2.008072 0.250000 0.056876
3.000395 3.000395 1.002581 0.250000 0.039800
3.002414 3.002413 2.004807 0.250000 0.037240
2.999531 3.999454 1.001407 0.250000 0.022458
3.001033 4.001358 2.002597 0.250000 0.018719
3.999307 -4.999186 1.000639 0.250000 0.002710
4.000079 -5.000106 2.001028 0.250000 0.000529
3.999237 -3.999300 1.000779 0.250000 0.006524
4.000555 -4.000591 2.001526 0.250000 0.003504
3.999518 -2.999630 1.001452 0.250000 0.017668
4.001438 -3.001060 2.002623 0.250000 0.012818
4.000285 -2.000070 1.002323 0.250000 0.030936
4.002642 -2.001245 2.004066 0.250000 0.025837
4.001339 -1.000281 1.003066 0.250000 0.039679
4.003799 -1.000881 2.005362 0.250000 0.037045
4.001882 -0.000043 1.003372 0.250000 0.042787
4.004294 0.000002 2.005897 0.250000 0.042087
4.001351 1.000200 1.003073 0.250000 0.041750
4.003782 1.000890 2.005359 0.250000 0.039546
4.000272 1.999992 1.002295 0.250000 0.034716
4.002592 2.001256 2.004040 0.250000 0.030441
3.999454 2.999531 1.001407 0.250000 0.022459
4.001358 3.001033 2.002597 0.250000 0.018719
3.999234 3.999234 1.001004 0.250000 0.012742
4.000518 4.000518 2.001667 0.250000 0.010049
0.000000 0.000000 -1.000000 0.250000 0.000000
