-4.999836 -4.999836 0.000378 0.250000 0.011962
-4.999900 -3.999858 0.000127 0.250000 0.016379
-5.000174 -2.999988 0.000037 0.250000 0.020290
-5.000637 -2.000139 -0.000061 0.250000 0.021176
-5.001131 -1.000166 -0.000177 0.250000 0.019641
-5.001355 -0.000028 -0.000235 0.250000 0.018823
-5.001129 1.000116 -0.000198 0.250000 0.020483
-5.000608 2.000115 -0.000113 0.250000 0.022014
-5.000117 3.000019 0.000018 0.250000 0.019949
-4.999915 3.999991 0.000367 0.250000 0.015188
-3.999858 -4.999900 0.000127 0.250000 0.016379
-4.000081 -4.000081 -0.000258 0.250000 0.021759
-4.000833 -3.000554 -0.000529 0.250000 0.021121
-4.002236 -2.001043 -0.000900 0.250000 0.007763
-4.003891 -1.000945 -0.001256 0.250000 -0.012861
-4.004681 -0.000051 -0.001399 0.250000 -0.022796
-4.003889 1.000852 -0.001289 0.250000 -0.011456
-4.002202 2.000990 -0.000991 0.250000 0.009302
-4.000764 3.000605 -0.000607 0.250000 0.020720
-4.000112 4.000317 -0.000008 0.250000 0.019395
-2.999988 -5.000174 0.000037 0.250000 0.020289
-3.000554 -4.000833 -0.000529 0.250000 0.021121
-3.002347 -3.002347 -0.001133 0.250000 -0.002686
-3.006124 -2.004069 -0.001612 0.250000 -0.065479
-3.011188 -1.003757 -0.001070 0.250000 -0.136311
-3.013805 -0.000058 -0.000337 0.250000 -0.163616
-3.011184 1.003654 -0.001108 0.250000 -0.134465
-3.006084 2.004031 -0.001722 0.250000 -0.063380
-3.002268 3.002481 -0.001246 0.250000 -0.003205
-3.000586 4.001256 -0.000288 0.250000 0.017219
-2.000139 -5.000637 -0.000061 0.250000 0.021176
-2.001043 -4.002236 -0.000900 0.250000 0.007763
-2.004069 -3.006124 -0.001612 0.250000 -0.065478
-2.011511 -2.011511 0.001071 0.250000 -0.191246
-2.023050 -1.011577 0.013581 0.250000 -0.215119
-2.029210 -0.000061 0.024225 0.250000 -0.154233
-2.023044 1.011475 0.013540 0.250000 -0.212927
-2.011470 2.011503 0.000947 0.250000 -0.188837
-2.003994 3.006371 -0.001743 0.250000 -0.066303
-2.001063 4.002889 -0.000648 0.250000 0.002292
-1.000166 -5.001131 -0.000177 0.250000 0.019641
-1.000945 -4.003891 -0.001256 0.250000 -0.012861
-1.003757 -3.011188 -0.001070 0.250000 -0.136311
-1.011577 -2.023050 0.013581 0.250000 -0.215119
-1.021716 -1.021716 0.068697 0.250000 0.260343
-1.027884 -0.000061 0.102235 0.250000 0.601977
-1.021711 1.021618 0.068649 0.250000 0.262903
-1.011550 2.023070 0.013443 0.250000 -0.212563
-1.003708 3.011532 -0.001211 0.250000 -0.137542
-1.000946 4.004741 -0.000984 0.250000 -0.019691
-0.000028 -5.001355 -0.000235 0.250000 0.018823
-0.000051 -4.004681 -0.001399 0.250000 -0.022796
-0.000058 -3.013805 -0.000337 0.250000 -0.163616
-0.000061 -2.029210 0.024225 0.250000 -0.154233
-0.000061 -1.027884 0.102235 0.250000 0.601978
-0.000060 -0.000060 0.153117 0.250000 1.157833
-0.000061 1.027789 0.102182 0.250000 0.604681
-0.000062 2.029242 0.024077 0.250000 -0.151689
-0.000057 3.014187 -0.000483 0.250000 -0.165154
-0.000030 4.005607 -0.001117 0.250000 -0.030358
1.000116 -5.001129 -0.000198 0.250000 0.020483
1.000852 -4.003889 -0.001289 0.250000 -0.011456
1.003654 -3.011184 -0.001108 0.250000 -0.134465
1.011475 -2.023044 0.013540 0.250000 -0.212926
1.021618 -1.021711 0.068649 0.250000 0.262903
1.027789 -0.000061 0.102182 0.250000 0.604680
1.021613 1.021613 0.068599 0.250000 0.265380
1.011446 2.023063 0.013398 0.250000 -0.210580
1.003610 3.011525 -0.001251 0.250000 -0.136107
1.000898 4.004732 -0.001009 0.250000 -0.018887
2.000115 -5.000608 -0.000113 0.250000 0.022014
2.000990 -4.002202 -0.000991 0.250000 0.009302
2.004031 -3.006084 -0.001722 0.250000 -0.063379
2.011503 -2.011470 0.000947 0.250000 -0.188837
2.023070 -1.011550 0.013443 0.250000 -0.212563
2.029242 -0.000062 0.024077 0.250000 -0.151689
2.023063 1.011446 0.013398 0.250000 -0.210580
2.011460 2.011460 0.000819 0.250000 -0.186914
2.003960 3.006325 -0.001852 0.250000 -0.065026
2.001055 4.002845 -0.000712 0.250000 0.002831
3.000019 -5.000117 0.000018 0.250000 0.019950
3.000605 -4.000764 -0.000607 0.250000 0.020720
3.002481 -3.002268 -0.001246 0.250000 -0.003204
3.006371 -2.003994 -0.001743 0.250000 -0.066302
3.011532 -1.003708 -0.001211 0.250000 -0.137541
3.014187 -0.000057 -0.000483 0.250000 -0.165153
3.011525 1.003610 -0.001251 0.250000 -0.136107
3.006325 2.003960 -0.001852 0.250000 -0.065026
3.002403 3.002403 -0.001339 0.250000 -0.004773
3.000672 4.001181 -0.000312 0.250000 0.015911
3.999991 -4.999915 0.000367 0.250000 0.015188
4.000317 -4.000112 -0.000008 0.250000 0.019395
4.001256 -3.000586 -0.000288 0.250000 0.017219
4.002889 -2.001063 -0.000648 0.250000 0.002292
4.004741 -1.000946 -0.000984 0.250000 -0.019691
4.005607 -0.000030 -0.001117 0.250000 -0.030358
4.004732 1.000898 -0.001009 0.250000 -0.018887
4.002845 2.001055 -0.000712 0.250000 0.002831
4.001181 3.000672 -0.000312 0.250000 0.015910
4.000361 4.000361 0.000278 0.250000 0.016386
-4.999703 -4.999703 1.000404 0.250000 0.005831
-5.000179 -5.000179 2.000710 0.250000 0.002814
-4.999753 -3.999816 1.000324 0.250000 0.007816
-5.000505 -4.000444 2.000849 0.250000 0.004147
-5.000001 -2.999988 1.000523 0.250000 0.010845
-5.001046 -3.000652 2.001265 0.250000 0.006791
-5.000396 -2.000122 1.000810 0.250000 0.013447
-5.001701 -2.000667 2.001803 0.250000 0.009964
-5.000798 -1.000129 1.001054 0.250000 0.015196
-5.002265 -1.000413 2.002261 0.250000 0.012779
-5.000970 0.000003 1.001145 0.250000 0.016239
-5.002481 0.000056 2.002433 0.250000 0.014318
-5.000777 1.000141 1.001024 0.250000 0.016525
-5.002227 1.000525 2.002223 0.250000 0.013927
-5.000340 2.000140 1.000735 0.250000 0.015068
-5.001627 2.000768 2.001729 0.250000 0.011373
-4.999924 2.999996 1.000451 0.250000 0.011168
-5.000961 3.000711 2.001205 0.250000 0.007185
-4.999767 3.999859 1.000485 0.250000 0.006883
-5.000485 4.000470 2.000948 0.250000 0.003203
-3.999816 -4.999753 1.000324 0.250000 0.007816
-4.000444 -5.000505 2.000849 0.250000 0.004146
-4.000021 -4.000021 1.000422 0.250000 0.012750
-4.001015 -4.001015 2.001343 0.250000 0.008666
-4.000647 -3.000462 1.000990 0.250000 0.018425
-4.001977 -3.001470 2.002363 0.250000 0.015644
-4.001742 -2.000834 1.001766 0.250000 0.020765
-4.003241 -2.001575 2.003683 0.250000 0.022970
-4.002998 -1.000728 1.002494 0.250000 0.019497
-4.004430 -1.001046 2.004872 0.250000 0.028624
-4.003588 -0.000006 1.002798 0.250000 0.018876
-4.004925 0.000067 2.005348 0.250000 0.031312
-4.002977 1.000726 1.002441 0.250000 0.021508
-4.004388 1.001185 2.004805 0.250000 0.030249
-4.001680 2.000851 1.001628 0.250000 0.023213
-4.003155 2.001711 2.003542 0.250000 0.024883
-4.000552 3.000490 1.000808 0.250000 0.018662
-4.001870 3.001564 2.002199 0.250000 0.015842
-4.000031 4.000126 1.000520 0.250000 0.010500
-4.000969 4.001064 2.001357 0.250000 0.006575
-2.999988 -5.000001 1.000523 0.250000 0.010845
-3.000652 -5.001046 2.001265 0.250000 0.006791
-3.000462 -4.000647 1.000990 0.250000 0.018426
-3.001470 -4.001977 2.002363 0.250000 0.015644
-3.001849 -3.001849 1.002269 0.250000 0.021770
-3.002966 -3.002966 2.004460 0.250000 0.027372
-3.004677 -2.003115 1.004295 0.250000 0.011270
-3.005199 -2.003428 2.007387 0.250000 0.037892
-3.008430 -1.002830 1.006782 0.250000 -0.005758
-3.007580 -1.002464 2.010330 0.250000 0.045515
-3.010354 -0.000002 1.008077 0.250000 -0.011868
-3.008664 0.000086 2.011626 0.250000 0.049336
-3.008409 1.002842 1.006710 0.250000 -0.003217
-3.007539 1.002645 2.010234 0.250000 0.047480
-3.004612 2.003168 1.004102 0.250000 0.014261
-3.005112 2.003622 2.007176 0.250000 0.040014
-3.001747 3.001955 1.001981 0.250000 0.021499
-3.002853 3.003128 2.004182 0.250000 0.026865
-3.000466 4.000889 1.000988 0.250000 0.014081
-3.001411 4.002091 2.002262 0.250000 0.011658
-2.000122 -5.000396 1.000810 0.250000 0.013447
-2.000667 -5.001701 2.001803 0.250000 0.009964
-2.000834 -4.001742 1.001766 0.250000 0.020765
-2.001575 -4.003241 2.003683 0.250000 0.022970
-2.003115 -3.004677 1.004295 0.250000 0.011270
-2.003428 -3.005199 2.007387 0.250000 0.037891
-2.008629 -2.008629 1.009812 0.250000 -0.022228
-2.006629 -2.006629 2.013260 0.250000 0.051120
-2.017079 -1.008599 1.019424 0.250000 -0.026943
-2.010547 -1.005226 2.020147 0.250000 0.068047
-2.021784 0.000005 1.025409 0.250000 -0.007092
-2.012494 0.000105 2.023535 0.250000 0.080045
-2.017060 1.008632 1.019336 0.250000 -0.024055
-2.010513 1.005453 2.020025 0.250000 0.070178
-2.008572 2.008730 1.009570 0.250000 -0.019085
-2.006555 2.006885 2.012986 0.250000 0.053113
-2.003023 3.004884 1.003912 0.250000 0.009977
-2.003330 3.005442 2.007002 0.250000 0.036215
-2.000832 4.002160 1.001674 0.250000 0.013874
-2.001519 4.003440 2.003468 0.250000 0.016587
-1.000129 -5.000798 1.001054 0.250000 0.015196
-1.000413 -5.002265 2.002261 0.250000 0.012778
-1.000728 -4.002998 1.002494 0.250000 0.019497
-1.001046 -4.004430 2.004872 0.250000 0.028624
-1.002830 -3.008430 1.006782 0.250000 -0.005758
-1.002464 -3.007580 2.010330 0.250000 0.045515
-1.008599 -2.017079 1.019424 0.250000 -0.026942
-1.005226 -2.010547 2.020147 0.250000 0.068047
-1.018245 -1.018245 1.046463 0.250000 0.118506
-1.008991 -1.008991 2.033326 0.250000 0.119642
-1.023537 0.000013 1.064670 0.250000 0.272352
-1.010985 0.000120 2.040383 0.250000 0.159156
-1.018233 1.018299 1.046360 0.250000 0.121597
-1.008971 1.009253 2.033184 0.250000 0.121804
-1.008564 2.017220 1.019143 0.250000 -0.023906
-1.005183 2.010852 2.019825 0.250000 0.069732
-1.002774 3.008723 1.006329 0.250000 -0.008193
-1.002405 3.007886 2.009866 0.250000 0.042629
-1.000719 4.003565 1.002340 0.250000 0.010258
-1.001008 4.004700 2.004572 0.250000 0.020039
0.000003 -5.000970 1.001145 0.250000 0.016239
0.000056 -5.002481 2.002433 0.250000 0.014318
-0.000006 -4.003588 1.002798 0.250000 0.018875
0.000067 -4.004925 2.005348 0.250000 0.031312
-0.000002 -3.010354 1.008077 0.250000 -0.011869
0.000086 -3.008664 2.011626 0.250000 0.049336
0.000005 -2.021784 1.025409 0.250000 -0.007093
0.000105 -2.012494 2.023535 0.250000 0.080046
0.000013 -1.023537 1.064670 0.250000 0.272351
0.000120 -1.010985 2.040383 0.250000 0.159156
0.000017 0.000017 1.090665 0.250000 0.520922
0.000126 0.000126 2.049689 0.250000 0.220187
0.000013 1.023600 1.064560 0.250000 0.275478
0.000120 1.011260 2.040233 0.250000 0.161260
0.000004 2.021941 1.025111 0.250000 -0.004228
0.000105 2.012817 2.023196 0.250000 0.081477
-0.000001 3.010680 1.007597 0.250000 -0.014962
0.000087 3.008994 2.011133 0.250000 0.045782
0.000010 4.004212 1.002624 0.250000 0.008450
0.000075 4.005222 2.005019 0.250000 0.021626
1.000141 -5.000777 1.001024 0.250000 0.016525
1.000525 -5.002227 2.002223 0.250000 0.013927
1.000726 -4.002977 1.002441 0.250000 0.021508
1.001185 -4.004388 2.004805 0.250000 0.030249
1.002842 -3.008409 1.006710 0.250000 -0.003216
1.002645 -3.007539 2.010234 0.250000 0.047479
1.008632 -2.017060 1.019336 0.250000 -0.024055
1.005453 -2.010513 2.020025 0.250000 0.070178
1.018299 -1.018233 1.046360 0.250000 0.121598
1.009253 -1.008971 2.033184 0.250000 0.121804
1.023600 0.000013 1.064560 0.250000 0.275478
1.011260 0.000120 2.040233 0.250000 0.161261
1.018286 1.018286 1.046256 0.250000 0.124548
1.009232 1.009232 2.033043 0.250000 0.123793
1.008595 2.017199 1.019054 0.250000 -0.021334
1.005408 2.010815 2.019705 0.250000 0.071516
1.002787 3.008697 1.006259 0.250000 -0.006181
1.002588 3.007841 2.009776 0.250000 0.044077
1.000749 4.003537 1.002298 0.250000 0.011556
1.001161 4.004654 2.004518 0.250000 0.021029
2.000140 -5.000340 1.000735 0.250000 0.015068
2.000768 -5.001627 2.001729 0.250000 0.011373
2.000851 -4.001680 1.001628 0.250000 0.023213
2.001711 -4.003155 2.003542 0.250000 0.024883
2.003168 -3.004612 1.004102 0.250000 0.014261
2.003622 -3.005112 2.007176 0.250000 0.040013
2.008730 -2.008572 1.009570 0.250000 -0.019085
2.006885 -2.006555 2.012986 0.250000 0.053113
2.017220 -1.008564 1.019143 0.250000 -0.023906
2.010852 -1.005183 2.019825 0.250000 0.069733
2.021941 0.000004 1.025111 0.250000 -0.004228
2.012817 0.000105 2.023196 0.250000 0.081477
2.017199 1.008595 1.019054 0.250000 -0.021334
2.010815 1.005408 2.019705 0.250000 0.071516
2.008668 2.008668 1.009329 0.250000 -0.016612
2.006807 2.006807 2.012719 0.250000 0.054419
2.003076 3.004810 1.003730 0.250000 0.011940
2.003521 3.005347 2.006809 0.250000 0.037364
2.000880 4.002085 1.001569 0.250000 0.015091
2.001666 4.003349 2.003359 0.250000 0.017391
2.999996 -4.999924 1.000451 0.250000 0.011168
3.000711 -5.000961 2.001205 0.250000 0.007186
3.000490 -4.000552 1.000808 0.250000 0.018661
3.001564 -4.001870 2.002199 0.250000 0.015841
3.001955 -3.001747 1.001981 0.250000 0.021499
3.003128 -3.002853 2.004182 0.250000 0.026865
3.004884 -2.003023 1.003912 0.250000 0.009977
3.005442 -2.003330 2.007002 0.250000 0.036216
3.008723 -1.002774 1.006329 0.250000 -0.008193
3.007886 -1.002405 2.009866 0.250000 0.042631
3.010680 -0.000001 1.007597 0.250000 -0.014962
3.008994 0.000087 2.011133 0.250000 0.045783
3.008697 1.002787 1.006259 0.250000 -0.006182
3.007841 1.002588 2.009776 0.250000 0.044078
3.004810 2.003076 1.003730 0.250000 0.011940
3.005347 2.003521 2.006809 0.250000 0.037365
3.001848 3.001848 1.001726 0.250000 0.019888
3.003011 3.003011 2.003941 0.250000 0.025109
3.000522 4.000789 1.000874 0.250000 0.013067
3.001518 4.001985 2.002154 0.250000 0.010606
3.999859 -4.999767 1.000485 0.250000 0.006883
4.000470 -5.000485 2.000948 0.250000 0.003203
4.000126 -4.000031 1.000520 0.250000 0.010499
4.001064 -4.000969 2.001357 0.250000 0.006575
4.000889 -3.000466 1.000988 0.250000 0.014081
4.002091 -3.001411 2.002262 0.250000 0.011658
4.002160 -2.000832 1.001674 0.250000 0.013873
4.003440 -2.001519 2.003468 0.250000 0.016587
4.003565 -1.000719 1.002340 0.250000 0.010258
4.004700 -1.001008 2.004572 0.250000 0.020039
4.004212 0.000010 1.002624 0.250000 0.008450
4.005222 0.000075 2.005019 0.250000 0.021626
4.003537 1.000749 1.002298 0.250000 0.011556
4.004654 1.001161 2.004518 0.250000 0.021028
4.002085 2.000880 1.001569 0.250000 0.015091
4.003349 2.001666 2.003359 0.250000 0.017391
4.000789 3.000522 1.000874 0.250000 0.013067
4.001985 3.001518 2.002154 0.250000 0.010606
4.000158 4.000158 1.000682 0.250000 0.007264
4.001040 4.001040 2.001434 0.250000 0.003398
0.000000 0.000000 -1.000000 0.250000 0.000000
