-5.000209 -5.000209 0.000208 0.250000 -0.003550
-5.000435 -4.000271 -0.000107 0.250000 -0.003387
-5.000899 -3.000387 -0.000209 0.250000 -0.007730
-5.001517 -2.000443 -0.000231 0.250000 -0.017317
-5.002089 -1.000308 -0.000236 0.250000 -0.027774
-5.002323 0.000021 -0.000240 0.250000 -0.032754
-5.002063 1.000359 -0.000254 0.250000 -0.029529
-5.001461 2.000525 -0.000258 0.250000 -0.021970
-5.000841 3.000530 -0.000151 0.250000 -0.016436
-5.000482 4.000513 0.000249 0.250000 -0.014689
-4.000271 -5.000435 -0.000107 0.250000 -0.003388
-4.000666 -4.000666 -0.000533 0.250000 -0.007013
-4.001558 -3.001063 -0.000653 0.250000 -0.023019
-4.002945 -2.001341 -0.000599 0.250000 -0.052595
-4.004418 -1.001019 -0.000433 0.250000 -0.083533
-4.005081 0.000004 -0.000339 0.250000 -0.097280
-4.004391 1.001043 -0.000471 0.250000 -0.085419
-4.002884 2.001420 -0.000666 0.250000 -0.058200
-4.001495 3.001255 -0.000632 0.250000 -0.034533
-4.000735 4.001026 -0.000113 0.250000 -0.022825
-3.000387 -5.000899 -0.000209 0.250000 -0.007730
-3.001063 -4.001558 -0.000653 0.250000 -0.023019
-3.002740 -3.002740 -0.000579 0.250000 -0.066922
-3.005831 -2.003833 0.000308 0.250000 -0.136992
-3.009692 -1.003195 0.002200 0.250000 -0.195704
-3.011626 0.000004 0.003415 0.250000 -0.214174
-3.009665 1.003227 0.002152 0.250000 -0.197685
-3.005770 2.003949 0.000219 0.250000 -0.143304
-3.002677 3.003029 -0.000573 0.250000 -0.080584
-3.001136 4.002089 -0.000189 0.250000 -0.042595
-2.000443 -5.001517 -0.000231 0.250000 -0.017316
-2.001341 -4.002945 -0.000599 0.250000 -0.052595
-2.003833 -3.005831 0.000308 0.250000 -0.136992
-2.009367 -2.009367 0.005239 0.250000 -0.223823
-2.017580 -1.008787 0.017527 0.250000 -0.161741
-2.021893 0.000012 0.026539 0.250000 -0.051970
-2.017557 1.008843 0.017472 0.250000 -0.163845
-2.009315 2.009535 0.005138 0.250000 -0.230772
-2.003776 3.006233 0.000314 0.250000 -0.152266
-2.001394 4.003664 -0.000079 0.250000 -0.074784
-1.000308 -5.002089 -0.000236 0.250000 -0.027774
-1.001019 -4.004418 -0.000433 0.250000 -0.083533
-1.003195 -3.009692 0.002200 0.250000 -0.195704
-1.008787 -2.017580 0.017527 0.250000 -0.161740
-1.015878 -1.015878 0.061388 0.250000 0.517785
-1.020175 0.000020 0.087154 0.250000 0.967061
-1.015865 1.015955 0.061322 0.250000 0.515508
-1.008756 2.017789 0.017415 0.250000 -0.169307
-1.003158 3.010185 0.002212 0.250000 -0.212132
-1.001036 4.005288 0.000138 0.250000 -0.107345
0.000021 -5.002323 -0.000240 0.250000 -0.032754
0.000004 -4.005081 -0.000339 0.250000 -0.097280
0.000004 -3.011626 0.003415 0.250000 -0.214174
0.000012 -2.021893 0.026539 0.250000 -0.051972
0.000020 -1.020175 0.087154 0.250000 0.967060
0.000024 0.000024 0.125593 0.250000 1.673938
0.000019 1.020259 0.087084 0.250000 0.964635
0.000012 2.022119 0.026421 0.250000 -0.059938
0.000011 3.012153 0.003432 0.250000 -0.231165
0.000031 4.006008 0.000259 0.250000 -0.121778
1.000359 -5.002063 -0.000254 0.250000 -0.029529
1.001043 -4.004391 -0.000471 0.250000 -0.085419
1.003227 -3.009665 0.002152 0.250000 -0.197685
1.008843 -2.017557 0.017472 0.250000 -0.163846
1.015955 -1.015865 0.061322 0.250000 0.515508
1.020259 0.000019 0.087084 0.250000 0.964636
1.015940 1.015940 0.061258 0.250000 0.513090
1.008810 2.017765 0.017362 0.250000 -0.171688
1.003203 3.010155 0.002172 0.250000 -0.214478
1.001113 4.005256 0.000120 0.250000 -0.109532
2.000525 -5.001461 -0.000258 0.250000 -0.021970
2.001420 -4.002884 -0.000666 0.250000 -0.058200
2.003949 -3.005770 0.000219 0.250000 -0.143304
2.009535 -2.009315 0.005138 0.250000 -0.230773
2.017789 -1.008756 0.017415 0.250000 -0.169307
2.022119 0.000012 0.026421 0.250000 -0.059937
2.017765 1.008810 0.017362 0.250000 -0.171689
2.009480 2.009480 0.005044 0.250000 -0.238219
2.003901 3.006166 0.000244 0.250000 -0.159099
2.001518 4.003596 -0.000104 0.250000 -0.080508
3.000530 -5.000841 -0.000151 0.250000 -0.016436
3.001255 -4.001495 -0.000632 0.250000 -0.034532
3.003029 -3.002677 -0.000573 0.250000 -0.080584
3.006233 -2.003776 0.000314 0.250000 -0.152266
3.010185 -1.003158 0.002212 0.250000 -0.212132
3.012153 0.000011 0.003432 0.250000 -0.231165
3.010155 1.003203 0.002172 0.250000 -0.214479
3.006166 2.003901 0.000244 0.250000 -0.159098
3.002966 3.002966 -0.000528 0.250000 -0.094360
3.001352 4.002020 -0.000105 0.250000 -0.053146
4.000513 -5.000482 0.000249 0.250000 -0.014688
4.001026 -4.000735 -0.000113 0.250000 -0.022825
4.002089 -3.001136 -0.000189 0.250000 -0.042595
4.003664 -2.001394 -0.000079 0.250000 -0.074785
4.005288 -1.001036 0.000138 0.250000 -0.107345
4.006008 0.000031 0.000259 0.250000 -0.121778
4.005256 1.001113 0.000120 0.250000 -0.109533
4.003596 2.001518 -0.000104 0.250000 -0.080508
4.002020 3.001352 -0.000105 0.250000 -0.053146
4.001094 4.001094 0.000336 0.250000 -0.036311
-5.000120 -5.000120 1.000364 0.250000 -0.009919
-5.000456 -5.000456 2.000734 0.250000 -0.012835
-5.000343 -4.000283 1.000244 0.250000 -0.009371
-5.000844 -4.000719 2.000841 0.250000 -0.011891
-5.000809 -3.000460 1.000413 0.250000 -0.010561
-5.001451 -3.000902 2.001216 0.250000 -0.011185
-5.001422 -2.000511 1.000704 0.250000 -0.014454
-5.002168 -2.000858 2.001720 0.250000 -0.011485
-5.001978 -1.000335 1.000970 0.250000 -0.018917
-5.002771 -1.000506 2.002155 0.250000 -0.012366
-5.002199 0.000043 1.001070 0.250000 -0.021305
-5.002999 0.000078 2.002320 0.250000 -0.013415
-5.001943 1.000423 1.000938 0.250000 -0.020865
-5.002734 1.000657 2.002125 0.250000 -0.014834
-5.001357 2.000598 1.000652 0.250000 -0.019615
-5.002106 2.000985 2.001679 0.250000 -0.017254
-5.000753 3.000538 1.000420 0.250000 -0.020240
-5.001406 3.000985 2.001236 0.250000 -0.020864
-5.000410 4.000403 1.000529 0.250000 -0.021680
-5.000886 4.000783 2.001061 0.250000 -0.023898
-4.000283 -5.000343 1.000244 0.250000 -0.009371
-4.000719 -5.000844 2.000841 0.250000 -0.011891
-4.000705 -4.000705 1.000260 0.250000 -0.007752
-4.001350 -4.001350 2.001240 0.250000 -0.008058
-4.001597 -3.001159 1.000786 0.250000 -0.010332
-4.002372 -3.001771 2.002148 0.250000 -0.004286
-4.002922 -2.001393 1.001618 0.250000 -0.018602
-4.003678 -2.001795 2.003370 0.250000 -0.001711
-4.004284 -1.001009 1.002455 0.250000 -0.027878
-4.004874 -1.001146 2.004490 0.250000 -0.000127
-4.004884 0.000038 1.002810 0.250000 -0.032327
-4.005363 0.000091 2.004940 0.250000 -0.000236
-4.004248 1.001093 1.002395 0.250000 -0.030180
-4.004834 1.001325 2.004430 0.250000 -0.003264
-4.002851 2.001489 1.001504 0.250000 -0.025247
-4.003609 2.001952 2.003271 0.250000 -0.009356
-4.001532 3.001265 1.000715 0.250000 -0.023776
-4.002313 3.001879 2.002099 0.250000 -0.017674
-4.000777 4.000889 1.000546 0.250000 -0.025630
-4.001377 4.001432 2.001436 0.250000 -0.025154
-3.000460 -5.000809 1.000413 0.250000 -0.010561
-3.000902 -5.001451 2.001216 0.250000 -0.011185
-3.001159 -4.001597 1.000786 0.250000 -0.010332
-3.001771 -4.002372 2.002148 0.250000 -0.004285
-3.002753 -3.002753 1.002118 0.250000 -0.018842
-3.003294 -3.003294 2.004054 0.250000 0.003622
-3.005534 -2.003654 1.004445 0.250000 -0.035685
-3.005473 -2.003606 2.006807 0.250000 0.012635
-3.008871 -1.002920 1.007259 0.250000 -0.047445
-3.007702 -1.002489 2.009595 0.250000 0.023158
-3.010497 0.000048 1.008654 0.250000 -0.049674
-3.008692 0.000110 2.010814 0.250000 0.027853
-3.008837 1.003028 1.007177 0.250000 -0.050118
-3.007665 1.002709 2.009507 0.250000 0.019317
-3.005467 2.003793 1.004281 0.250000 -0.043766
-3.005407 2.003812 2.006653 0.250000 0.003066
-3.002689 3.002932 1.001979 0.250000 -0.035825
-3.003234 3.003452 2.003934 0.250000 -0.013530
-3.001227 4.001893 1.001047 0.250000 -0.033577
-3.001787 4.002501 2.002299 0.250000 -0.026557
-2.000511 -5.001422 1.000704 0.250000 -0.014455
-2.000858 -5.002168 2.001720 0.250000 -0.011486
-2.001393 -4.002922 1.001618 0.250000 -0.018602
-2.001795 -4.003678 2.003370 0.250000 -0.001711
-2.003654 -3.005534 1.004445 0.250000 -0.035685
-2.003606 -3.005473 2.006807 0.250000 0.012635
-2.008361 -2.008361 1.010491 0.250000 -0.046076
-2.006548 -2.006548 2.012341 0.250000 0.039109
-2.014991 -1.007490 1.019775 0.250000 0.002946
-2.009949 -1.004912 2.018697 0.250000 0.082135
-2.018552 0.000061 1.025120 0.250000 0.052172
-2.011584 0.000130 2.021746 0.250000 0.106856
-2.014964 1.007630 1.019675 0.250000 -0.000133
-2.009920 1.005174 2.018587 0.250000 0.077620
-2.008306 2.008552 1.010289 0.250000 -0.055545
-2.006495 2.006804 2.012141 0.250000 0.027751
-2.003599 3.005800 1.004253 0.250000 -0.055837
-2.003556 3.005689 2.006625 0.250000 -0.007936
-2.001444 4.003350 1.001863 0.250000 -0.046350
-2.001803 4.003865 2.003478 0.250000 -0.028584
-1.000335 -5.001978 1.000970 0.250000 -0.018918
-1.000506 -5.002771 2.002155 0.250000 -0.012366
-1.001009 -4.004284 1.002455 0.250000 -0.027878
-1.001146 -4.004874 2.004490 0.250000 -0.000127
-1.002920 -3.008871 1.007259 0.250000 -0.047445
-1.002489 -3.007702 2.009595 0.250000 0.023158
-1.007490 -2.014991 1.019775 0.250000 0.002947
-1.004912 -2.009949 2.018697 0.250000 0.082135
-1.014644 -1.014644 1.042844 0.250000 0.275285
-1.008006 -1.008006 2.030359 0.250000 0.193886
-1.018481 0.000073 1.057395 0.250000 0.496623
-1.009588 0.000144 2.036377 0.250000 0.263283
-1.014629 1.014811 1.042730 0.250000 0.271822
-1.007990 1.008300 2.030234 0.250000 0.188842
-1.007458 2.015223 1.019546 0.250000 -0.007667
-1.004883 2.010243 2.018465 0.250000 0.069425
-1.002886 3.009206 1.007032 0.250000 -0.069997
-1.002460 3.007962 2.009371 0.250000 0.000067
-1.001030 4.004820 1.002696 0.250000 -0.058825
-1.001148 4.005108 2.004570 0.250000 -0.030318
0.000043 -5.002199 1.001070 0.250000 -0.021306
0.000078 -5.002999 2.002320 0.250000 -0.013416
0.000038 -4.004884 1.002810 0.250000 -0.032327
0.000091 -4.005363 2.004940 0.250000 -0.000236
0.000048 -3.010497 1.008654 0.250000 -0.049673
0.000110 -3.008692 2.010814 0.250000 0.027853
0.000061 -2.018552 1.025120 0.250000 0.052172
0.000130 -2.011584 2.021746 0.250000 0.106857
0.000073 -1.018481 1.057395 0.250000 0.496622
0.000144 -1.009588 2.036377 0.250000 0.263283
0.000077 0.000077 1.077658 0.250000 0.833016
0.000149 0.000149 2.044140 0.250000 0.362635
0.000071 1.018658 1.057276 0.250000 0.492943
0.000142 1.009892 2.036247 0.250000 0.258003
0.000059 2.018798 1.024882 0.250000 0.041008
0.000127 2.011891 2.021506 0.250000 0.093582
0.000050 3.010857 1.008418 0.250000 -0.073250
0.000109 3.008967 2.010580 0.250000 0.003763
0.000056 4.005459 1.003057 0.250000 -0.064559
0.000096 4.005615 2.005017 0.250000 -0.031696
1.000423 -5.001943 1.000938 0.250000 -0.020866
1.000657 -5.002734 2.002125 0.250000 -0.014833
1.001093 -4.004248 1.002395 0.250000 -0.030179
1.001325 -4.004834 2.004430 0.250000 -0.003264
1.003028 -3.008837 1.007177 0.250000 -0.050119
1.002709 -3.007665 2.009507 0.250000 0.019317
1.007630 -2.014964 1.019675 0.250000 -0.000132
1.005174 -2.009920 2.018587 0.250000 0.077620
1.014811 -1.014629 1.042730 0.250000 0.271823
1.008300 -1.007990 2.030234 0.250000 0.188842
1.018658 0.000071 1.057276 0.250000 0.492943
1.009892 0.000142 2.036247 0.250000 0.258003
1.014793 1.014793 1.042619 0.250000 0.268221
1.008279 1.008279 2.030113 0.250000 0.183710
1.007594 2.015192 1.019452 0.250000 -0.010999
1.005139 2.010209 2.018364 0.250000 0.064767
1.002998 3.009166 1.006962 0.250000 -0.072978
1.002676 3.007920 2.009298 0.250000 -0.003905
1.001146 4.004778 1.002659 0.250000 -0.061359
1.001335 4.005065 2.004532 0.250000 -0.033493
2.000598 -5.001357 1.000652 0.250000 -0.019615
2.000985 -5.002106 2.001679 0.250000 -0.017254
2.001489 -4.002851 1.001504 0.250000 -0.025247
2.001952 -4.003609 2.003271 0.250000 -0.009356
2.003793 -3.005467 1.004281 0.250000 -0.043767
2.003812 -3.005407 2.006653 0.250000 0.003067
2.008552 -2.008306 1.010289 0.250000 -0.055544
2.006804 -2.006495 2.012141 0.250000 0.027750
2.015223 -1.007458 1.019546 0.250000 -0.007667
2.010243 -1.004883 2.018465 0.250000 0.069425
2.018798 0.000059 1.024882 0.250000 0.041007
2.011891 0.000127 2.021506 0.250000 0.093581
2.015192 1.007594 1.019452 0.250000 -0.010999
2.010209 1.005139 2.018364 0.250000 0.064767
2.008490 2.008490 1.010101 0.250000 -0.065432
2.006744 2.006744 2.011960 0.250000 0.016204
2.003738 3.005723 1.004118 0.250000 -0.064289
2.003756 3.005614 2.006502 0.250000 -0.017553
2.001568 4.003271 1.001800 0.250000 -0.052970
2.001969 4.003793 2.003424 0.250000 -0.035954
3.000538 -5.000753 1.000420 0.250000 -0.020239
3.000985 -5.001406 2.001236 0.250000 -0.020864
3.001265 -4.001532 1.000715 0.250000 -0.023775
3.001879 -4.002313 2.002099 0.250000 -0.017674
3.002932 -3.002689 1.001979 0.250000 -0.035825
3.003452 -3.003234 2.003934 0.250000 -0.013530
3.005800 -2.003599 1.004253 0.250000 -0.055838
3.005689 -2.003556 2.006625 0.250000 -0.007937
3.009206 -1.002886 1.007032 0.250000 -0.069997
3.007962 -1.002460 2.009371 0.250000 0.000067
3.010857 0.000050 1.008418 0.250000 -0.073250
3.008967 0.000109 2.010580 0.250000 0.003764
3.009166 1.002998 1.006962 0.250000 -0.072978
3.007920 1.002676 2.009298 0.250000 -0.003905
3.005723 2.003738 1.004118 0.250000 -0.064290
3.005614 2.003756 2.006502 0.250000 -0.017552
3.002862 3.002862 1.001892 0.250000 -0.052697
3.003387 3.003387 2.003865 0.250000 -0.030273
3.001355 4.001826 1.001054 0.250000 -0.045836
3.001906 4.002445 2.002314 0.250000 -0.038813
4.000403 -5.000410 1.000529 0.250000 -0.021679
4.000783 -5.000886 2.001061 0.250000 -0.023898
4.000889 -4.000777 1.000546 0.250000 -0.025629
4.001432 -4.001377 2.001436 0.250000 -0.025153
4.001893 -3.001227 1.001047 0.250000 -0.033578
4.002501 -3.001787 2.002299 0.250000 -0.026556
4.003350 -2.001444 1.001863 0.250000 -0.046350
4.003865 -2.001803 2.003478 0.250000 -0.028585
4.004820 -1.001030 1.002696 0.250000 -0.058825
4.005108 -1.001148 2.004570 0.250000 -0.030319
4.005459 0.000056 1.003057 0.250000 -0.064559
4.005615 0.000096 2.005017 0.250000 -0.031696
4.004778 1.001146 1.002659 0.250000 -0.061359
4.005065 1.001335 2.004532 0.250000 -0.033493
4.003271 2.001568 1.001800 0.250000 -0.052970
4.003793 2.001969 2.003424 0.250000 -0.035954
4.001826 3.001355 1.001054 0.250000 -0.045836
4.002445 3.001906 2.002314 0.250000 -0.038813
4.000975 4.000975 1.000891 0.250000 -0.040905
4.001479 4.001479 2.001691 0.250000 -0.040081
0.000000 0.000000 -1.000000 0.250000 0.000000
