-5.000041 -5.000041 0.000242 0.250000 0.008570
-5.000207 -4.000091 -0.000057 0.250000 0.011614
-5.000610 -3.000220 -0.000175 0.250000 0.011435
-5.001186 -2.000322 -0.000252 0.250000 0.006531
-5.001745 -1.000255 -0.000323 0.250000 -0.000136
-5.001981 -0.000002 -0.000359 0.250000 -0.003277
-5.001725 1.000261 -0.000349 0.250000 -0.000448
-5.001136 2.000359 -0.000303 0.250000 0.004771
-5.000548 3.000320 -0.000168 0.250000 0.006768
-5.000243 4.000297 0.000227 0.250000 0.004595
-4.000091 -5.000207 -0.000057 0.250000 0.011614
-4.000426 -4.000426 -0.000488 0.250000 0.013003
-4.001287 -3.000868 -0.000706 0.250000 0.003716
-4.002714 -2.001242 -0.000861 0.250000 -0.019755
-4.004289 -1.001008 -0.000930 0.250000 -0.047377
-4.005014 -0.000023 -0.000940 0.250000 -0.059844
-4.004269 1.000977 -0.000974 0.250000 -0.047369
-4.002658 2.001264 -0.000956 0.250000 -0.021505
-4.001217 3.001007 -0.000752 0.250000 -0.002373
-4.000483 4.000750 -0.000170 0.250000 0.002854
-3.000220 -5.000610 -0.000175 0.250000 0.011435
-3.000868 -4.001287 -0.000706 0.250000 0.003716
-3.002627 -3.002627 -0.000952 0.250000 -0.033022
-3.006041 -2.003987 -0.000631 0.250000 -0.103240
-3.010427 -1.003466 0.000749 0.250000 -0.170478
-3.012652 -0.000026 0.001792 0.250000 -0.193959
-3.010407 1.003436 0.000696 0.250000 -0.170228
-3.005983 2.004039 -0.000749 0.250000 -0.104992
-3.002553 3.002862 -0.001026 0.250000 -0.040298
-3.000929 4.001796 -0.000370 0.250000 -0.009394
-2.000322 -5.001186 -0.000252 0.250000 0.006531
-2.001242 -4.002714 -0.000861 0.250000 -0.019755
-2.003987 -3.006041 -0.000631 0.250000 -0.103240
-2.010339 -2.010339 0.003492 0.250000 -0.213322
-2.019937 -1.009989 0.016074 0.250000 -0.194259
-2.025014 -0.000022 0.025855 0.250000 -0.107764
-2.019919 1.009974 0.016014 0.250000 -0.193864
-2.010287 2.010436 0.003360 0.250000 -0.215226
-2.003920 3.006394 -0.000715 0.250000 -0.111576
-2.001285 4.003436 -0.000491 0.250000 -0.035253
-1.000255 -5.001745 -0.000323 0.250000 -0.000136
-1.001008 -4.004289 -0.000930 0.250000 -0.047377
-1.003466 -3.010427 0.000749 0.250000 -0.170479
-1.009989 -2.019937 0.016074 0.250000 -0.194258
-1.018341 -1.018341 0.064924 0.250000 0.389397
-1.023410 -0.000017 0.094057 0.250000 0.789421
-1.018330 1.018341 0.064854 0.250000 0.389888
-1.009957 2.020073 0.015927 0.250000 -0.196430
-1.003422 3.010878 0.000663 0.250000 -0.179707
-1.001020 4.005185 -0.000520 0.250000 -0.064608
-0.000002 -5.001981 -0.000359 0.250000 -0.003277
-0.000023 -4.005014 -0.000940 0.250000 -0.059845
-0.000026 -3.012652 0.001792 0.250000 -0.193960
-0.000022 -2.025014 0.025855 0.250000 -0.107765
-0.000017 -1.023410 0.094057 0.250000 0.789421
-0.000014 -0.000014 0.137834 0.250000 1.427914
-0.000018 1.023417 0.093981 0.250000 0.789886
-0.000023 2.025165 0.025699 0.250000 -0.110192
-0.000021 3.013141 0.001706 0.250000 -0.203713
0.000004 4.005977 -0.000511 0.250000 -0.077928
1.000261 -5.001725 -0.000349 0.250000 -0.000448
1.000977 -4.004269 -0.000974 0.250000 -0.047369
1.003436 -3.010407 0.000696 0.250000 -0.170228
1.009974 -2.019919 0.016014 0.250000 -0.193864
1.018341 -1.018330 0.064854 0.250000 0.389888
1.023417 -0.000018 0.093981 0.250000 0.789885
1.018329 1.018329 0.064784 0.250000 0.390225
1.009940 2.020054 0.015867 0.250000 -0.196361
1.003402 3.010855 0.000614 0.250000 -0.179976
1.001042 4.005160 -0.000549 0.250000 -0.065216
2.000359 -5.001136 -0.000303 0.250000 0.004771
2.001264 -4.002658 -0.000956 0.250000 -0.021505
2.004039 -3.005983 -0.000749 0.250000 -0.104992
2.010436 -2.010287 0.003360 0.250000 -0.215225
2.020073 -1.009957 0.015927 0.250000 -0.196430
2.025165 -0.000023 0.025699 0.250000 -0.110193
2.020054 1.009940 0.015867 0.250000 -0.196362
2.010382 2.010382 0.003229 0.250000 -0.217786
2.003979 3.006331 -0.000820 0.250000 -0.114241
2.001355 4.003371 -0.000546 0.250000 -0.037857
3.000320 -5.000548 -0.000168 0.250000 0.006768
3.001007 -4.001217 -0.000752 0.250000 -0.002373
3.002862 -3.002553 -0.001026 0.250000 -0.040298
3.006394 -2.003920 -0.000715 0.250000 -0.111576
3.010878 -1.003422 0.000663 0.250000 -0.179707
3.013141 -0.000021 0.001706 0.250000 -0.203714
3.010855 1.003402 0.000614 0.250000 -0.179976
3.006331 2.003979 -0.000820 0.250000 -0.114241
3.002789 3.002789 -0.001067 0.250000 -0.048474
3.001097 4.001719 -0.000352 0.250000 -0.015793
4.000297 -5.000243 0.000227 0.250000 0.004596
4.000750 -4.000483 -0.000170 0.250000 0.002854
4.001796 -3.000929 -0.000370 0.250000 -0.009393
4.003436 -2.001285 -0.000491 0.250000 -0.035254
4.005185 -1.001020 -0.000520 0.250000 -0.064608
4.005977 0.000004 -0.000511 0.250000 -0.077928
4.005160 1.001042 -0.000549 0.250000 -0.065217
4.003371 2.001355 -0.000546 0.250000 -0.037857
4.001719 3.001097 -0.000352 0.250000 -0.015792
4.000811 4.000811 0.000188 0.250000 -0.006709
-4.999938 -4.999938 1.000345 0.250000 0.001944
-5.000339 -5.000339 2.000689 0.250000 -0.001407
-5.000096 -4.000083 1.000238 0.250000 0.004049
-5.000706 -4.000603 2.000808 0.250000 0.000408
-5.000485 -3.000262 1.000409 0.250000 0.005231
-5.001294 -3.000796 2.001195 0.250000 0.002345
-5.001026 -2.000351 1.000683 0.250000 0.004321
-5.001994 -2.000776 2.001704 0.250000 0.003642
-5.001534 -1.000252 1.000924 0.250000 0.002532
-5.002588 -1.000464 2.002140 0.250000 0.004325
-5.001740 0.000028 1.001013 0.250000 0.001697
-5.002813 0.000076 2.002301 0.250000 0.004441
-5.001501 1.000312 1.000885 0.250000 0.002316
-5.002546 1.000612 2.002097 0.250000 0.003651
-5.000957 2.000415 1.000605 0.250000 0.002576
-5.001920 2.000906 2.001633 0.250000 0.001301
-5.000413 3.000318 1.000360 0.250000 0.000220
-5.001223 3.000881 2.001159 0.250000 -0.002811
-5.000138 4.000180 1.000445 0.250000 -0.003510
-5.000716 4.000660 2.000952 0.250000 -0.007039
-4.000083 -5.000096 1.000238 0.250000 0.004049
-4.000603 -5.000706 2.000808 0.250000 0.000408
-4.000424 -4.000424 1.000279 0.250000 0.008180
-4.001215 -4.001215 2.001244 0.250000 0.005297
-4.001229 -3.000883 1.000802 0.250000 0.009385
-4.002225 -3.001653 2.002189 0.250000 0.010587
-4.002493 -2.001182 1.001586 0.250000 0.005092
-4.003531 -2.001712 2.003439 0.250000 0.014760
-4.003842 -1.000909 1.002359 0.250000 -0.001566
-4.004740 -1.001108 2.004576 0.250000 0.017507
-4.004450 0.000021 1.002684 0.250000 -0.004604
-4.005238 0.000089 2.005030 0.250000 0.018442
-4.003808 1.000960 1.002291 0.250000 -0.001552
-4.004695 1.001285 2.004501 0.250000 0.016745
-4.002418 2.001252 1.001440 0.250000 0.003065
-4.003447 2.001875 2.003299 0.250000 0.011687
-4.001144 3.000966 1.000653 0.250000 0.002333
-4.002138 3.001769 2.002061 0.250000 0.003284
-4.000469 4.000589 1.000451 0.250000 -0.003222
-4.001207 4.001295 2.001330 0.250000 -0.005655
-3.000262 -5.000485 1.000409 0.250000 0.005231
-3.000796 -5.001294 2.001195 0.250000 0.002345
-3.000883 -4.001229 1.000802 0.250000 0.009385
-3.001653 -4.002225 2.002189 0.250000 0.010587
-3.002428 -3.002428 1.002083 0.250000 0.005005
-3.003184 -3.003184 2.004162 0.250000 0.019455
-3.005284 -2.003496 1.004273 0.250000 -0.011626
-3.005418 -2.003566 2.006980 0.250000 0.027398
-3.008845 -1.002930 1.006969 0.250000 -0.028280
-3.007744 -1.002501 2.009836 0.250000 0.034896
-3.010616 0.000029 1.008333 0.250000 -0.033116
-3.008786 0.000109 2.011088 0.250000 0.038590
-3.008813 1.003003 1.006878 0.250000 -0.028162
-3.007701 1.002723 2.009731 0.250000 0.033933
-3.005211 2.003608 1.004072 0.250000 -0.014121
-3.005337 2.003785 2.006775 0.250000 0.023374
-3.002342 3.002592 1.001844 0.250000 -0.004263
-3.003095 3.003362 2.003938 0.250000 0.009671
-3.000925 4.001523 1.000911 0.250000 -0.006183
-3.001634 4.002363 2.002194 0.250000 -0.004325
-2.000351 -5.001026 1.000683 0.250000 0.004321
-2.000776 -5.001994 2.001704 0.250000 0.003642
-2.001182 -4.002493 1.001586 0.250000 0.005092
-2.001712 -4.003531 2.003439 0.250000 0.014760
-2.003496 -3.005284 1.004273 0.250000 -0.011626
-2.003566 -3.005418 2.006980 0.250000 0.027398
-2.008600 -2.008600 1.010162 0.250000 -0.037143
-2.006658 -2.006658 2.012680 0.250000 0.044684
-2.016037 -1.008036 1.019705 0.250000 -0.016157
-2.010320 -1.005098 2.019310 0.250000 0.073159
-2.020091 0.000040 1.025375 0.250000 0.018610
-2.012103 0.000130 2.022525 0.250000 0.091182
-2.016011 1.008139 1.019595 0.250000 -0.016074
-2.010286 1.005366 2.019179 0.250000 0.071905
-2.008539 2.008766 1.009914 0.250000 -0.040322
-2.006592 2.006936 2.012418 0.250000 0.039582
-2.003421 3.005545 1.003959 0.250000 -0.023215
-2.003491 3.005665 2.006670 0.250000 0.015060
-2.001212 4.002942 1.001644 0.250000 -0.014416
-2.001691 4.003740 2.003367 0.250000 -0.004050
-1.000252 -5.001534 1.000924 0.250000 0.002531
-1.000464 -5.002588 2.002140 0.250000 0.004325
-1.000909 -4.003842 1.002359 0.250000 -0.001566
-1.001108 -4.004740 2.004576 0.250000 0.017507
-1.002930 -3.008845 1.006969 0.250000 -0.028280
-1.002501 -3.007744 2.009836 0.250000 0.034895
-1.008036 -2.016037 1.019705 0.250000 -0.016157
-1.005098 -2.010320 2.019310 0.250000 0.073159
-1.016250 -1.016250 1.044664 0.250000 0.194765
-1.008504 -1.008504 2.031722 0.250000 0.154432
-1.020698 0.000051 1.060839 0.250000 0.384503
-1.010270 0.000145 2.038227 0.250000 0.209260
-1.016234 1.016379 1.044539 0.250000 0.194732
-1.008485 1.008807 2.031573 0.250000 0.152890
-1.008000 2.016247 1.019421 0.250000 -0.020050
-1.005061 2.010642 2.019007 0.250000 0.067119
-1.002885 3.009186 1.006602 0.250000 -0.041838
-1.002458 3.008045 2.009466 0.250000 0.020483
-1.000918 4.004419 1.002388 0.250000 -0.024170
-1.001093 4.005009 2.004451 0.250000 -0.004368
0.000028 -5.001740 1.001013 0.250000 0.001697
0.000076 -5.002813 2.002301 0.250000 0.004441
0.000021 -4.004450 1.002684 0.250000 -0.004605
0.000089 -4.005238 2.005030 0.250000 0.018443
0.000029 -3.010616 1.008333 0.250000 -0.033116
0.000109 -3.008786 2.011088 0.250000 0.038591
0.000040 -2.020091 1.025375 0.250000 0.018611
0.000130 -2.012103 2.022525 0.250000 0.091182
0.000051 -1.020698 1.060839 0.250000 0.384503
0.000145 -1.010270 2.038227 0.250000 0.209262
0.000056 0.000056 1.083605 0.250000 0.680307
0.000151 0.000151 2.046698 0.250000 0.290211
0.000050 1.020838 1.060707 0.250000 0.384352
0.000144 1.010585 2.038071 0.250000 0.207544
0.000039 2.020316 1.025079 0.250000 0.014294
0.000127 2.012440 2.022209 0.250000 0.084670
0.000031 3.010985 1.007949 0.250000 -0.047631
0.000108 3.009107 2.010700 0.250000 0.023233
0.000040 4.005074 1.002709 0.250000 -0.028615
0.000095 4.005528 2.004890 0.250000 -0.004766
1.000312 -5.001501 1.000885 0.250000 0.002316
1.000612 -5.002546 2.002097 0.250000 0.003652
1.000960 -4.003808 1.002291 0.250000 -0.001553
1.001285 -4.004695 2.004501 0.250000 0.016745
1.003003 -3.008813 1.006878 0.250000 -0.028162
1.002723 -3.007701 2.009731 0.250000 0.033933
1.008139 -2.016011 1.019595 0.250000 -0.016074
1.005366 -2.010286 2.019179 0.250000 0.071905
1.016379 -1.016234 1.044539 0.250000 0.194731
1.008807 -1.008485 2.031573 0.250000 0.152890
1.020838 0.000050 1.060707 0.250000 0.384351
1.010585 0.000144 2.038071 0.250000 0.207545
1.016361 1.016361 1.044415 0.250000 0.194517
1.008785 1.008785 2.031426 0.250000 0.151180
1.008099 2.016216 1.019315 0.250000 -0.020332
1.005324 2.010603 2.018883 0.250000 0.065553
1.002961 3.009148 1.006520 0.250000 -0.042258
1.002677 3.007997 2.009374 0.250000 0.019102
1.001004 4.004378 1.002340 0.250000 -0.024781
1.001281 4.004960 2.004396 0.250000 -0.005578
2.000415 -5.000957 1.000605 0.250000 0.002576
2.000906 -5.001920 2.001633 0.250000 0.001301
2.001252 -4.002418 1.001440 0.250000 0.003065
2.001875 -4.003447 2.003299 0.250000 0.011687
2.003608 -3.005211 1.004072 0.250000 -0.014122
2.003785 -3.005337 2.006775 0.250000 0.023374
2.008766 -2.008539 1.009914 0.250000 -0.040321
2.006936 -2.006592 2.012418 0.250000 0.039583
2.016247 -1.008000 1.019421 0.250000 -0.020049
2.010642 -1.005061 2.019007 0.250000 0.067119
2.020316 0.000039 1.025079 0.250000 0.014294
2.012440 0.000127 2.022209 0.250000 0.084670
2.016216 1.008099 1.019315 0.250000 -0.020332
2.010603 1.005324 2.018883 0.250000 0.065553
2.008698 2.008698 1.009674 0.250000 -0.044204
2.006863 2.006863 2.012171 0.250000 0.033916
2.003534 3.005462 1.003780 0.250000 -0.026627
2.003705 3.005575 2.006493 0.250000 0.010357
2.001313 4.002856 1.001545 0.250000 -0.017305
2.001864 4.003652 2.003271 0.250000 -0.007728
3.000318 -5.000413 1.000360 0.250000 0.000221
3.000881 -5.001223 2.001159 0.250000 -0.002811
3.000966 -4.001144 1.000653 0.250000 0.002333
3.001769 -4.002138 2.002061 0.250000 0.003284
3.002592 -3.002342 1.001844 0.250000 -0.004263
3.003362 -3.003095 2.003938 0.250000 0.009671
3.005545 -2.003421 1.003959 0.250000 -0.023215
3.005665 -2.003491 2.006670 0.250000 0.015061
3.009186 -1.002885 1.006602 0.250000 -0.041839
3.008045 -1.002458 2.009466 0.250000 0.020483
3.010985 0.000031 1.007949 0.250000 -0.047632
3.009107 0.000108 2.010700 0.250000 0.023233
3.009148 1.002961 1.006520 0.250000 -0.042258
3.007997 1.002677 2.009374 0.250000 0.019102
3.005462 2.003534 1.003780 0.250000 -0.026627
3.005575 2.003705 2.006493 0.250000 0.010357
3.002500 3.002500 1.001652 0.250000 -0.014419
3.003267 3.003267 2.003763 0.250000 -0.000738
3.001034 4.001434 1.000842 0.250000 -0.013546
3.001761 4.002277 2.002133 0.250000 -0.011879
4.000180 -5.000138 1.000445 0.250000 -0.003511
4.000660 -5.000716 2.000952 0.250000 -0.007038
4.000589 -4.000469 1.000451 0.250000 -0.003222
4.001295 -4.001207 2.001330 0.250000 -0.005655
4.001523 -3.000925 1.000911 0.250000 -0.006183
4.002363 -3.001634 2.002194 0.250000 -0.004325
4.002942 -2.001212 1.001644 0.250000 -0.014416
4.003740 -2.001691 2.003367 0.250000 -0.004049
4.004419 -1.000918 1.002388 0.250000 -0.024170
4.005009 -1.001093 2.004451 0.250000 -0.004367
4.005074 0.000040 1.002709 0.250000 -0.028615
4.005528 0.000095 2.004890 0.250000 -0.004766
4.004378 1.001004 1.002340 0.250000 -0.024782
4.004960 1.001281 2.004396 0.250000 -0.005578
4.002856 2.001313 1.001545 0.250000 -0.017305
4.003652 2.001864 2.003271 0.250000 -0.007728
4.001434 3.001034 1.000842 0.250000 -0.013546
4.002277 3.001761 2.002133 0.250000 -0.011879
4.000652 4.000652 1.000693 0.250000 -0.013999
4.001307 4.001307 2.001484 0.250000 -0.016194
0.000000 0.000000 -1.000000 0.250000 0.000000
