-5.000594 -5.000594 0.001672 0.250000 -0.153966
-5.000862 -4.000651 0.001631 0.250000 -0.184529
-5.001257 -3.000674 0.001837 0.250000 -0.205890
-5.001714 -2.000588 0.002174 0.250000 -0.220903
-5.002101 -1.000332 0.002488 0.250000 -0.230333
-5.002253 0.000065 0.002634 0.250000 -0.233905
-5.002089 1.000466 0.002548 0.250000 -0.231504
-5.001695 2.000732 0.002312 0.250000 -0.222190
-5.001249 3.000837 0.002123 0.250000 -0.202732
-5.000904 4.000844 0.002171 0.250000 -0.168367
-4.000651 -5.000862 0.001631 0.250000 -0.184530
-4.001033 -4.001033 0.001653 0.250000 -0.225392
-4.001668 -3.001192 0.002123 0.250000 -0.252823
-4.002512 -2.001168 0.002905 0.250000 -0.268691
-4.003326 -1.000745 0.003702 0.250000 -0.274029
-4.003675 0.000069 0.004069 0.250000 -0.274879
-4.003313 1.000890 0.003765 0.250000 -0.276321
-4.002491 2.001333 0.003059 0.250000 -0.271966
-4.001660 3.001394 0.002465 0.250000 -0.250870
-4.001085 4.001284 0.002341 0.250000 -0.205647
-3.000674 -5.001257 0.001837 0.250000 -0.205889
-3.001192 -4.001668 0.002123 0.250000 -0.252823
-3.002179 -3.002179 0.003244 0.250000 -0.277023
-3.003749 -2.002449 0.005261 0.250000 -0.266447
-3.005554 -1.001782 0.007697 0.250000 -0.217676
-3.006425 0.000078 0.008935 0.250000 -0.184710
-3.005541 1.001948 0.007765 0.250000 -0.220627
-3.003729 2.002646 0.005431 0.250000 -0.270791
-3.002172 3.002430 0.003632 0.250000 -0.275410
-3.001244 4.001983 0.002918 0.250000 -0.230227
-2.000588 -5.001714 0.002174 0.250000 -0.220903
-2.001168 -4.002512 0.002905 0.250000 -0.268691
-2.002449 -3.003749 0.005261 0.250000 -0.266448
-2.004957 -2.004957 0.010399 0.250000 -0.133121
-2.008453 -1.004180 0.018610 0.250000 0.209399
-2.010244 0.000088 0.023701 0.250000 0.456279
-2.008443 1.004368 0.018684 0.250000 0.206030
-2.004941 2.005185 0.010584 0.250000 -0.137971
-2.002443 3.004048 0.005687 0.250000 -0.264431
-2.001207 4.002891 0.003782 0.250000 -0.242974
-1.000332 -5.002101 0.002488 0.250000 -0.230333
-1.000745 -4.003326 0.003702 0.250000 -0.274028
-1.001782 -3.005554 0.007697 0.250000 -0.217676
-1.004180 -2.008453 0.018610 0.250000 0.209399
-1.007102 -1.007102 0.041185 0.250000 1.401084
-1.008864 0.000095 0.053742 0.250000 2.096903
-1.007097 1.007306 0.041260 0.250000 1.397308
-1.004171 2.008704 0.018804 0.250000 0.204251
-1.001777 3.005887 0.008148 0.250000 -0.215017
-1.000764 4.003751 0.004635 0.250000 -0.245486
0.000065 -5.002253 0.002634 0.250000 -0.233905
0.000069 -4.003675 0.004069 0.250000 -0.274880
0.000078 -3.006425 0.008935 0.250000 -0.184710
0.000088 -2.010244 0.023701 0.250000 0.456278
0.000095 -1.008864 0.053742 0.250000 2.096905
0.000097 0.000097 0.071947 0.250000 3.131155
0.000094 1.009073 0.053817 0.250000 2.093008
0.000087 2.010503 0.023897 0.250000 0.451088
0.000080 3.006771 0.009396 0.250000 -0.181525
0.000076 4.004117 0.005023 0.250000 -0.244797
1.000466 -5.002089 0.002548 0.250000 -0.231503
1.000890 -4.003313 0.003765 0.250000 -0.276321
1.001948 -3.005541 0.007765 0.250000 -0.220628
1.004368 -2.008443 0.018684 0.250000 0.206029
1.007306 -1.007097 0.041260 0.250000 1.397308
1.009073 0.000094 0.053817 0.250000 2.093008
1.007299 1.007299 0.041335 0.250000 1.393757
1.004358 2.008693 0.018877 0.250000 0.201351
1.001946 3.005873 0.008218 0.250000 -0.217133
1.000921 4.003736 0.004700 0.250000 -0.246398
2.000732 -5.001695 0.002312 0.250000 -0.222189
2.001333 -4.002491 0.003059 0.250000 -0.271966
2.002646 -3.003729 0.005431 0.250000 -0.270791
2.005185 -2.004941 0.010584 0.250000 -0.137970
2.008704 -1.004171 0.018804 0.250000 0.204250
2.010503 0.000087 0.023897 0.250000 0.451088
2.008693 1.004358 0.018877 0.250000 0.201351
2.005166 2.005166 0.010768 0.250000 -0.141836
2.002639 3.004024 0.005857 0.250000 -0.267065
2.001379 4.002866 0.003937 0.250000 -0.243510
3.000837 -5.001249 0.002123 0.250000 -0.202732
3.001394 -4.001660 0.002465 0.250000 -0.250870
3.002430 -3.002172 0.003632 0.250000 -0.275410
3.004048 -2.002443 0.005687 0.250000 -0.264431
3.005887 -1.001777 0.008148 0.250000 -0.215017
3.006771 0.000080 0.009396 0.250000 -0.181524
3.005873 1.001946 0.008218 0.250000 -0.217133
3.004024 2.002639 0.005857 0.250000 -0.267064
3.002419 3.002419 0.004014 0.250000 -0.271107
3.001443 4.001970 0.003242 0.250000 -0.224846
4.000844 -5.000904 0.002171 0.250000 -0.168367
4.001284 -4.001085 0.002341 0.250000 -0.205647
4.001983 -3.001244 0.002918 0.250000 -0.230227
4.002891 -2.001207 0.003782 0.250000 -0.242974
4.003751 -1.000764 0.004635 0.250000 -0.245486
4.004117 0.000076 0.005023 0.250000 -0.244797
4.003736 1.000921 0.004700 0.250000 -0.246398
4.002866 2.001379 0.003937 0.250000 -0.243509
4.001970 3.001443 0.003242 0.250000 -0.224845
4.001324 4.001324 0.002957 0.250000 -0.184147
-5.000657 -5.000657 1.001895 0.250000 -0.148434
-5.000833 -5.000833 2.002226 0.250000 -0.136263
-5.000967 -4.000806 1.001973 0.250000 -0.172101
-5.001198 -4.001016 2.002453 0.250000 -0.151502
-5.001441 -3.000899 1.002307 0.250000 -0.184636
-5.001710 -3.001105 2.002891 0.250000 -0.156758
-5.001999 -2.000812 1.002768 0.250000 -0.190076
-5.002284 -2.000975 2.003430 0.250000 -0.155019
-5.002473 -1.000480 1.003178 0.250000 -0.191621
-5.002757 -1.000575 2.003890 0.250000 -0.150922
-5.002661 0.000040 1.003359 0.250000 -0.192231
-5.002944 0.000020 2.004089 0.250000 -0.149317
-5.002470 1.000557 1.003235 0.250000 -0.193222
-5.002765 1.000610 2.003952 0.250000 -0.152154
-5.002004 2.000880 1.002902 0.250000 -0.192146
-5.002310 2.000996 2.003574 0.250000 -0.156142
-5.001478 3.000958 1.002579 0.250000 -0.183024
-5.001774 3.001110 2.003161 0.250000 -0.154295
-5.001076 4.000893 1.002481 0.250000 -0.158268
-5.001323 4.001041 2.002900 0.250000 -0.140111
-4.000806 -5.000967 1.001973 0.250000 -0.172101
-4.001016 -5.001198 2.002453 0.250000 -0.151502
-4.001287 -4.001287 1.002209 0.250000 -0.198503
-4.001560 -4.001560 2.002911 0.250000 -0.163733
-4.002072 -3.001562 1.002918 0.250000 -0.206619
-4.002357 -3.001805 2.003766 0.250000 -0.158711
-4.003091 -2.001539 1.003934 0.250000 -0.200891
-4.003314 -2.001690 2.004861 0.250000 -0.140422
-4.004047 -1.000986 1.004899 0.250000 -0.188555
-4.004155 -1.001047 2.005841 0.250000 -0.119350
-4.004452 0.000042 1.005325 0.250000 -0.182816
-4.004500 0.000022 2.006260 0.250000 -0.110603
-4.004043 1.001069 1.004958 0.250000 -0.191529
-4.004161 1.001085 2.005907 0.250000 -0.121790
-4.003091 2.001614 1.004078 0.250000 -0.205501
-4.003334 2.001710 2.005019 0.250000 -0.143639
-4.002102 3.001630 1.003231 0.250000 -0.207407
-4.002411 3.001804 2.004077 0.250000 -0.158124
-4.001392 4.001396 1.002838 0.250000 -0.183083
-4.001671 4.001581 2.003449 0.250000 -0.151809
-3.000899 -5.001441 1.002307 0.250000 -0.184637
-3.001105 -5.001710 2.002891 0.250000 -0.156758
-3.001562 -4.002072 1.002918 0.250000 -0.206619
-3.001805 -4.002357 2.003766 0.250000 -0.158710
-3.002754 -3.002754 1.004408 0.250000 -0.196111
-3.002907 -3.002907 2.005372 0.250000 -0.129561
-3.004532 -2.003009 1.006715 0.250000 -0.149283
-3.004361 -2.002915 2.007561 0.250000 -0.070635
-3.006446 -1.002119 1.009185 0.250000 -0.079998
-3.005759 -1.001913 2.009670 0.250000 -0.003580
-3.007333 0.000048 1.010344 0.250000 -0.044304
-3.006364 0.000026 2.010598 0.250000 0.026549
-3.006441 1.002215 1.009247 0.250000 -0.083974
-3.005762 1.001959 2.009739 0.250000 -0.007036
-3.004530 2.003101 1.006869 0.250000 -0.155741
-3.004375 2.002941 2.007731 0.250000 -0.075649
-3.002777 3.002843 1.004754 0.250000 -0.198712
-3.002948 3.002910 2.005713 0.250000 -0.130740
-3.001651 4.002213 1.003631 0.250000 -0.190466
-3.001893 4.002384 2.004369 0.250000 -0.146852
-2.000812 -5.001999 1.002768 0.250000 -0.190076
-2.000975 -5.002284 2.003430 0.250000 -0.155018
-2.001539 -4.003091 1.003934 0.250000 -0.200891
-2.001690 -4.003314 2.004861 0.250000 -0.140421
-2.003009 -3.004532 1.006715 0.250000 -0.149283
-2.002915 -3.004361 2.007561 0.250000 -0.070636
-2.005592 -2.005592 1.011639 0.250000 0.005638
-2.004711 -2.004711 2.011565 0.250000 0.066158
-2.008863 -1.004408 1.017910 0.250000 0.259278
-2.006630 -1.003303 2.015810 0.250000 0.234001
-2.010539 0.000056 1.021197 0.250000 0.405496
-2.007517 0.000031 2.017781 0.250000 0.315599
-2.008859 1.004520 1.017974 0.250000 0.254597
-2.006631 1.003358 2.015881 0.250000 0.229789
-2.005589 2.005703 1.011802 0.250000 -0.002073
-2.004720 2.004747 2.011742 0.250000 0.059812
-2.003024 3.004647 1.007085 0.250000 -0.152988
-2.002942 3.004373 2.007923 0.250000 -0.073127
-2.001604 4.003268 1.004708 0.250000 -0.183691
-2.001752 4.003353 2.005511 0.250000 -0.128555
-1.000480 -5.002473 1.003178 0.250000 -0.191621
-1.000575 -5.002757 2.003890 0.250000 -0.150922
-1.000986 -4.004047 1.004899 0.250000 -0.188555
-1.001047 -4.004155 2.005841 0.250000 -0.119350
-1.002119 -3.006446 1.009185 0.250000 -0.079998
-1.001913 -3.005759 2.009670 0.250000 -0.003580
-1.004408 -2.008863 1.017910 0.250000 0.259279
-1.003303 -2.006630 2.015810 0.250000 0.234000
-1.007675 -1.007675 1.031028 0.250000 0.891847
-1.004926 -1.004926 2.022917 0.250000 0.550354
-1.009366 0.000061 1.038604 0.250000 1.286900
-1.005721 0.000035 2.026407 0.250000 0.714123
-1.007673 1.007798 1.031093 0.250000 0.886695
-1.004927 1.004989 2.022990 0.250000 0.545694
-1.004406 2.008989 1.018078 0.250000 0.250847
-1.003307 2.006672 2.015991 0.250000 0.226897
-1.002126 3.006581 1.009571 0.250000 -0.084159
-1.001926 3.005778 2.010045 0.250000 -0.006741
-1.001018 4.004252 1.005715 0.250000 -0.170117
-1.001078 4.004203 2.006519 0.250000 -0.107193
0.000040 -5.002661 1.003359 0.250000 -0.192231
0.000020 -5.002944 2.004089 0.250000 -0.149317
0.000042 -4.004452 1.005325 0.250000 -0.182817
0.000022 -4.004500 2.006260 0.250000 -0.110604
0.000048 -3.007333 1.010344 0.250000 -0.044305
0.000026 -3.006364 2.010598 0.250000 0.026548
0.000056 -2.010539 1.021197 0.250000 0.405497
0.000031 -2.007517 2.017781 0.250000 0.315599
0.000061 -1.009366 1.038604 0.250000 1.286901
0.000035 -1.005721 2.026407 0.250000 0.714123
0.000063 0.000063 1.048733 0.250000 1.835085
0.000036 0.000036 2.030743 0.250000 0.925569
0.000061 1.009494 1.038669 0.250000 1.281637
0.000035 1.005787 2.026480 0.250000 0.709399
0.000055 2.010671 1.021366 0.250000 0.396981
0.000032 2.007563 2.017964 0.250000 0.308430
0.000050 3.007476 1.010736 0.250000 -0.048299
0.000028 3.006387 2.010977 0.250000 0.023475
0.000048 4.004668 1.006156 0.250000 -0.163409
0.000026 4.004552 2.006949 0.250000 -0.097900
1.000557 -5.002470 1.003235 0.250000 -0.193222
1.000610 -5.002765 2.003952 0.250000 -0.152154
1.001069 -4.004043 1.004958 0.250000 -0.191529
1.001085 -4.004161 2.005907 0.250000 -0.121790
1.002215 -3.006441 1.009247 0.250000 -0.083974
1.001959 -3.005762 2.009739 0.250000 -0.007036
1.004520 -2.008859 1.017974 0.250000 0.254597
1.003358 -2.006631 2.015881 0.250000 0.229790
1.007798 -1.007673 1.031093 0.250000 0.886694
1.004989 -1.004927 2.022990 0.250000 0.545694
1.009494 0.000061 1.038669 0.250000 1.281638
1.005787 0.000035 2.026480 0.250000 0.709399
1.007795 1.007795 1.031158 0.250000 0.881824
1.004990 1.004990 2.023062 0.250000 0.541344
1.004517 2.008984 1.018142 0.250000 0.246751
1.003363 2.006674 2.016063 0.250000 0.223320
1.002225 3.006576 1.009634 0.250000 -0.087156
1.001976 3.005782 2.010115 0.250000 -0.009216
1.001112 4.004248 1.005777 0.250000 -0.171613
1.001124 4.004209 2.006587 0.250000 -0.108333
2.000880 -5.002004 1.002902 0.250000 -0.192146
2.000996 -5.002310 2.003574 0.250000 -0.156142
2.001614 -4.003091 1.004078 0.250000 -0.205501
2.001710 -4.003334 2.005019 0.250000 -0.143639
2.003101 -3.004530 1.006869 0.250000 -0.155742
2.002941 -3.004375 2.007731 0.250000 -0.075649
2.005703 -2.005589 1.011802 0.250000 -0.002073
2.004747 -2.004720 2.011742 0.250000 0.059812
2.008989 -1.004406 1.018078 0.250000 0.250847
2.006672 -1.003307 2.015991 0.250000 0.226896
2.010671 0.000055 1.021366 0.250000 0.396981
2.007563 0.000032 2.017964 0.250000 0.308430
2.008984 1.004517 1.018142 0.250000 0.246750
2.006674 1.003363 2.016063 0.250000 0.223320
2.005700 2.005700 1.011965 0.250000 -0.008564
2.004756 2.004756 2.011920 0.250000 0.054749
2.003119 3.004644 1.007240 0.250000 -0.157442
2.002973 3.004388 2.008093 0.250000 -0.076198
2.001690 4.003269 1.004855 0.250000 -0.185355
2.001783 4.003375 2.005667 0.250000 -0.129290
3.000958 -5.001478 1.002579 0.250000 -0.183025
3.001110 -5.001774 2.003161 0.250000 -0.154295
3.001630 -4.002102 1.003231 0.250000 -0.207407
3.001804 -4.002411 2.004077 0.250000 -0.158124
3.002843 -3.002777 1.004754 0.250000 -0.198712
3.002910 -3.002948 2.005713 0.250000 -0.130740
3.004647 -2.003024 1.007085 0.250000 -0.152989
3.004373 -2.002942 2.007923 0.250000 -0.073126
3.006581 -1.002126 1.009571 0.250000 -0.084159
3.005778 -1.001926 2.010045 0.250000 -0.006742
3.007476 0.000050 1.010736 0.250000 -0.048300
3.006387 0.000028 2.010977 0.250000 0.023475
3.006576 1.002225 1.009634 0.250000 -0.087157
3.005782 1.001976 2.010115 0.250000 -0.009215
3.004644 2.003119 1.007240 0.250000 -0.157443
3.004388 2.002973 2.008093 0.250000 -0.076197
3.002869 3.002869 1.005097 0.250000 -0.198241
3.002958 3.002958 2.006050 0.250000 -0.129154
3.001731 4.002246 1.003932 0.250000 -0.187357
3.001908 4.002446 2.004666 0.250000 -0.143103
4.000893 -5.001076 1.002481 0.250000 -0.158268
4.001041 -5.001323 2.002900 0.250000 -0.140111
4.001396 -4.001392 1.002838 0.250000 -0.183083
4.001581 -4.001671 2.003449 0.250000 -0.151809
4.002213 -3.001651 1.003631 0.250000 -0.190466
4.002384 -3.001893 2.004369 0.250000 -0.146852
4.003268 -2.001604 1.004708 0.250000 -0.183691
4.003353 -2.001752 2.005511 0.250000 -0.128555
4.004252 -1.001018 1.005715 0.250000 -0.170117
4.004203 -1.001078 2.006519 0.250000 -0.107193
4.004668 0.000048 1.006156 0.250000 -0.163409
4.004552 0.000026 2.006949 0.250000 -0.097900
4.004248 1.001112 1.005777 0.250000 -0.171613
4.004209 1.001124 2.006587 0.250000 -0.108334
4.003269 2.001690 1.004855 0.250000 -0.185355
4.003375 2.001783 2.005667 0.250000 -0.129290
4.002246 3.001731 1.003932 0.250000 -0.187356
4.002446 3.001908 2.004666 0.250000 -0.143103
4.001507 4.001507 1.003410 0.250000 -0.164939
4.001707 4.001707 2.003945 0.250000 -0.137237
0.000000 0.000000 -1.000000 0.250000 0.000000
