-5.000461 -5.000461 0.002792 0.250000 -0.025784
-5.000635 -4.000495 0.003008 0.250000 -0.047680
-5.000867 -3.000492 0.003349 0.250000 -0.047551
-5.001125 -2.000413 0.003738 0.250000 -0.033539
-5.001339 -1.000230 0.004060 0.250000 -0.016748
-5.001423 0.000035 0.004198 0.250000 -0.007392
-5.001337 1.000300 0.004102 0.250000 -0.009765
-5.001123 2.000485 0.003829 0.250000 -0.017813
-5.000870 3.000568 0.003515 0.250000 -0.017286
-5.000653 4.000577 0.003284 0.250000 0.005331
-4.000495 -5.000635 0.003008 0.250000 -0.047679
-4.000735 -4.000735 0.003353 0.250000 -0.070755
-4.001096 -3.000801 0.003951 0.250000 -0.056023
-4.001553 -2.000742 0.004706 0.250000 -0.013248
-4.001982 -1.000457 0.005391 0.250000 0.036042
-4.002165 0.000039 0.005690 0.250000 0.060713
-4.001980 1.000536 0.005439 0.250000 0.043898
-4.001550 2.000826 0.004814 0.250000 0.004936
-4.001099 3.000893 0.004156 0.250000 -0.019231
-4.000756 4.000837 0.003707 0.250000 -0.002896
-3.000492 -5.000867 0.003349 0.250000 -0.047551
-3.000801 -4.001096 0.003951 0.250000 -0.056023
-3.001336 -3.001336 0.005056 0.250000 0.001516
-3.002146 -2.001409 0.006652 0.250000 0.128864
-3.003050 -1.000982 0.008356 0.250000 0.291089
-3.003482 0.000044 0.009171 0.250000 0.375752
-3.003048 1.001072 0.008410 0.250000 0.299828
-3.002143 2.001506 0.006775 0.250000 0.149344
-3.001339 3.001446 0.005291 0.250000 0.043570
-3.000821 4.001219 0.004361 0.250000 0.022414
-2.000413 -5.001125 0.003738 0.250000 -0.033539
-2.000742 -4.001553 0.004706 0.250000 -0.013248
-2.001409 -3.002146 0.006652 0.250000 0.128864
-2.002653 -2.002653 0.010091 0.250000 0.470609
-2.004345 -1.002148 0.014893 0.250000 1.026032
-2.005203 0.000048 0.017695 0.250000 1.371661
-2.004344 1.002247 0.014952 0.250000 1.035463
-2.002651 2.002763 0.010224 0.250000 0.492893
-2.001411 3.002271 0.006909 0.250000 0.174937
-2.000758 4.001695 0.005154 0.250000 0.072922
-1.000230 -5.001339 0.004060 0.250000 -0.016748
-1.000457 -4.001982 0.005391 0.250000 0.036041
-1.000982 -3.003050 0.008356 0.250000 0.291089
-1.002148 -2.004345 0.014893 0.250000 1.026031
-1.003539 -1.003539 0.026870 0.250000 2.549726
-1.004378 0.000051 0.033365 0.250000 3.398236
-1.003538 1.003645 0.026931 0.250000 2.559502
-1.002147 2.004463 0.015033 0.250000 1.049392
-1.000984 3.003186 0.008625 0.250000 0.339722
-1.000465 4.002137 0.005863 0.250000 0.127264
0.000035 -5.001423 0.004198 0.250000 -0.007392
0.000039 -4.002165 0.005690 0.250000 0.060714
0.000044 -3.003482 0.009171 0.250000 0.375751
0.000048 -2.005203 0.017695 0.250000 1.371661
0.000051 -1.004378 0.033365 0.250000 3.398236
0.000052 0.000052 0.042665 0.250000 4.626588
0.000051 1.004486 0.033427 0.250000 3.408080
0.000048 2.005323 0.017836 0.250000 1.395294
0.000043 3.003622 0.009444 0.250000 0.425206
0.000039 4.002325 0.006170 0.250000 0.153673
1.000300 -5.001337 0.004102 0.250000 -0.009765
1.000536 -4.001980 0.005439 0.250000 0.043898
1.001072 -3.003048 0.008410 0.250000 0.299828
1.002247 -2.004344 0.014952 0.250000 1.035463
1.003645 -1.003538 0.026931 0.250000 2.559502
1.004486 0.000051 0.033427 0.250000 3.408081
1.003643 1.003643 0.026992 0.250000 2.569181
1.002245 2.004460 0.015089 0.250000 1.058621
1.001072 3.003183 0.008676 0.250000 0.348183
1.000544 4.002134 0.005907 0.250000 0.134860
2.000485 -5.001123 0.003829 0.250000 -0.017813
2.000826 -4.001550 0.004814 0.250000 0.004936
2.001506 -3.002143 0.006775 0.250000 0.149344
2.002763 -2.002651 0.010224 0.250000 0.492895
2.004463 -1.002147 0.015033 0.250000 1.049392
2.005323 0.000048 0.017836 0.250000 1.395294
2.004460 1.002245 0.015089 0.250000 1.058621
2.002758 2.002758 0.010353 0.250000 0.514710
2.001506 3.002266 0.007024 0.250000 0.194648
2.000840 4.001690 0.005252 0.250000 0.090125
3.000568 -5.000870 0.003515 0.250000 -0.017286
3.000893 -4.001099 0.004156 0.250000 -0.019231
3.001446 -3.001339 0.005291 0.250000 0.043570
3.002271 -2.001411 0.006909 0.250000 0.174936
3.003186 -1.000984 0.008625 0.250000 0.339722
3.003622 0.000043 0.009444 0.250000 0.425206
3.003183 1.001072 0.008676 0.250000 0.348183
3.002266 2.001506 0.007024 0.250000 0.194648
3.001445 3.001445 0.005511 0.250000 0.083920
3.000909 4.001218 0.004541 0.250000 0.055876
4.000577 -5.000653 0.003284 0.250000 0.005330
4.000837 -4.000756 0.003707 0.250000 -0.002897
4.001219 -3.000821 0.004361 0.250000 0.022413
4.001695 -2.000758 0.005154 0.250000 0.072922
4.002137 -1.000465 0.005863 0.250000 0.127264
4.002325 0.000039 0.006170 0.250000 0.153673
4.002134 1.000544 0.005907 0.250000 0.134860
4.001690 2.000840 0.005252 0.250000 0.090125
4.001218 3.000909 0.004541 0.250000 0.055876
4.000852 4.000852 0.004009 0.250000 0.056234
-5.000647 -5.000647 1.002934 0.250000 -0.009036
-5.000818 -5.000818 2.003122 0.250000 0.016163
-5.000884 -4.000725 1.003205 0.250000 -0.021882
-5.001092 -4.000902 2.003459 0.250000 0.015542
-5.001205 -3.000745 1.003600 0.250000 -0.012622
-5.001442 -3.000907 2.003895 0.250000 0.032775
-5.001562 -2.000639 1.004039 0.250000 0.009896
-5.001816 -2.000762 2.004357 0.250000 0.061000
-5.001857 -1.000371 1.004396 0.250000 0.033164
-5.002116 -1.000442 2.004725 0.250000 0.087904
-5.001975 0.000017 1.004547 0.250000 0.044924
-5.002235 0.000001 2.004879 0.250000 0.101021
-5.001862 1.000403 1.004438 0.250000 0.040050
-5.002126 1.000444 2.004768 0.250000 0.095284
-5.001575 2.000667 1.004129 0.250000 0.025443
-5.001840 2.000760 2.004450 0.250000 0.077374
-5.001234 3.000771 1.003762 0.250000 0.016568
-5.001485 3.000902 2.004053 0.250000 0.061560
-5.000939 4.000762 1.003468 0.250000 0.028442
-5.001159 4.000911 2.003693 0.250000 0.060138
-4.000725 -5.000884 1.003205 0.250000 -0.021882
-4.000902 -5.001092 2.003459 0.250000 0.015542
-4.001065 -4.001065 1.003640 0.250000 -0.029166
-4.001279 -4.001279 2.003984 0.250000 0.026538
-4.001565 -3.001183 1.004328 0.250000 0.002232
-4.001792 -3.001365 2.004714 0.250000 0.069185
-4.002179 -2.001094 1.005160 0.250000 0.060623
-4.002380 -2.001214 2.005543 0.250000 0.133464
-4.002736 -1.000678 1.005893 0.250000 0.121026
-4.002883 -1.000734 2.006242 0.250000 0.194897
-4.002970 0.000018 1.006206 0.250000 0.149461
-4.003088 0.000001 2.006535 0.250000 0.222915
-4.002740 1.000713 1.005940 0.250000 0.128655
-4.002892 1.000734 2.006292 0.250000 0.203155
-4.002190 2.001125 1.005266 0.250000 0.078313
-4.002400 2.001208 2.005653 0.250000 0.152182
-4.001590 3.001211 1.004524 0.250000 0.036986
-4.001829 3.001356 2.004903 0.250000 0.103166
-4.001117 4.001109 1.003972 0.250000 0.033908
-4.001338 4.001286 2.004272 0.250000 0.080911
-3.000745 -5.001205 1.003600 0.250000 -0.012622
-3.000907 -5.001442 2.003895 0.250000 0.032776
-3.001183 -4.001565 1.004328 0.250000 0.002232
-3.001365 -4.001792 2.004714 0.250000 0.069185
-3.001899 -3.001899 1.005552 0.250000 0.084755
-3.002040 -3.002040 2.005929 0.250000 0.160955
-3.002905 -2.001935 1.007203 0.250000 0.230529
-3.002890 -2.001936 2.007427 0.250000 0.298679
-3.003947 -1.001306 1.008840 0.250000 0.393736
-3.003683 -1.001234 2.008792 0.250000 0.436679
-3.004423 0.000021 1.009582 0.250000 0.472449
-3.004023 0.000001 2.009379 0.250000 0.499407
-3.003950 1.001345 1.008893 0.250000 0.402067
-3.003690 1.001233 2.008847 0.250000 0.445672
-3.002913 2.001971 1.007323 0.250000 0.250091
-3.002906 2.001929 2.007550 0.250000 0.319300
-3.001918 3.001932 1.005775 0.250000 0.123836
-3.002069 3.002029 2.006143 0.250000 0.198961
-3.001225 4.001618 1.004709 0.250000 0.074216
-3.001412 4.001799 2.005042 0.250000 0.130829
-2.000639 -5.001562 1.004039 0.250000 0.009896
-2.000762 -5.001816 2.004357 0.250000 0.061000
-2.001094 -4.002179 1.005160 0.250000 0.060623
-2.001214 -4.002380 2.005543 0.250000 0.133464
-2.001935 -3.002905 1.007203 0.250000 0.230530
-2.001936 -3.002890 2.007427 0.250000 0.298679
-2.003322 -2.003322 1.010380 0.250000 0.555270
-2.002945 -2.002945 2.009972 0.250000 0.559658
-2.005009 -1.002495 1.014099 0.250000 0.977559
-2.003988 -1.001995 2.012522 0.250000 0.843052
-2.005859 0.000023 1.015972 0.250000 1.200971
-2.004463 0.000002 2.013678 0.250000 0.976954
-2.005011 1.002540 1.014156 0.250000 0.986430
-2.003992 1.001996 2.012581 0.250000 0.852583
-2.003327 2.003363 1.010509 0.250000 0.576233
-2.002956 2.002939 2.010104 0.250000 0.581640
-2.001948 3.002945 1.007444 0.250000 0.272739
-2.001956 3.002879 2.007658 0.250000 0.339499
-2.001124 4.002241 1.005574 0.250000 0.138952
-2.001246 4.002389 2.005899 0.250000 0.200171
-1.000371 -5.001857 1.004396 0.250000 0.033164
-1.000442 -5.002116 2.004725 0.250000 0.087904
-1.000678 -4.002736 1.005893 0.250000 0.121026
-1.000734 -4.002883 2.006242 0.250000 0.194897
-1.001306 -3.003947 1.008840 0.250000 0.393735
-1.001234 -3.003683 2.008792 0.250000 0.436679
-1.002495 -2.005009 1.014099 0.250000 0.977560
-1.001995 -2.003988 2.012522 0.250000 0.843052
-1.004130 -1.004130 1.021353 0.250000 1.863432
-1.002853 -1.002853 2.016596 0.250000 1.320976
-1.004964 0.000025 1.025391 0.250000 2.376254
-1.003266 0.000002 2.018545 0.250000 1.557882
-1.004131 1.004179 1.021413 0.250000 1.872603
-1.002855 1.002855 2.016657 0.250000 1.330816
-1.002497 2.005055 1.014233 0.250000 0.999355
-1.002000 2.003982 2.012659 0.250000 0.865826
-1.001312 3.003992 1.009092 0.250000 0.437862
-1.001243 3.003673 2.009032 0.250000 0.479158
-1.000693 4.002806 1.006327 0.250000 0.203382
-1.000749 4.002894 2.006614 0.250000 0.264658
0.000017 -5.001975 1.004547 0.250000 0.044924
0.000001 -5.002235 2.004879 0.250000 0.101021
0.000018 -4.002970 1.006206 0.250000 0.149460
0.000001 -4.003088 2.006535 0.250000 0.222915
0.000021 -3.004423 1.009582 0.250000 0.472450
0.000001 -3.004023 2.009379 0.250000 0.499407
0.000023 -2.005859 1.015972 0.250000 1.200970
0.000002 -2.004463 2.013678 0.250000 0.976954
0.000025 -1.004964 1.025391 0.250000 2.376254
0.000002 -1.003266 2.018545 0.250000 1.557882
0.000025 0.000025 1.030694 0.250000 3.061149
0.000003 0.000003 2.020926 0.250000 1.851995
0.000025 1.005014 1.025450 0.250000 2.385489
0.000003 1.003269 2.018607 0.250000 1.567796
0.000023 2.005906 1.016107 0.250000 1.222999
0.000003 2.004458 2.013816 0.250000 0.999942
0.000021 3.004470 1.009836 0.250000 0.517179
0.000003 3.004014 2.009622 0.250000 0.542371
0.000020 4.003043 1.006646 0.250000 0.233180
0.000003 4.003101 2.006911 0.250000 0.293622
1.000403 -5.001862 1.004438 0.250000 0.040049
1.000444 -5.002126 2.004768 0.250000 0.095284
1.000713 -4.002740 1.005940 0.250000 0.128655
1.000734 -4.002892 2.006292 0.250000 0.203155
1.001345 -3.003950 1.008893 0.250000 0.402066
1.001233 -3.003690 2.008847 0.250000 0.445673
1.002540 -2.005011 1.014156 0.250000 0.986430
1.001996 -2.003992 2.012581 0.250000 0.852583
1.004179 -1.004131 1.021413 0.250000 1.872603
1.002855 -1.002855 2.016657 0.250000 1.330816
1.005014 0.000025 1.025450 0.250000 2.385489
1.003269 0.000003 2.018607 0.250000 1.567796
1.004179 1.004179 1.021471 0.250000 1.881701
1.002858 1.002858 2.016718 0.250000 1.340577
1.002542 2.005057 1.014288 0.250000 1.008074
1.002002 2.003988 2.012716 0.250000 0.875183
1.001353 3.003995 1.009142 0.250000 0.445972
1.001246 3.003681 2.009084 0.250000 0.487872
1.000731 4.002810 1.006371 0.250000 0.210781
1.000754 4.002903 2.006660 0.250000 0.272532
2.000667 -5.001575 1.004129 0.250000 0.025443
2.000760 -5.001840 2.004450 0.250000 0.077373
2.001125 -4.002190 1.005266 0.250000 0.078313
2.001208 -4.002400 2.005653 0.250000 0.152182
2.001971 -3.002913 1.007323 0.250000 0.250090
2.001929 -3.002906 2.007550 0.250000 0.319300
2.003363 -2.003327 1.010509 0.250000 0.576233
2.002939 -2.002956 2.010104 0.250000 0.581640
2.005055 -1.002497 1.014233 0.250000 0.999356
2.003982 -1.002000 2.012659 0.250000 0.865825
2.005906 0.000023 1.016107 0.250000 1.222998
2.004458 0.000003 2.013816 0.250000 0.999941
2.005057 1.002542 1.014288 0.250000 1.008073
2.003988 1.002002 2.012716 0.250000 0.875183
2.003369 2.003369 1.010633 0.250000 0.596828
2.002952 2.002952 2.010231 0.250000 0.603207
2.001986 3.002953 1.007556 0.250000 0.291657
2.001953 3.002897 2.007773 0.250000 0.359362
2.001159 4.002252 1.005671 0.250000 0.155752
2.001246 4.002411 2.005998 0.250000 0.217734
3.000771 -5.001234 1.003762 0.250000 0.016568
3.000902 -5.001485 2.004053 0.250000 0.061560
3.001211 -4.001590 1.004524 0.250000 0.036986
3.001356 -4.001829 2.004903 0.250000 0.103167
3.001932 -3.001918 1.005775 0.250000 0.123836
3.002029 -3.002069 2.006143 0.250000 0.198961
3.002945 -2.001948 1.007444 0.250000 0.272739
3.002879 -2.001956 2.007658 0.250000 0.339499
3.003992 -1.001312 1.009092 0.250000 0.437862
3.003673 -1.001243 2.009032 0.250000 0.479159
3.004470 0.000021 1.009836 0.250000 0.517179
3.004014 0.000003 2.009622 0.250000 0.542371
3.003995 1.001353 1.009142 0.250000 0.445972
3.003681 1.001246 2.009084 0.250000 0.487872
3.002953 2.001986 1.007556 0.250000 0.291656
3.002897 2.001953 2.007773 0.250000 0.359362
3.001953 3.001953 1.005983 0.250000 0.161423
3.002062 3.002062 2.006343 0.250000 0.235346
3.001257 4.001644 1.004882 0.250000 0.106092
3.001410 4.001839 2.005210 0.250000 0.161970
4.000762 -5.000939 1.003468 0.250000 0.028441
4.000911 -5.001159 2.003693 0.250000 0.060137
4.001109 -4.001117 1.003972 0.250000 0.033908
4.001286 -4.001338 2.004272 0.250000 0.080910
4.001618 -3.001225 1.004709 0.250000 0.074216
4.001799 -3.001412 2.005042 0.250000 0.130829
4.002241 -2.001124 1.005574 0.250000 0.138952
4.002389 -2.001246 2.005899 0.250000 0.200172
4.002806 -1.000693 1.006327 0.250000 0.203382
4.002894 -1.000749 2.006614 0.250000 0.264657
4.003043 0.000020 1.006646 0.250000 0.233180
4.003101 0.000003 2.006911 0.250000 0.293623
4.002810 1.000731 1.006371 0.250000 0.210781
4.002903 1.000754 2.006660 0.250000 0.272532
4.002252 2.001159 1.005671 0.250000 0.155752
4.002411 2.001246 2.005998 0.250000 0.217734
4.001644 3.001257 1.004882 0.250000 0.106092
4.001839 3.001410 2.005210 0.250000 0.161969
4.001162 4.001162 1.004258 0.250000 0.089530
4.001351 4.001351 2.004524 0.250000 0.129623
0.000000 0.000000 -1.000000 0.250000 0.000000
