-5.000575 -5.000575 0.002146 0.250000 -0.159707
-5.000818 -4.000626 0.002201 0.250000 -0.193782
-5.001163 -3.000637 0.002470 0.250000 -0.213453
-5.001556 -2.000546 0.002848 0.250000 -0.223147
-5.001886 -1.000305 0.003186 0.250000 -0.226735
-5.002016 0.000058 0.003339 0.250000 -0.227036
-5.001879 1.000424 0.003246 0.250000 -0.225199
-5.001544 2.000672 0.002985 0.250000 -0.218610
-5.001161 3.000775 0.002738 0.250000 -0.200462
-5.000853 4.000783 0.002679 0.250000 -0.163235
-4.000626 -5.000818 0.002201 0.250000 -0.193781
-4.000967 -4.000967 0.002349 0.250000 -0.237289
-4.001513 -3.001090 0.002897 0.250000 -0.258106
-4.002228 -2.001044 0.003714 0.250000 -0.260403
-4.002909 -1.000655 0.004514 0.250000 -0.251501
-4.003201 0.000064 0.004877 0.250000 -0.245284
-4.002901 1.000787 0.004580 0.250000 -0.250521
-4.002215 2.001189 0.003871 0.250000 -0.256496
-4.001512 3.001260 0.003220 0.250000 -0.243679
-4.001008 4.001169 0.002961 0.250000 -0.198823
-3.000637 -5.001163 0.002470 0.250000 -0.213453
-3.001090 -4.001513 0.002897 0.250000 -0.258106
-3.001924 -3.001924 0.004074 0.250000 -0.264310
-3.003228 -2.002110 0.006030 0.250000 -0.222081
-3.004710 -1.001509 0.008288 0.250000 -0.140065
-3.005423 0.000072 0.009413 0.250000 -0.091462
-3.004702 1.001660 0.008362 0.250000 -0.139285
-3.003215 2.002281 0.006206 0.250000 -0.218174
-3.001923 3.002132 0.004443 0.250000 -0.248257
-3.001131 4.001763 0.003603 0.250000 -0.213751
-2.000546 -5.001556 0.002848 0.250000 -0.223147
-2.001044 -4.002228 0.003714 0.250000 -0.260403
-2.002110 -3.003228 0.006030 0.250000 -0.222080
-2.004162 -2.004162 0.010709 0.250000 -0.026978
-2.006998 -1.003457 0.017829 0.250000 0.382321
-2.008445 0.000080 0.022149 0.250000 0.660836
-2.006991 1.003625 0.017909 0.250000 0.383026
-2.004152 2.004358 0.010900 0.250000 -0.022809
-2.002109 3.003471 0.006435 0.250000 -0.204289
-2.001076 4.002523 0.004491 0.250000 -0.210984
-1.000305 -5.001886 0.003186 0.250000 -0.226735
-1.000655 -4.002909 0.004514 0.250000 -0.251501
-1.001509 -3.004710 0.008288 0.250000 -0.140066
-1.003457 -2.006998 0.017829 0.250000 0.382321
-1.005813 -1.005813 0.036725 0.250000 1.681751
-1.007234 0.000085 0.047145 0.250000 2.427950
-1.005810 1.005994 0.036807 0.250000 1.682286
-1.003452 2.007211 0.018029 0.250000 0.386673
-1.001508 3.004978 0.008716 0.250000 -0.120859
-1.000671 4.003237 0.005337 0.250000 -0.198188
0.000058 -5.002016 0.003339 0.250000 -0.227036
0.000064 -4.003201 0.004877 0.250000 -0.245284
0.000072 -3.005423 0.009413 0.250000 -0.091463
0.000080 -2.008445 0.022149 0.250000 0.660837
0.000085 -1.007234 0.047145 0.250000 2.427950
0.000087 0.000087 0.062185 0.250000 3.526697
0.000085 1.007419 0.047228 0.250000 2.428440
0.000079 2.008664 0.022352 0.250000 0.665289
0.000072 3.005700 0.009848 0.250000 -0.071538
0.000067 4.003540 0.005717 0.250000 -0.190186
1.000424 -5.001879 0.003246 0.250000 -0.225199
1.000787 -4.002901 0.004580 0.250000 -0.250521
1.001660 -3.004702 0.008362 0.250000 -0.139285
1.003625 -2.006991 0.017909 0.250000 0.383026
1.005994 -1.005810 0.036807 0.250000 1.682287
1.007419 0.000085 0.047228 0.250000 2.428440
1.005989 1.005989 0.036889 0.250000 1.682982
1.003618 2.007203 0.018108 0.250000 0.387708
1.001658 3.004969 0.008788 0.250000 -0.119488
1.000808 4.003227 0.005403 0.250000 -0.196204
2.000672 -5.001544 0.002985 0.250000 -0.218611
2.001189 -4.002215 0.003871 0.250000 -0.256495
2.002281 -3.003215 0.006206 0.250000 -0.218174
2.004358 -2.004152 0.010900 0.250000 -0.022810
2.007211 -1.003452 0.018029 0.250000 0.386673
2.008664 0.000079 0.022352 0.250000 0.665289
2.007203 1.003618 0.018108 0.250000 0.387708
2.004346 2.004346 0.011088 0.250000 -0.017977
2.002278 3.003455 0.006605 0.250000 -0.199262
2.001223 4.002507 0.004641 0.250000 -0.205282
3.000775 -5.001161 0.002738 0.250000 -0.200462
3.001260 -4.001512 0.003220 0.250000 -0.243679
3.002132 -3.001923 0.004443 0.250000 -0.248258
3.003471 -2.002109 0.006435 0.250000 -0.204288
3.004978 -1.001508 0.008716 0.250000 -0.120859
3.005700 0.000072 0.009848 0.250000 -0.071537
3.004969 1.001658 0.008788 0.250000 -0.119488
3.003455 2.002278 0.006605 0.250000 -0.199262
3.002126 3.002126 0.004800 0.250000 -0.230677
3.001296 4.001756 0.003900 0.250000 -0.197858
4.000783 -5.000853 0.002679 0.250000 -0.163235
4.001169 -4.001008 0.002961 0.250000 -0.198823
4.001763 -3.001131 0.003603 0.250000 -0.213752
4.002523 -2.001076 0.004491 0.250000 -0.210984
4.003237 -1.000671 0.005337 0.250000 -0.198188
4.003540 0.000067 0.005717 0.250000 -0.190185
4.003227 1.000808 0.005403 0.250000 -0.196204
4.002507 2.001223 0.004641 0.250000 -0.205282
4.001756 3.001296 0.003900 0.250000 -0.197858
4.001200 4.001200 0.003497 0.250000 -0.162046
-5.000686 -5.000686 1.002349 0.250000 -0.150347
-5.000860 -5.000860 2.002639 0.250000 -0.133474
-5.000981 -4.000814 1.002502 0.250000 -0.176491
-5.001202 -4.001012 2.002913 0.250000 -0.149364
-5.001413 -3.000882 1.002872 0.250000 -0.186940
-5.001668 -3.001072 2.003364 0.250000 -0.151910
-5.001912 -2.000782 1.003345 0.250000 -0.187166
-5.002184 -2.000932 2.003894 0.250000 -0.145107
-5.002333 -1.000459 1.003754 0.250000 -0.183156
-5.002605 -1.000547 2.004337 0.250000 -0.135856
-5.002501 0.000032 1.003934 0.250000 -0.180618
-5.002772 0.000011 2.004529 0.250000 -0.131263
-5.002335 1.000521 1.003813 0.250000 -0.181944
-5.002616 1.000566 2.004401 0.250000 -0.134157
-5.001924 2.000837 1.003479 0.250000 -0.183212
-5.002214 2.000939 2.004036 0.250000 -0.140110
-5.001453 3.000929 1.003129 0.250000 -0.175375
-5.001732 3.001070 2.003618 0.250000 -0.139826
-5.001076 4.000885 1.002954 0.250000 -0.148514
-5.001315 4.001030 2.003314 0.250000 -0.125152
-4.000814 -5.000981 1.002502 0.250000 -0.176491
-4.001012 -5.001202 2.002913 0.250000 -0.149364
-4.001260 -4.001260 1.002819 0.250000 -0.204531
-4.001509 -4.001509 2.003408 0.250000 -0.160917
-4.001961 -3.001483 1.003548 0.250000 -0.206402
-4.002222 -3.001701 2.004242 0.250000 -0.149556
-4.002855 -2.001428 1.004535 0.250000 -0.188685
-4.003065 -2.001567 2.005273 0.250000 -0.120867
-4.003684 -1.000904 1.005452 0.250000 -0.164032
-4.003800 -1.000964 2.006181 0.250000 -0.089570
-4.004035 0.000035 1.005855 0.250000 -0.152081
-4.004102 0.000012 2.006569 0.250000 -0.075545
-4.003685 1.000971 1.005517 0.250000 -0.163582
-4.003809 1.000983 2.006251 0.250000 -0.088440
-4.002863 2.001488 1.004686 0.250000 -0.185830
-4.003090 2.001572 2.005434 0.250000 -0.116535
-4.001995 3.001536 1.003851 0.250000 -0.194541
-4.002276 3.001692 2.004540 0.250000 -0.136903
-4.001351 4.001346 1.003384 0.250000 -0.170752
-4.001609 4.001524 2.003895 0.250000 -0.132715
-3.000882 -5.001413 1.002872 0.250000 -0.186940
-3.001072 -5.001668 2.003364 0.250000 -0.151911
-3.001483 -4.001961 1.003548 0.250000 -0.206402
-3.001701 -4.002222 2.004242 0.250000 -0.149555
-3.002526 -3.002526 1.004992 0.250000 -0.180457
-3.002671 -3.002671 2.005749 0.250000 -0.107060
-3.004051 -2.002693 1.007134 0.250000 -0.107471
-3.003931 -2.002632 2.007743 0.250000 -0.027840
-3.005671 -1.001868 1.009372 0.250000 -0.011267
-3.005131 -1.001712 2.009633 0.250000 0.059013
-3.006417 0.000039 1.010411 0.250000 0.037199
-3.005649 0.000014 2.010461 0.250000 0.098654
-3.005670 1.001945 1.009441 0.250000 -0.011311
-3.005137 1.001734 2.009708 0.250000 0.059676
-3.004056 2.002766 1.007300 0.250000 -0.105285
-3.003950 2.002639 2.007919 0.250000 -0.024092
-3.002552 3.002594 1.005332 0.250000 -0.168291
-3.002714 3.002663 2.006081 0.250000 -0.094148
-3.001559 4.002070 1.004191 0.250000 -0.168773
-3.001781 4.002239 2.004792 0.250000 -0.118654
-2.000782 -5.001912 1.003345 0.250000 -0.187166
-2.000932 -5.002184 2.003894 0.250000 -0.145106
-2.001428 -4.002855 1.004535 0.250000 -0.188685
-2.001567 -4.003065 2.005273 0.250000 -0.120867
-2.002693 -3.004051 1.007134 0.250000 -0.107471
-2.002632 -3.003931 2.007743 0.250000 -0.027840
-2.004867 -2.004867 1.011548 0.250000 0.096612
-2.004168 -2.004168 2.011304 0.250000 0.143714
-2.007580 -1.003771 1.017008 0.250000 0.402107
-2.005789 -1.002890 2.015012 0.250000 0.345998
-2.008962 0.000045 1.019833 0.250000 0.572608
-2.006535 0.000017 2.016724 0.250000 0.443649
-2.007579 1.003860 1.017082 0.250000 0.401743
-2.005793 1.002917 2.015092 0.250000 0.346320
-2.004869 2.004953 1.011725 0.250000 0.098419
-2.004180 2.004180 2.011491 0.250000 0.147035
-2.002711 3.004137 1.007500 0.250000 -0.094891
-2.002661 3.003928 2.008098 0.250000 -0.014757
-2.001483 4.002989 1.005235 0.250000 -0.147893
-2.001623 4.003090 2.005867 0.250000 -0.087996
-1.000459 -5.002333 1.003754 0.250000 -0.183156
-1.000547 -5.002605 2.004337 0.250000 -0.135856
-1.000904 -4.003684 1.005452 0.250000 -0.164032
-1.000964 -4.003800 2.006181 0.250000 -0.089570
-1.001868 -3.005671 1.009372 0.250000 -0.011267
-1.001712 -3.005131 2.009633 0.250000 0.059014
-1.003771 -2.007580 1.017008 0.250000 0.402106
-1.002890 -2.005789 2.015012 0.250000 0.345997
-1.006452 -1.006452 1.028151 0.250000 1.115310
-1.004248 -1.004248 2.021123 0.250000 0.712268
-1.007832 0.000049 1.034504 0.250000 1.548501
-1.004909 0.000019 2.024100 0.250000 0.899153
-1.006451 1.006549 1.028227 0.250000 1.114729
-1.004250 1.004280 2.021205 0.250000 0.712395
-1.003772 2.007677 1.017192 0.250000 0.403735
-1.002895 2.005805 2.015205 0.250000 0.349107
-1.001876 3.005771 1.009754 0.250000 0.001762
-1.001725 3.005132 2.010001 0.250000 0.072304
-1.000931 4.003838 1.006189 0.250000 -0.120785
-1.000991 4.003831 2.006801 0.250000 -0.055269
0.000032 -5.002501 1.003934 0.250000 -0.180619
0.000011 -5.002772 2.004529 0.250000 -0.131263
0.000035 -4.004035 1.005855 0.250000 -0.152082
0.000012 -4.004102 2.006569 0.250000 -0.075545
0.000039 -3.006417 1.010411 0.250000 0.037200
0.000014 -3.005649 2.010461 0.250000 0.098654
0.000045 -2.008962 1.019833 0.250000 0.572608
0.000017 -2.006535 2.016724 0.250000 0.443649
0.000049 -1.007832 1.034504 0.250000 1.548501
0.000019 -1.004909 2.024100 0.250000 0.899153
0.000050 0.000050 1.042946 0.250000 2.141387
0.000020 0.000020 2.027776 0.250000 1.136968
0.000048 1.007932 1.034581 0.250000 1.547882
0.000019 1.004943 2.024182 0.250000 0.899282
0.000045 2.009062 1.020018 0.250000 0.574300
0.000017 2.006554 2.016919 0.250000 0.446827
0.000041 3.006522 1.010799 0.250000 0.050631
0.000016 3.005652 2.010833 0.250000 0.112241
0.000039 4.004195 1.006604 0.250000 -0.107571
0.000015 4.004135 2.007198 0.250000 -0.040438
1.000521 -5.002335 1.003813 0.250000 -0.181944
1.000566 -5.002616 2.004401 0.250000 -0.134157
1.000971 -4.003685 1.005517 0.250000 -0.163582
1.000983 -4.003809 2.006251 0.250000 -0.088440
1.001945 -3.005670 1.009441 0.250000 -0.011311
1.001734 -3.005137 2.009708 0.250000 0.059676
1.003860 -2.007579 1.017082 0.250000 0.401743
1.002917 -2.005793 2.015092 0.250000 0.346321
1.006549 -1.006451 1.028227 0.250000 1.114729
1.004280 -1.004250 2.021205 0.250000 0.712395
1.007932 0.000048 1.034581 0.250000 1.547882
1.004943 0.000019 2.024182 0.250000 0.899281
1.006548 1.006548 1.028302 0.250000 1.114355
1.004282 1.004282 2.021287 0.250000 0.712745
1.003861 2.007675 1.017264 0.250000 0.403798
1.002925 2.005810 2.015284 0.250000 0.349873
1.001956 3.005770 1.009822 0.250000 0.002426
1.001752 3.005139 2.010075 0.250000 0.073637
1.001007 4.003838 1.006252 0.250000 -0.119262
1.001018 4.003841 2.006869 0.250000 -0.053272
2.000837 -5.001924 1.003479 0.250000 -0.183212
2.000939 -5.002214 2.004036 0.250000 -0.140110
2.001488 -4.002863 1.004686 0.250000 -0.185830
2.001572 -4.003090 2.005434 0.250000 -0.116535
2.002766 -3.004056 1.007300 0.250000 -0.105285
2.002639 -3.003950 2.007919 0.250000 -0.024092
2.004953 -2.004869 1.011725 0.250000 0.098419
2.004180 -2.004180 2.011491 0.250000 0.147036
2.007677 -1.003772 1.017192 0.250000 0.403735
2.005805 -1.002895 2.015205 0.250000 0.349108
2.009062 0.000045 1.020018 0.250000 0.574300
2.006554 0.000017 2.016919 0.250000 0.446827
2.007675 1.003861 1.017264 0.250000 0.403798
2.005810 1.002925 2.015284 0.250000 0.349874
2.004955 2.004955 1.011899 0.250000 0.101086
2.004194 2.004194 2.011675 0.250000 0.151222
2.002786 3.004142 1.007661 0.250000 -0.091346
2.002673 3.003949 2.008269 0.250000 -0.009770
2.001552 4.002997 1.005381 0.250000 -0.143081
2.001638 4.003117 2.006020 0.250000 -0.082174
3.000929 -5.001453 1.003129 0.250000 -0.175375
3.001070 -5.001732 2.003618 0.250000 -0.139826
3.001536 -4.001995 1.003851 0.250000 -0.194541
3.001692 -4.002276 2.004540 0.250000 -0.136903
3.002594 -3.002552 1.005332 0.250000 -0.168291
3.002663 -3.002714 2.006081 0.250000 -0.094148
3.004137 -2.002711 1.007500 0.250000 -0.094891
3.003928 -2.002661 2.008098 0.250000 -0.014758
3.005771 -1.001876 1.009754 0.250000 0.001762
3.005132 -1.001725 2.010001 0.250000 0.072304
3.006522 0.000041 1.010799 0.250000 0.050630
3.005652 0.000016 2.010833 0.250000 0.112241
3.005770 1.001956 1.009822 0.250000 0.002426
3.005139 1.001752 2.010075 0.250000 0.073637
3.004142 2.002786 1.007661 0.250000 -0.091345
3.003949 2.002673 2.008269 0.250000 -0.009770
3.002623 3.002623 1.005661 0.250000 -0.154271
3.002712 3.002712 2.006400 0.250000 -0.079692
3.001621 4.002107 1.004473 0.250000 -0.154976
3.001786 4.002300 2.005068 0.250000 -0.104616
4.000885 -5.001076 1.002954 0.250000 -0.148514
4.001030 -5.001315 2.003314 0.250000 -0.125153
4.001346 -4.001351 1.003384 0.250000 -0.170753
4.001524 -4.001609 2.003895 0.250000 -0.132715
4.002070 -3.001559 1.004191 0.250000 -0.168774
4.002239 -3.001781 2.004792 0.250000 -0.118655
4.002989 -2.001483 1.005235 0.250000 -0.147894
4.003090 -2.001623 2.005867 0.250000 -0.087996
4.003838 -1.000931 1.006189 0.250000 -0.120786
4.003831 -1.000991 2.006801 0.250000 -0.055269
4.004195 0.000039 1.006604 0.250000 -0.107572
4.004135 0.000015 2.007198 0.250000 -0.040438
4.003838 1.001007 1.006252 0.250000 -0.119262
4.003841 1.001018 2.006869 0.250000 -0.053272
4.002997 2.001552 1.005381 0.250000 -0.143081
4.003117 2.001638 2.006020 0.250000 -0.082174
4.002107 3.001621 1.004473 0.250000 -0.154976
4.002300 3.001786 2.005068 0.250000 -0.104616
4.001442 4.001442 1.003887 0.250000 -0.137546
4.001636 4.001636 2.004333 0.250000 -0.104527
0.000000 0.000000 -1.000000 0.250000 0.000000
