-4.999620 -4.999620 0.000588 0.250000 0.000741
-4.999425 -3.999540 0.000453 0.250000 0.003087
-4.999286 -2.999584 0.000553 0.250000 0.009432
-4.999320 -1.999752 0.000626 0.250000 0.017050
-4.999518 -0.999934 0.000605 0.250000 0.022844
-4.999652 -0.000049 0.000582 0.250000 0.025045
-4.999558 0.999831 0.000613 0.250000 0.023423
-4.999368 1.999640 0.000617 0.250000 0.018043
-4.999284 2.999475 0.000579 0.250000 0.010897
-4.999391 3.999466 0.000770 0.250000 0.006667
-3.999540 -4.999425 0.000453 0.250000 0.003086
-3.999433 -3.999433 0.000288 0.250000 0.009998
-3.999717 -2.999814 0.000242 0.250000 0.021856
-4.000772 -2.000432 -0.000189 0.250000 0.028625
-4.002363 -1.000636 -0.000906 0.250000 0.025060
-4.003206 -0.000058 -0.001264 0.250000 0.021045
-4.002407 1.000507 -0.000897 0.250000 0.025823
-4.000818 2.000281 -0.000216 0.250000 0.029972
-3.999696 2.999672 0.000221 0.250000 0.023740
-3.999388 3.999376 0.000623 0.250000 0.014595
-2.999584 -4.999286 0.000553 0.250000 0.009432
-2.999814 -3.999717 0.000242 0.250000 0.021856
-3.001363 -3.001363 -0.000602 0.250000 0.027422
-3.005624 -2.003794 -0.002599 0.250000 -0.005514
-3.012016 -1.004090 -0.004191 0.250000 -0.066024
-3.015464 -0.000068 -0.004372 0.250000 -0.094415
-3.012055 1.003938 -0.004176 0.250000 -0.065075
-3.005656 2.003615 -0.002625 0.250000 -0.003711
-3.001318 3.001231 -0.000642 0.250000 0.030037
-2.999760 3.999767 0.000567 0.250000 0.027497
-1.999752 -4.999320 0.000626 0.250000 0.017050
-2.000432 -4.000772 -0.000189 0.250000 0.028625
-2.003794 -3.005624 -0.002599 0.250000 -0.005514
-2.013544 -2.013544 -0.003958 0.250000 -0.126278
-2.029617 -1.014910 0.006782 0.250000 -0.201195
-2.038362 -0.000082 0.018654 0.250000 -0.178962
-2.029646 1.014725 0.006804 0.250000 -0.200037
-2.013559 2.013341 -0.003984 0.250000 -0.124084
-2.003738 3.005535 -0.002646 0.250000 -0.002235
-2.000382 4.001001 0.000140 0.250000 0.035185
-0.999934 -4.999518 0.000605 0.250000 0.022844
-1.000636 -4.002363 -0.000906 0.250000 0.025060
-1.004090 -3.012016 -0.004191 0.250000 -0.066025
-1.014910 -2.029617 0.006782 0.250000 -0.201195
-1.029293 -1.029293 0.073948 0.250000 0.102188
-1.038080 -0.000096 0.116579 0.250000 0.341963
-1.029308 1.029082 0.073977 0.250000 0.103778
-1.014914 2.029399 0.006754 0.250000 -0.198588
-1.004054 3.011979 -0.004245 0.250000 -0.062309
-1.000609 4.002769 -0.000570 0.250000 0.032118
-0.000049 -4.999652 0.000582 0.250000 0.025045
-0.000058 -4.003206 -0.001264 0.250000 0.021045
-0.000068 -3.015464 -0.004372 0.250000 -0.094414
-0.000082 -2.038362 0.018654 0.250000 -0.178960
-0.000096 -1.038080 0.116579 0.250000 0.341963
-0.000101 -0.000101 0.182570 0.250000 0.748341
-0.000094 1.037860 0.116612 0.250000 0.343829
-0.000084 2.038140 0.018621 0.250000 -0.176064
-0.000076 3.015453 -0.004430 0.250000 -0.090511
-0.000064 4.003688 -0.000927 0.250000 0.028257
0.999831 -4.999558 0.000613 0.250000 0.023423
1.000507 -4.002407 -0.000897 0.250000 0.025823
1.003938 -3.012055 -0.004176 0.250000 -0.065075
1.014725 -2.029646 0.006804 0.250000 -0.200037
1.029082 -1.029308 0.073977 0.250000 0.103777
1.037860 -0.000094 0.116612 0.250000 0.343830
1.029100 1.029100 0.074006 0.250000 0.105432
1.014727 2.029432 0.006772 0.250000 -0.197330
1.003888 3.012022 -0.004235 0.250000 -0.061287
1.000475 4.002813 -0.000562 0.250000 0.032920
1.999640 -4.999368 0.000617 0.250000 0.018043
2.000281 -4.000818 -0.000216 0.250000 0.029973
2.003615 -3.005656 -0.002625 0.250000 -0.003711
2.013341 -2.013559 -0.003984 0.250000 -0.124083
2.029399 -1.014914 0.006754 0.250000 -0.198588
2.038140 -0.000084 0.018621 0.250000 -0.176064
2.029432 1.014727 0.006772 0.250000 -0.197330
2.013358 2.013358 -0.004018 0.250000 -0.121770
2.003554 3.005569 -0.002681 0.250000 -0.000373
2.000242 4.001042 0.000126 0.250000 0.036629
2.999475 -4.999284 0.000579 0.250000 0.010897
2.999672 -3.999696 0.000221 0.250000 0.023741
3.001231 -3.001318 -0.000642 0.250000 0.030036
3.005535 -2.003738 -0.002646 0.250000 -0.002236
3.011979 -1.004054 -0.004245 0.250000 -0.062309
3.015453 -0.000076 -0.004430 0.250000 -0.090511
3.012022 1.003888 -0.004235 0.250000 -0.061287
3.005569 2.003554 -0.002681 0.250000 -0.000373
3.001187 3.001187 -0.000675 0.250000 0.032744
2.999642 3.999745 0.000591 0.250000 0.029715
3.999466 -4.999391 0.000770 0.250000 0.006666
3.999376 -3.999388 0.000623 0.250000 0.014595
3.999767 -2.999760 0.000567 0.250000 0.027497
4.001001 -2.000382 0.000140 0.250000 0.035185
4.002769 -1.000609 -0.000570 0.250000 0.032118
4.003688 -0.000064 -0.000927 0.250000 0.028257
4.002813 1.000475 -0.000562 0.250000 0.032921
4.001042 2.000242 0.000126 0.250000 0.036629
3.999745 2.999642 0.000591 0.250000 0.029716
3.999355 3.999355 0.000983 0.250000 0.019500
-4.999305 -4.999305 1.000449 0.250000 -0.003652
-4.999837 -4.999837 2.000678 0.250000 -0.005762
-4.999078 -3.999341 1.000367 0.250000 -0.005857
-5.000033 -4.000116 2.000796 0.250000 -0.008404
-4.998910 -2.999461 1.000661 0.250000 -0.003914
-5.000421 -3.000370 2.001276 0.250000 -0.007595
-4.998851 -1.999644 1.001099 0.250000 0.001389
-5.000932 -2.000470 2.001945 0.250000 -0.003487
-4.998902 -0.999855 1.001487 0.250000 0.007253
-5.001396 -1.000342 2.002543 0.250000 0.001539
-4.998955 -0.000045 1.001653 0.250000 0.010163
-5.001589 -0.000025 2.002794 0.250000 0.004326
-4.998925 0.999764 1.001510 0.250000 0.008648
-5.001395 1.000293 2.002566 0.250000 0.003447
-4.998870 1.999543 1.001114 0.250000 0.004094
-5.000916 2.000415 2.001977 0.250000 0.000229
-4.998890 2.999316 1.000688 0.250000 -0.000080
-5.000384 3.000273 2.001339 0.250000 -0.002373
-4.999067 3.999183 1.000646 0.250000 -0.000150
-5.000020 3.999975 2.001022 0.250000 -0.001994
-3.999341 -4.999078 1.000367 0.250000 -0.005857
-4.000116 -5.000033 2.000796 0.250000 -0.008404
-3.999180 -3.999180 1.000568 0.250000 -0.005018
-4.000566 -4.000566 2.001363 0.250000 -0.008561
-3.999231 -2.999494 1.001414 0.250000 0.004862
-4.001364 -3.001076 2.002629 0.250000 -0.001127
-3.999685 -1.999935 1.002491 0.250000 0.019209
-4.002451 -2.001281 2.004293 0.250000 0.011847
-4.000467 -1.000198 1.003396 0.250000 0.030072
-4.003502 -1.000918 2.005781 0.250000 0.024036
-4.000906 -0.000052 1.003766 0.250000 0.034151
-4.003957 -0.000024 2.006400 0.250000 0.029659
-4.000492 1.000094 1.003419 0.250000 0.032084
-4.003496 1.000875 2.005798 0.250000 0.026724
-3.999699 1.999816 1.002482 0.250000 0.023148
-4.002421 2.001238 2.004295 0.250000 0.017088
-3.999184 2.999324 1.001366 0.250000 0.010359
-4.001298 3.000985 2.002629 0.250000 0.006195
-3.999140 3.999019 1.000810 0.250000 0.002870
-4.000509 4.000415 2.001537 0.250000 0.000283
-2.999461 -4.998910 1.000661 0.250000 -0.003914
-3.000370 -5.000421 2.001276 0.250000 -0.007595
-2.999494 -3.999231 1.001414 0.250000 0.004862
-3.001076 -4.001364 2.002629 0.250000 -0.001127
-3.000218 -3.000218 1.003101 0.250000 0.024845
-3.002393 -3.002393 2.005225 0.250000 0.017343
-3.002500 -2.001749 1.005174 0.250000 0.037303
-3.004422 -2.002972 2.008689 0.250000 0.039977
-3.006223 -1.002203 1.007302 0.250000 0.032822
-3.006682 -1.002257 2.012008 0.250000 0.056279
-3.008308 -0.000056 1.008424 0.250000 0.028722
-3.007754 -0.000019 2.013468 0.250000 0.062824
-3.006244 1.002091 1.007328 0.250000 0.035489
-3.006672 1.002230 2.012017 0.250000 0.059772
-3.002502 2.001630 1.005146 0.250000 0.042574
-3.004380 2.002959 2.008657 0.250000 0.046775
-3.000147 3.000074 1.002978 0.250000 0.032153
-3.002304 3.002344 2.005142 0.250000 0.026732
-2.999433 3.999152 1.001565 0.250000 0.014763
-3.000990 4.001253 2.002702 0.250000 0.009920
-1.999644 -4.998851 1.001099 0.250000 0.001390
-2.000470 -5.000932 2.001945 0.250000 -0.003487
-1.999935 -3.999685 1.002491 0.250000 0.019210
-2.001281 -4.002451 2.004293 0.250000 0.011847
-2.001749 -3.002500 1.005174 0.250000 0.037303
-2.002972 -3.004422 2.008689 0.250000 0.039977
-2.007650 -2.007650 1.009761 0.250000 0.016434
-2.006086 -2.006086 2.015122 0.250000 0.063909
-2.017986 -1.009175 1.018730 0.250000 -0.011259
-2.010207 -1.005124 2.022420 0.250000 0.076710
-2.024047 -0.000062 1.024971 0.250000 -0.011149
-2.012361 -0.000013 2.026075 0.250000 0.083110
-2.018000 1.009053 1.018757 0.250000 -0.008008
-2.010194 1.005116 2.022419 0.250000 0.080889
-2.007641 2.007538 1.009707 0.250000 0.022800
-2.006042 2.006111 2.015048 0.250000 0.071975
-2.001672 3.002412 1.004968 0.250000 0.045974
-2.002882 3.004433 2.008510 0.250000 0.050922
-1.999875 3.999753 1.002538 0.250000 0.030505
-2.001192 4.002410 2.004242 0.250000 0.024386
-0.999855 -4.998902 1.001487 0.250000 0.007252
-1.000342 -5.001396 2.002543 0.250000 0.001539
-1.000198 -4.000467 1.003396 0.250000 0.030072
-1.000918 -4.003502 2.005781 0.250000 0.024036
-1.002203 -3.006223 1.007302 0.250000 0.032821
-1.002257 -3.006682 2.012008 0.250000 0.056279
-1.009175 -2.017986 1.018730 0.250000 -0.011259
-1.005124 -2.010207 2.022420 0.250000 0.076710
-1.021965 -1.021965 1.048692 0.250000 0.042881
-1.009417 -1.009417 2.036600 0.250000 0.096213
-1.029179 -0.000067 1.070759 0.250000 0.138830
-1.011818 -0.000007 2.044517 0.250000 0.114488
-1.021970 1.021838 1.048717 0.250000 0.046631
-1.009407 1.009427 2.036588 0.250000 0.100862
-1.009165 2.017886 1.018651 0.250000 -0.004139
-1.005094 2.010267 2.022311 0.250000 0.085582
-1.002154 3.006195 1.007021 0.250000 0.042220
-1.002199 3.006749 2.011747 0.250000 0.068080
-1.000162 4.000679 1.003354 0.250000 0.041943
-1.000859 4.003530 2.005623 0.250000 0.037237
-0.000045 -4.998955 1.001653 0.250000 0.010163
-0.000025 -5.001589 2.002794 0.250000 0.004326
-0.000052 -4.000906 1.003766 0.250000 0.034151
-0.000024 -4.003957 2.006400 0.250000 0.029659
-0.000056 -3.008308 1.008424 0.250000 0.028722
-0.000019 -3.007754 2.013468 0.250000 0.062824
-0.000062 -2.024047 1.024971 0.250000 -0.011149
-0.000013 -2.012361 2.026075 0.250000 0.083111
-0.000067 -1.029179 1.070759 0.250000 0.138830
-0.000007 -1.011818 2.044517 0.250000 0.114488
-0.000067 -0.000067 1.103257 0.250000 0.307538
-0.000004 -0.000004 2.055227 0.250000 0.146222
-0.000065 1.029053 1.070781 0.250000 0.142815
-0.000005 1.011837 2.044501 0.250000 0.119301
-0.000062 2.023954 1.024879 0.250000 -0.003732
-0.000011 2.012436 2.025949 0.250000 0.092235
-0.000060 3.008307 1.008111 0.250000 0.038323
-0.000018 3.007844 2.013173 0.250000 0.074840
-0.000053 4.001179 1.003686 0.250000 0.046107
-0.000021 4.004013 2.006196 0.250000 0.042953
0.999764 -4.998925 1.001510 0.250000 0.008648
1.000293 -5.001395 2.002566 0.250000 0.003447
1.000094 -4.000492 1.003419 0.250000 0.032084
1.000875 -4.003496 2.005798 0.250000 0.026724
1.002091 -3.006244 1.007328 0.250000 0.035490
1.002230 -3.006672 2.012017 0.250000 0.059772
1.009053 -2.018000 1.018757 0.250000 -0.008008
1.005116 -2.010194 2.022419 0.250000 0.080889
1.021838 -1.021970 1.048717 0.250000 0.046630
1.009427 -1.009407 2.036588 0.250000 0.100862
1.029053 -0.000065 1.070781 0.250000 0.142815
1.011837 -0.000005 2.044501 0.250000 0.119301
1.021846 1.021846 1.048739 0.250000 0.050396
1.009420 1.009420 2.036574 0.250000 0.105474
1.009044 2.017903 1.018672 0.250000 -0.000893
1.005090 2.010256 2.022305 0.250000 0.089665
1.002034 3.006218 1.007040 0.250000 0.044810
1.002174 3.006739 2.011752 0.250000 0.071399
1.000057 4.000701 1.003375 0.250000 0.043830
1.000823 4.003523 2.005637 0.250000 0.039702
1.999543 -4.998870 1.001114 0.250000 0.004094
2.000415 -5.000916 2.001977 0.250000 0.000229
1.999816 -3.999699 1.002482 0.250000 0.023148
2.001238 -4.002421 2.004295 0.250000 0.017088
2.001630 -3.002502 1.005146 0.250000 0.042573
2.002959 -3.004380 2.008657 0.250000 0.046775
2.007538 -2.007641 1.009707 0.250000 0.022801
2.006111 -2.006042 2.015048 0.250000 0.071975
2.017886 -1.009165 1.018651 0.250000 -0.004139
2.010267 -1.005094 2.022311 0.250000 0.085582
2.023954 -0.000062 1.024879 0.250000 -0.003732
2.012436 -0.000011 2.025949 0.250000 0.092235
2.017903 1.009044 1.018672 0.250000 -0.000893
2.010256 1.005090 2.022305 0.250000 0.089665
2.007530 2.007530 1.009643 0.250000 0.029077
2.006070 2.006070 2.014967 0.250000 0.079807
2.001549 3.002412 1.004929 0.250000 0.050991
2.002871 3.004391 2.008472 0.250000 0.057313
1.999765 3.999759 1.002537 0.250000 0.034147
2.001157 4.002378 2.004248 0.250000 0.029133
2.999316 -4.998890 1.000688 0.250000 -0.000079
3.000273 -5.000384 2.001339 0.250000 -0.002372
2.999324 -3.999184 1.001366 0.250000 0.010359
3.000985 -4.001298 2.002629 0.250000 0.006195
3.000074 -3.000147 1.002978 0.250000 0.032153
3.002344 -3.002304 2.005142 0.250000 0.026732
3.002412 -2.001672 1.004968 0.250000 0.045974
3.004433 -2.002882 2.008510 0.250000 0.050922
3.006195 -1.002154 1.007021 0.250000 0.042220
3.006749 -1.002199 2.011747 0.250000 0.068080
3.008307 -0.000060 1.008111 0.250000 0.038322
3.007844 -0.000018 2.013173 0.250000 0.074839
3.006218 1.002034 1.007040 0.250000 0.044810
3.006739 1.002174 2.011752 0.250000 0.071398
3.002412 2.001549 1.004929 0.250000 0.050992
3.004391 2.002871 2.008472 0.250000 0.057313
3.000001 3.000001 1.002857 0.250000 0.039016
3.002256 3.002256 2.005061 0.250000 0.035462
2.999287 3.999106 1.001554 0.250000 0.019853
3.000914 4.001190 2.002720 0.250000 0.016457
3.999183 -4.999067 1.000646 0.250000 -0.000150
3.999975 -5.000020 2.001022 0.250000 -0.001994
3.999019 -3.999140 1.000810 0.250000 0.002870
4.000415 -4.000509 2.001537 0.250000 0.000283
3.999152 -2.999433 1.001565 0.250000 0.014763
4.001253 -3.000990 2.002702 0.250000 0.009921
3.999753 -1.999875 1.002538 0.250000 0.030505
4.002410 -2.001192 2.004242 0.250000 0.024386
4.000679 -1.000162 1.003354 0.250000 0.041942
4.003530 -1.000859 2.005623 0.250000 0.037237
4.001179 -0.000053 1.003686 0.250000 0.046107
4.004013 -0.000021 2.006196 0.250000 0.042953
4.000701 1.000057 1.003375 0.250000 0.043831
4.003523 1.000823 2.005637 0.250000 0.039702
3.999759 1.999765 1.002537 0.250000 0.034146
4.002378 2.001157 2.004248 0.250000 0.029133
3.999106 2.999287 1.001554 0.250000 0.019852
4.001190 3.000914 2.002720 0.250000 0.016458
3.999011 3.999011 1.001083 0.250000 0.010136
4.000385 4.000385 2.001730 0.250000 0.008078
0.000000 0.000000 -1.000000 0.250000 0.000000
