-5.000570 -5.000570 0.001023 0.250000 -0.111793
-5.000859 -4.000635 0.000856 0.250000 -0.133117
-5.001311 -3.000680 0.000961 0.250000 -0.152084
-5.001849 -2.000614 0.001213 0.250000 -0.169875
-5.002312 -1.000356 0.001464 0.250000 -0.183830
-5.002493 0.000067 0.001583 0.250000 -0.190206
-5.002293 1.000494 0.001509 0.250000 -0.187495
-5.001817 2.000768 0.001325 0.250000 -0.176891
-5.001292 3.000865 0.001228 0.250000 -0.159613
-5.000909 4.000868 0.001422 0.250000 -0.134215
-4.000635 -5.000859 0.000856 0.250000 -0.133117
-4.001058 -4.001058 0.000703 0.250000 -0.164060
-4.001805 -3.001276 0.001026 0.250000 -0.193680
-4.002831 -2.001303 0.001689 0.250000 -0.221592
-4.003836 -1.000858 0.002411 0.250000 -0.241544
-4.004270 0.000067 0.002750 0.250000 -0.249790
-4.003815 1.001003 0.002453 0.250000 -0.246671
-4.002795 2.001478 0.001803 0.250000 -0.231639
-4.001786 3.001509 0.001334 0.250000 -0.205034
-4.001122 4.001370 0.001418 0.250000 -0.166740
-3.000680 -5.001311 0.000961 0.250000 -0.152084
-3.001276 -4.001805 0.001026 0.250000 -0.193680
-3.002478 -3.002478 0.001974 0.250000 -0.233466
-3.004449 -2.002905 0.003931 0.250000 -0.258313
-3.006754 -1.002176 0.006483 0.250000 -0.249925
-3.007874 0.000076 0.007826 0.250000 -0.236109
-3.006735 1.002342 0.006526 0.250000 -0.256022
-3.004416 2.003119 0.004054 0.250000 -0.270325
-3.002459 3.002776 0.002320 0.250000 -0.247208
-3.001341 4.002210 0.001850 0.250000 -0.197255
-2.000614 -5.001849 0.001213 0.250000 -0.169875
-2.001303 -4.002831 0.001689 0.250000 -0.221592
-2.002905 -3.004449 0.003931 0.250000 -0.258313
-2.006129 -2.006129 0.009493 0.250000 -0.202247
-2.010688 -1.005298 0.019141 0.250000 0.051674
-2.013037 0.000087 0.025335 0.250000 0.256141
-2.010673 1.005491 0.019186 0.250000 0.044889
-2.006102 2.006384 0.009625 0.250000 -0.215482
-2.002889 3.004815 0.004312 0.250000 -0.273171
-2.001352 4.003328 0.002602 0.250000 -0.224657
-1.000356 -5.002312 0.001464 0.250000 -0.183830
-1.000858 -4.003836 0.002411 0.250000 -0.241544
-1.002176 -3.006754 0.006483 0.250000 -0.249925
-1.005298 -2.010688 0.019141 0.250000 0.051674
-1.009140 -1.009140 0.047214 0.250000 1.094079
-1.011458 0.000095 0.063032 0.250000 1.719414
-1.009131 1.009352 0.047258 0.250000 1.086692
-1.005282 2.010973 0.019279 0.250000 0.037631
-1.002165 3.007170 0.006890 0.250000 -0.265125
-1.000880 4.004403 0.003390 0.250000 -0.243419
0.000067 -5.002493 0.001583 0.250000 -0.190206
0.000067 -4.004270 0.002750 0.250000 -0.249790
0.000076 -3.007874 0.007826 0.250000 -0.236109
0.000087 -2.013037 0.025335 0.250000 0.256142
0.000095 -1.011458 0.063032 0.250000 1.719413
0.000098 0.000098 0.086128 0.250000 2.662286
0.000095 1.011677 0.063075 0.250000 1.711813
0.000087 2.013333 0.025475 0.250000 0.241846
0.000080 3.008308 0.008243 0.250000 -0.251151
0.000080 4.004863 0.003756 0.250000 -0.250702
1.000494 -5.002293 0.001509 0.250000 -0.187495
1.001003 -4.003815 0.002453 0.250000 -0.246671
1.002342 -3.006735 0.006526 0.250000 -0.256022
1.005491 -2.010673 0.019186 0.250000 0.044890
1.009352 -1.009131 0.047258 0.250000 1.086694
1.011677 0.000095 0.063075 0.250000 1.711813
1.009343 1.009343 0.047303 0.250000 1.079505
1.005474 2.010956 0.019326 0.250000 0.031281
1.002337 3.007148 0.006938 0.250000 -0.270413
1.001047 4.004381 0.003441 0.250000 -0.247141
2.000768 -5.001817 0.001325 0.250000 -0.176890
2.001478 -4.002795 0.001803 0.250000 -0.231639
2.003119 -3.004416 0.004054 0.250000 -0.270325
2.006384 -2.006102 0.009625 0.250000 -0.215482
2.010973 -1.005282 0.019279 0.250000 0.037631
2.013333 0.000087 0.025475 0.250000 0.241847
2.010956 1.005474 0.019326 0.250000 0.031282
2.006354 2.006354 0.009762 0.250000 -0.227757
2.003105 3.004777 0.004443 0.250000 -0.283386
2.001544 4.003289 0.002733 0.250000 -0.231651
3.000865 -5.001292 0.001228 0.250000 -0.159614
3.001509 -4.001786 0.001334 0.250000 -0.205034
3.002776 -3.002459 0.002320 0.250000 -0.247209
3.004815 -2.002889 0.004312 0.250000 -0.273171
3.007170 -1.002165 0.006890 0.250000 -0.265125
3.008308 0.000080 0.008243 0.250000 -0.251153
3.007148 1.002337 0.006938 0.250000 -0.270413
3.004777 2.003105 0.004443 0.250000 -0.283386
3.002754 3.002754 0.002675 0.250000 -0.257763
3.001576 4.002183 0.002162 0.250000 -0.203896
4.000868 -5.000909 0.001422 0.250000 -0.134215
4.001370 -4.001122 0.001418 0.250000 -0.166740
4.002210 -3.001341 0.001850 0.250000 -0.197255
4.003328 -2.001352 0.002602 0.250000 -0.224658
4.004403 -1.000880 0.003390 0.250000 -0.243419
4.004863 0.000080 0.003756 0.250000 -0.250701
4.004381 1.001047 0.003441 0.250000 -0.247141
4.003289 2.001544 0.002733 0.250000 -0.231651
4.002183 3.001577 0.002162 0.250000 -0.203897
4.001422 4.001422 0.002080 0.250000 -0.164547
-5.000570 -5.000570 1.001258 0.250000 -0.111180
-5.000761 -5.000761 2.001630 0.250000 -0.105187
-5.000886 -4.000740 1.001240 0.250000 -0.127333
-5.001148 -4.000981 2.001795 0.250000 -0.115698
-5.001401 -3.000866 1.001514 0.250000 -0.138472
-5.001712 -3.001106 2.002205 0.250000 -0.120829
-5.002022 -2.000806 1.001937 0.250000 -0.147011
-5.002356 -2.000997 2.002741 0.250000 -0.122497
-5.002556 -1.000483 1.002323 0.250000 -0.153020
-5.002889 -1.000588 2.003207 0.250000 -0.122766
-5.002767 0.000049 1.002492 0.250000 -0.156370
-5.003098 0.000038 2.003405 0.250000 -0.123886
-5.002544 1.000578 1.002363 0.250000 -0.157215
-5.002887 1.000656 2.003254 0.250000 -0.126863
-5.002009 2.000892 1.002040 0.250000 -0.155019
-5.002365 2.001045 2.002859 0.250000 -0.129928
-5.001422 3.000939 1.001758 0.250000 -0.147650
-5.001761 3.001129 2.002453 0.250000 -0.129023
-5.001001 4.000848 1.001763 0.250000 -0.130395
-5.001274 4.001018 2.002250 0.250000 -0.119595
-4.000740 -5.000886 1.001240 0.250000 -0.127333
-4.000981 -5.001148 2.001795 0.250000 -0.115698
-4.001249 -4.001249 1.001366 0.250000 -0.145831
-4.001575 -4.001575 2.002203 0.250000 -0.123813
-4.002126 -3.001593 1.002025 0.250000 -0.156445
-4.002474 -3.001888 2.003070 0.250000 -0.122275
-4.003298 -2.001626 1.003034 0.250000 -0.161329
-4.003573 -2.001807 2.004226 0.250000 -0.113402
-4.004417 -1.001064 1.004021 0.250000 -0.161428
-4.004549 -1.001128 2.005277 0.250000 -0.102679
-4.004893 0.000051 1.004454 0.250000 -0.162032
-4.004949 0.000043 2.005722 0.250000 -0.099334
-4.004403 1.001165 1.004054 0.250000 -0.167390
-4.004545 1.001205 2.005320 0.250000 -0.108490
-4.003281 2.001721 1.003131 0.250000 -0.173027
-4.003576 2.001860 2.004343 0.250000 -0.124212
-4.002141 3.001681 1.002290 0.250000 -0.170696
-4.002512 3.001909 2.003341 0.250000 -0.134881
-4.001363 4.001389 1.002003 0.250000 -0.152251
-4.001686 4.001611 2.002738 0.250000 -0.131213
-3.000866 -5.001401 1.001514 0.250000 -0.138473
-3.001106 -5.001712 2.002205 0.250000 -0.120829
-3.001593 -4.002126 1.002025 0.250000 -0.156444
-3.001888 -4.002474 2.003070 0.250000 -0.122275
-3.002968 -3.002968 1.003524 0.250000 -0.159103
-3.003156 -3.003156 2.004783 0.250000 -0.104786
-3.005088 -2.003370 1.005973 0.250000 -0.140879
-3.004865 -2.003241 2.007197 0.250000 -0.067708
-3.007422 -1.002435 1.008689 0.250000 -0.103464
-3.006533 -1.002153 2.009569 0.250000 -0.023507
-3.008514 0.000059 1.009978 0.250000 -0.082938
-3.007259 0.000051 2.010612 0.250000 -0.004333
-3.007409 1.002553 1.008719 0.250000 -0.110797
-3.006528 1.002247 2.009608 0.250000 -0.030796
-3.005071 2.003490 1.006067 0.250000 -0.155447
-3.004864 2.003309 2.007312 0.250000 -0.081460
-3.002977 3.003090 1.003805 0.250000 -0.177377
-3.003184 3.003190 2.005068 0.250000 -0.121333
-3.001692 4.002316 1.002737 0.250000 -0.165903
-3.001977 4.002523 2.003660 0.250000 -0.133054
-2.000806 -5.002022 1.001937 0.250000 -0.147011
-2.000997 -5.002356 2.002741 0.250000 -0.122498
-2.001626 -4.003298 1.003034 0.250000 -0.161329
-2.001807 -4.003573 2.004226 0.250000 -0.113402
-2.003370 -3.005088 1.005973 0.250000 -0.140879
-2.003241 -3.004865 2.007197 0.250000 -0.067708
-2.006548 -2.006548 1.011483 0.250000 -0.046009
-2.005397 -2.005397 2.011755 0.250000 0.027851
-2.010668 -1.005306 1.018813 0.250000 0.140384
-2.007742 -1.003845 2.016703 0.250000 0.152490
-2.012800 0.000069 1.022731 0.250000 0.254936
-2.008836 0.000060 2.019020 0.250000 0.213955
-2.010657 1.005447 1.018840 0.250000 0.132028
-2.007737 1.003956 2.016739 0.250000 0.144067
-2.006534 2.006697 1.011577 0.250000 -0.062667
-2.005395 2.005484 2.011868 0.250000 0.011848
-2.003375 3.005251 1.006267 0.250000 -0.161968
-2.003258 3.004917 2.007491 0.250000 -0.087258
-2.001699 4.003545 1.003803 0.250000 -0.172498
-2.001870 4.003642 2.004854 0.250000 -0.126664
-1.000483 -5.002556 1.002323 0.250000 -0.153020
-1.000588 -5.002889 2.003207 0.250000 -0.122767
-1.001064 -4.004417 1.004021 0.250000 -0.161429
-1.001128 -4.004549 2.005277 0.250000 -0.102679
-1.002435 -3.007422 1.008689 0.250000 -0.103463
-1.002153 -3.006533 2.009569 0.250000 -0.023507
-1.005306 -2.010668 1.018813 0.250000 0.140384
-1.003845 -2.007742 2.016703 0.250000 0.152490
-1.009492 -1.009492 1.034755 0.250000 0.663720
-1.005861 -1.005861 2.025188 0.250000 0.403408
-1.011677 0.000076 1.044144 0.250000 1.006758
-1.006858 0.000066 2.029403 0.250000 0.536803
-1.009486 1.009649 1.034780 0.250000 0.654659
-1.005858 1.005986 2.025223 0.250000 0.394276
-1.005298 2.010838 1.018906 0.250000 0.122423
-1.003843 2.007843 2.016815 0.250000 0.135118
-1.002435 3.007616 1.008993 0.250000 -0.126145
-1.002161 3.006600 2.009869 0.250000 -0.044827
-1.001100 4.004708 1.004832 0.250000 -0.173128
-1.001159 4.004634 2.005931 0.250000 -0.117232
0.000049 -5.002767 1.002492 0.250000 -0.156370
0.000038 -5.003098 2.003405 0.250000 -0.123886
0.000051 -4.004893 1.004454 0.250000 -0.162032
0.000043 -4.004949 2.005722 0.250000 -0.099334
0.000059 -3.008514 1.009978 0.250000 -0.082938
0.000051 -3.007259 2.010612 0.250000 -0.004332
0.000069 -2.012800 1.022731 0.250000 0.254936
0.000060 -2.008836 2.019020 0.250000 0.213955
0.000076 -1.011677 1.044144 0.250000 1.006759
0.000066 -1.006858 2.029403 0.250000 0.536803
0.000079 0.000079 1.056824 0.250000 1.493123
0.000068 0.000068 2.034687 0.250000 0.713115
0.000075 1.011840 1.044169 0.250000 0.997488
0.000065 1.006986 2.029437 0.250000 0.527514
0.000068 2.012978 1.022825 0.250000 0.236662
0.000059 2.008941 2.019132 0.250000 0.196306
0.000061 3.008719 1.010288 0.250000 -0.105871
0.000051 3.007331 2.010916 0.250000 -0.025938
0.000059 4.005201 1.005284 0.250000 -0.173386
0.000046 4.005040 2.006388 0.250000 -0.113862
1.000578 -5.002544 1.002363 0.250000 -0.157215
1.000656 -5.002887 2.003254 0.250000 -0.126864
1.001165 -4.004403 1.004054 0.250000 -0.167390
1.001205 -4.004545 2.005320 0.250000 -0.108490
1.002553 -3.007409 1.008719 0.250000 -0.110797
1.002247 -3.006528 2.009608 0.250000 -0.030797
1.005447 -2.010657 1.018840 0.250000 0.132028
1.003956 -2.007737 2.016739 0.250000 0.144066
1.009649 -1.009486 1.034780 0.250000 0.654659
1.005986 -1.005858 2.025223 0.250000 0.394276
1.011840 0.000075 1.044169 0.250000 0.997488
1.006986 0.000065 2.029437 0.250000 0.527513
1.009642 1.009642 1.034807 0.250000 0.645860
1.005981 1.005981 2.025259 0.250000 0.385457
1.005437 2.010825 1.018937 0.250000 0.114628
1.003953 2.007836 2.016855 0.250000 0.127354
1.002558 3.007600 1.009030 0.250000 -0.132500
1.002256 3.006593 2.009914 0.250000 -0.051055
1.001218 4.004693 1.004877 0.250000 -0.177556
1.001245 4.004630 2.005982 0.250000 -0.121589
2.000892 -5.002009 1.002040 0.250000 -0.155019
2.001045 -5.002365 2.002859 0.250000 -0.129928
2.001721 -4.003281 1.003131 0.250000 -0.173027
2.001860 -4.003576 2.004343 0.250000 -0.124212
2.003490 -3.005071 1.006067 0.250000 -0.155447
2.003309 -3.004864 2.007312 0.250000 -0.081460
2.006697 -2.006534 1.011577 0.250000 -0.062667
2.005484 -2.005395 2.011868 0.250000 0.011849
2.010838 -1.005298 1.018906 0.250000 0.122424
2.007843 -1.003843 2.016815 0.250000 0.135118
2.012978 0.000068 1.022825 0.250000 0.236662
2.008941 0.000059 2.019132 0.250000 0.196306
2.010825 1.005437 1.018937 0.250000 0.114628
2.007836 1.003953 2.016855 0.250000 0.127355
2.006680 2.006680 1.011678 0.250000 -0.078097
2.005480 2.005480 2.011989 0.250000 -0.002762
2.003497 3.005230 1.006374 0.250000 -0.174395
2.003329 3.004916 2.007617 0.250000 -0.098790
2.001810 4.003527 1.003920 0.250000 -0.180880
2.001934 4.003647 2.004984 0.250000 -0.134478
3.000939 -5.001422 1.001758 0.250000 -0.147650
3.001129 -5.001761 2.002453 0.250000 -0.129023
3.001681 -4.002141 1.002290 0.250000 -0.170696
3.001909 -4.002512 2.003341 0.250000 -0.134881
3.003090 -3.002977 1.003805 0.250000 -0.177376
3.003190 -3.003184 2.005068 0.250000 -0.121333
3.005251 -2.003375 1.006267 0.250000 -0.161968
3.004917 -2.003258 2.007491 0.250000 -0.087259
3.007616 -1.002435 1.008993 0.250000 -0.126145
3.006600 -1.002161 2.009869 0.250000 -0.044827
3.008719 0.000061 1.010288 0.250000 -0.105871
3.007331 0.000051 2.010916 0.250000 -0.025938
3.007600 1.002558 1.009030 0.250000 -0.132500
3.006593 1.002256 2.009914 0.250000 -0.051055
3.005230 2.003497 1.006374 0.250000 -0.174395
3.004916 2.003329 2.007617 0.250000 -0.098790
3.003101 3.003101 1.004101 0.250000 -0.192022
3.003223 3.003223 2.005365 0.250000 -0.134427
3.001795 4.002334 1.003014 0.250000 -0.174974
3.002014 4.002569 2.003937 0.250000 -0.141243
4.000848 -5.001001 1.001763 0.250000 -0.130395
4.001018 -5.001274 2.002250 0.250000 -0.119595
4.001389 -4.001363 1.002003 0.250000 -0.152251
4.001611 -4.001686 2.002738 0.250000 -0.131213
4.002316 -3.001692 1.002737 0.250000 -0.165903
4.002523 -3.001977 2.003660 0.250000 -0.133054
4.003545 -2.001699 1.003803 0.250000 -0.172498
4.003642 -2.001870 2.004854 0.250000 -0.126663
4.004708 -1.001100 1.004832 0.250000 -0.173129
4.004634 -1.001159 2.005931 0.250000 -0.117231
4.005201 0.000059 1.005284 0.250000 -0.173386
4.005040 0.000046 2.006388 0.250000 -0.113863
4.004693 1.001218 1.004877 0.250000 -0.177556
4.004630 1.001245 2.005982 0.250000 -0.121589
4.003527 2.001810 1.003920 0.250000 -0.180880
4.003647 2.001934 2.004984 0.250000 -0.134478
4.002334 3.001795 1.003014 0.250000 -0.174975
4.002569 3.002014 2.003937 0.250000 -0.141243
4.001512 4.001512 1.002605 0.250000 -0.153034
4.001740 4.001740 2.003253 0.250000 -0.133655
0.000000 0.000000 -1.000000 0.250000 0.000000
