-4.999881 -4.999881 0.000342 0.250000 0.012100
-4.999971 -3.999911 0.000078 0.250000 0.016391
-5.000280 -3.000043 -0.000024 0.250000 0.019493
-5.000776 -2.000184 -0.000123 0.250000 0.019105
-5.001290 -1.000189 -0.000233 0.250000 0.016396
-5.001518 -0.000023 -0.000288 0.250000 0.015065
-5.001283 1.000151 -0.000256 0.250000 0.017057
-5.000741 2.000173 -0.000177 0.250000 0.019495
-5.000221 3.000090 -0.000041 0.250000 0.018319
-4.999991 4.000063 0.000323 0.250000 0.013947
-3.999911 -4.999971 0.000078 0.250000 0.016390
-4.000163 -4.000163 -0.000322 0.250000 0.021058
-4.000948 -3.000633 -0.000590 0.250000 0.018455
-4.002365 -2.001096 -0.000919 0.250000 0.002602
-4.004007 -1.000965 -0.001210 0.250000 -0.019853
-4.004784 -0.000046 -0.001323 0.250000 -0.030435
-4.004000 1.000885 -0.001248 0.250000 -0.018651
-4.002324 2.001060 -0.001014 0.250000 0.003594
-4.000878 3.000706 -0.000666 0.250000 0.016966
-4.000201 4.000424 -0.000064 0.250000 0.017005
-3.000043 -5.000280 -0.000024 0.250000 0.019493
-3.000633 -4.000948 -0.000590 0.250000 0.018455
-3.002425 -3.002425 -0.001119 0.250000 -0.008647
-3.006124 -2.004062 -0.001407 0.250000 -0.073816
-3.011029 -1.003695 -0.000653 0.250000 -0.144458
-3.013553 -0.000052 0.000161 0.250000 -0.171098
-3.011021 1.003608 -0.000696 0.250000 -0.142835
-3.006078 2.004045 -0.001523 0.250000 -0.072353
-3.002346 3.002586 -0.001230 0.250000 -0.010470
-3.000673 4.001397 -0.000335 0.250000 0.012517
-2.000184 -5.000776 -0.000123 0.250000 0.019104
-2.001096 -4.002365 -0.000919 0.250000 0.002602
-2.004062 -3.006124 -0.001407 0.250000 -0.073815
-2.011245 -2.011245 0.001650 0.250000 -0.197218
-2.022313 -1.011201 0.014224 0.250000 -0.212213
-2.028209 -0.000053 0.024680 0.250000 -0.145740
-2.022304 1.011118 0.014176 0.250000 -0.210273
-2.011201 2.011262 0.001520 0.250000 -0.195526
-2.003988 3.006400 -0.001534 0.250000 -0.076115
-2.001123 4.003042 -0.000648 0.250000 -0.005139
-1.000189 -5.001290 -0.000233 0.250000 0.016396
-1.000965 -4.004007 -0.001210 0.250000 -0.019853
-1.003695 -3.011029 -0.000653 0.250000 -0.144459
-1.011201 -2.022313 0.014224 0.250000 -0.212213
-1.020905 -1.020905 0.067890 0.250000 0.287106
-1.026804 -0.000052 0.100390 0.250000 0.641921
-1.020898 1.020829 0.067834 0.250000 0.289359
-1.011173 2.022362 0.014079 0.250000 -0.210464
-1.003647 3.011404 -0.000789 0.250000 -0.147284
-1.000969 4.004877 -0.000915 0.250000 -0.029085
-0.000023 -5.001518 -0.000288 0.250000 0.015065
-0.000046 -4.004784 -0.001323 0.250000 -0.030435
-0.000052 -3.013553 0.000161 0.250000 -0.171098
-0.000053 -2.028209 0.024680 0.250000 -0.145741
-0.000052 -1.026804 0.100390 0.250000 0.641921
-0.000050 -0.000050 0.149586 0.250000 1.216599
-0.000052 1.026733 0.100329 0.250000 0.644283
-0.000054 2.028270 0.024524 0.250000 -0.144063
-0.000049 3.013966 0.000022 0.250000 -0.174291
-0.000022 4.005728 -0.001016 0.250000 -0.040457
1.000151 -5.001283 -0.000256 0.250000 0.017057
1.000885 -4.004000 -0.001248 0.250000 -0.018651
1.003608 -3.011021 -0.000696 0.250000 -0.142835
1.011118 -2.022304 0.014176 0.250000 -0.210273
1.020829 -1.020898 0.067834 0.250000 0.289358
1.026733 -0.000052 0.100329 0.250000 0.644282
1.020822 1.020822 0.067777 0.250000 0.291510
1.011088 2.022352 0.014028 0.250000 -0.208773
1.003566 3.011392 -0.000833 0.250000 -0.146121
1.000936 4.004863 -0.000943 0.250000 -0.028524
2.000173 -5.000741 -0.000177 0.250000 0.019495
2.001060 -4.002324 -0.001014 0.250000 0.003594
2.004045 -3.006078 -0.001523 0.250000 -0.072353
2.011262 -2.011201 0.001520 0.250000 -0.195527
2.022362 -1.011173 0.014079 0.250000 -0.210463
2.028270 -0.000054 0.024524 0.250000 -0.144062
2.022352 1.011088 0.014028 0.250000 -0.208773
2.011215 2.011215 0.001387 0.250000 -0.194392
2.003976 3.006348 -0.001646 0.250000 -0.075544
2.001134 4.002991 -0.000713 0.250000 -0.005186
3.000090 -5.000221 -0.000041 0.250000 0.018319
3.000706 -4.000878 -0.000666 0.250000 0.016967
3.002586 -3.002346 -0.001230 0.250000 -0.010470
3.006400 -2.003988 -0.001534 0.250000 -0.076113
3.011404 -1.003647 -0.000789 0.250000 -0.147285
3.013966 -0.000049 0.000022 0.250000 -0.174292
3.011392 1.003566 -0.000833 0.250000 -0.146121
3.006348 2.003976 -0.001646 0.250000 -0.075544
3.002508 3.002508 -0.001316 0.250000 -0.013387
3.000779 4.001321 -0.000354 0.250000 0.010154
4.000063 -4.999991 0.000323 0.250000 0.013947
4.000424 -4.000201 -0.000064 0.250000 0.017005
4.001397 -3.000673 -0.000335 0.250000 0.012517
4.003042 -2.001123 -0.000648 0.250000 -0.005139
4.004877 -1.000969 -0.000915 0.250000 -0.029085
4.005728 -0.000022 -0.001016 0.250000 -0.040458
4.004863 1.000936 -0.000943 0.250000 -0.028524
4.002991 2.001134 -0.000713 0.250000 -0.005186
4.001321 3.000779 -0.000354 0.250000 0.010154
4.000473 4.000473 0.000233 0.250000 0.012473
-4.999757 -4.999757 1.000387 0.250000 0.005797
-5.000217 -5.000217 2.000702 0.250000 0.002648
-4.999835 -3.999878 1.000300 0.250000 0.007982
-5.000554 -4.000482 2.000837 0.250000 0.004224
-5.000120 -3.000053 1.000490 0.250000 0.010711
-5.001108 -3.000686 2.001245 0.250000 0.006796
-5.000554 -2.000177 1.000770 0.250000 0.012569
-5.001776 -2.000692 2.001773 0.250000 0.009579
-5.000985 -1.000159 1.001010 0.250000 0.013527
-5.002348 -1.000424 2.002223 0.250000 0.011917
-5.001167 0.000010 1.001098 0.250000 0.014168
-5.002567 0.000062 2.002391 0.250000 0.013154
-5.000961 1.000183 1.000976 0.250000 0.014588
-5.002309 1.000548 2.002183 0.250000 0.012718
-5.000494 2.000207 1.000691 0.250000 0.013563
-5.001700 2.000803 2.001696 0.250000 0.010239
-5.000042 3.000074 1.000418 0.250000 0.009953
-5.001024 3.000754 2.001184 0.250000 0.006019
-4.999855 3.999937 1.000466 0.250000 0.005590
-5.000540 4.000518 2.000940 0.250000 0.001826
-3.999878 -4.999835 1.000300 0.250000 0.007982
-4.000482 -5.000554 2.000837 0.250000 0.004224
-4.000118 -4.000118 1.000384 0.250000 0.012939
-4.001064 -4.001064 2.001316 0.250000 0.008979
-4.000793 -3.000566 1.000936 0.250000 0.017650
-4.002039 -3.001515 2.002316 0.250000 0.015612
-4.001936 -2.000922 1.001706 0.250000 0.018366
-4.003317 -2.001609 2.003615 0.250000 0.022146
-4.003222 -1.000776 1.002439 0.250000 0.015706
-4.004514 -1.001061 2.004787 0.250000 0.027032
-4.003819 0.000001 1.002746 0.250000 0.014493
-4.005012 0.000074 2.005256 0.250000 0.029300
-4.003197 1.000786 1.002380 0.250000 0.017377
-4.004471 1.001213 2.004716 0.250000 0.028200
-4.001870 2.000953 1.001561 0.250000 0.019984
-4.003230 2.001755 2.003469 0.250000 0.023060
-4.000698 3.000609 1.000754 0.250000 0.016402
-4.001935 3.001618 2.002153 0.250000 0.014214
-4.000136 4.000241 1.000490 0.250000 0.008651
-4.001025 4.001124 2.001339 0.250000 0.004885
-3.000053 -5.000120 1.000490 0.250000 0.010712
-3.000686 -5.001108 2.001245 0.250000 0.006796
-3.000566 -4.000793 1.000936 0.250000 0.017650
-3.001515 -4.002039 2.002316 0.250000 0.015612
-3.002000 -3.002000 1.002206 0.250000 0.019025
-3.003023 -3.003023 2.004379 0.250000 0.026558
-3.004847 -2.003222 1.004265 0.250000 0.006608
-3.005263 -2.003467 2.007275 0.250000 0.036154
-3.008566 -1.002866 1.006804 0.250000 -0.010845
-3.007638 -1.002477 2.010195 0.250000 0.043407
-3.010458 0.000005 1.008118 0.250000 -0.016829
-3.008716 0.000093 2.011480 0.250000 0.047092
-3.008542 1.002892 1.006725 0.250000 -0.008720
-3.007596 1.002673 2.010095 0.250000 0.044806
-3.004779 2.003291 1.004065 0.250000 0.008568
-3.005176 2.003672 2.007059 0.250000 0.037026
-3.001900 3.002124 1.001921 0.250000 0.016889
-3.002914 3.003194 2.004105 0.250000 0.024047
-3.000579 4.001052 1.000949 0.250000 0.010757
-3.001464 4.002164 2.002230 0.250000 0.009116
-2.000177 -5.000554 1.000770 0.250000 0.012569
-2.000692 -5.001776 2.001773 0.250000 0.009578
-2.000922 -4.001936 1.001706 0.250000 0.018366
-2.001609 -4.003317 2.003615 0.250000 0.022145
-2.003222 -3.004847 1.004265 0.250000 0.006608
-2.003467 -3.005263 2.007275 0.250000 0.036153
-2.008651 -2.008651 1.009883 0.250000 -0.026064
-2.006652 -2.006652 2.013108 0.250000 0.049634
-2.016867 -1.008482 1.019504 0.250000 -0.025733
-2.010519 -1.005207 2.019942 0.250000 0.068602
-2.021419 0.000014 1.025426 0.250000 -0.002729
-2.012430 0.000113 2.023293 0.250000 0.081785
-2.016846 1.008533 1.019407 0.250000 -0.023337
-2.010484 1.005449 2.019814 0.250000 0.070071
-2.008591 2.008771 1.009633 0.250000 -0.024132
-2.006579 2.006919 2.012829 0.250000 0.050164
-2.003133 3.005073 1.003889 0.250000 0.003140
-2.003374 3.005513 2.006897 0.250000 0.032135
-2.000928 4.002368 1.001638 0.250000 0.008547
-2.001561 4.003524 2.003422 0.250000 0.012855
-1.000159 -5.000985 1.001010 0.250000 0.013527
-1.000424 -5.002348 2.002223 0.250000 0.011918
-1.000776 -4.003222 1.002439 0.250000 0.015706
-1.001061 -4.004514 2.004787 0.250000 0.027031
-1.002866 -3.008566 1.006804 0.250000 -0.010845
-1.002477 -3.007638 2.010195 0.250000 0.043407
-1.008482 -2.016867 1.019504 0.250000 -0.025733
-1.005207 -2.010519 2.019942 0.250000 0.068602
-1.017786 -1.017786 1.046093 0.250000 0.133733
-1.008893 -1.008893 2.032960 0.250000 0.126236
-1.022874 0.000022 1.063831 0.250000 0.295528
-1.010834 0.000129 2.039896 0.250000 0.169020
-1.017773 1.017860 1.045981 0.250000 0.136268
-1.008873 1.009170 2.032813 0.250000 0.127662
-1.008446 2.017029 1.019215 0.250000 -0.024047
-1.005165 2.010834 2.019617 0.250000 0.068674
-1.002811 3.008877 1.006361 0.250000 -0.015668
-1.002421 3.007950 2.009742 0.250000 0.037957
-1.000771 4.003800 1.002316 0.250000 0.003309
-1.001029 4.004790 2.004516 0.250000 0.015290
0.000010 -5.001167 1.001098 0.250000 0.014168
0.000062 -5.002567 2.002391 0.250000 0.013154
0.000001 -4.003819 1.002746 0.250000 0.014493
0.000074 -4.005012 2.005256 0.250000 0.029300
0.000005 -3.010458 1.008118 0.250000 -0.016829
0.000093 -3.008716 2.011480 0.250000 0.047093
0.000014 -2.021419 1.025426 0.250000 -0.002729
0.000113 -2.012430 2.023293 0.250000 0.081785
0.000022 -1.022874 1.063831 0.250000 0.295527
0.000129 -1.010834 2.039896 0.250000 0.169021
0.000027 0.000027 1.089069 0.250000 0.554678
0.000135 0.000135 2.049014 0.250000 0.234365
0.000022 1.022958 1.063711 0.250000 0.298060
0.000128 1.011125 2.039741 0.250000 0.170360
0.000012 2.021596 1.025121 0.250000 -0.001277
0.000112 2.012762 2.022952 0.250000 0.081544
0.000007 3.010800 1.007650 0.250000 -0.022397
0.000094 3.009049 2.011001 0.250000 0.040892
0.000018 4.004452 1.002606 0.250000 0.000823
0.000081 4.005313 2.004960 0.250000 0.016374
1.000183 -5.000961 1.000976 0.250000 0.014588
1.000548 -5.002309 2.002183 0.250000 0.012718
1.000786 -4.003197 1.002380 0.250000 0.017377
1.001213 -4.004471 2.004716 0.250000 0.028200
1.002892 -3.008542 1.006725 0.250000 -0.008720
1.002673 -3.007596 2.010095 0.250000 0.044807
1.008533 -2.016846 1.019407 0.250000 -0.023337
1.005449 -2.010484 2.019814 0.250000 0.070071
1.017860 -1.017773 1.045981 0.250000 0.136268
1.009170 -1.008873 2.032813 0.250000 0.127662
1.022958 0.000022 1.063711 0.250000 0.298061
1.011125 0.000128 2.039741 0.250000 0.170362
1.017845 1.017845 1.045869 0.250000 0.138641
1.009148 1.009148 2.032666 0.250000 0.128910
1.008495 2.017005 1.019119 0.250000 -0.021993
1.005404 2.010795 2.019493 0.250000 0.069785
1.002840 3.008847 1.006286 0.250000 -0.014099
1.002617 3.007902 2.009649 0.250000 0.038837
1.000815 4.003767 1.002270 0.250000 0.004248
1.001193 4.004742 2.004460 0.250000 0.015834
2.000207 -5.000494 1.000691 0.250000 0.013563
2.000803 -5.001700 2.001696 0.250000 0.010239
2.000953 -4.001870 1.001561 0.250000 0.019984
2.001755 -4.003230 2.003469 0.250000 0.023060
2.003291 -3.004779 1.004065 0.250000 0.008569
2.003672 -3.005176 2.007059 0.250000 0.037028
2.008771 -2.008591 1.009633 0.250000 -0.024132
2.006919 -2.006579 2.012829 0.250000 0.050164
2.017029 -1.008446 1.019215 0.250000 -0.024047
2.010834 -1.005165 2.019617 0.250000 0.068674
2.021596 0.000012 1.025121 0.250000 -0.001277
2.012762 0.000112 2.022952 0.250000 0.081544
2.017005 1.008495 1.019119 0.250000 -0.021992
2.010795 1.005404 2.019493 0.250000 0.069786
2.008706 2.008706 1.009385 0.250000 -0.022909
2.006840 2.006840 2.012560 0.250000 0.049999
2.003202 3.004995 1.003702 0.250000 0.004043
2.003575 3.005417 2.006702 0.250000 0.032055
2.000990 4.002289 1.001530 0.250000 0.008945
2.001718 4.003431 2.003311 0.250000 0.012712
3.000074 -5.000042 1.000418 0.250000 0.009953
3.000754 -5.001024 2.001184 0.250000 0.006019
3.000609 -4.000698 1.000754 0.250000 0.016403
3.001618 -4.001935 2.002153 0.250000 0.014214
3.002124 -3.001900 1.001921 0.250000 0.016889
3.003194 -3.002914 2.004105 0.250000 0.024048
3.005073 -2.003133 1.003889 0.250000 0.003140
3.005513 -2.003374 2.006897 0.250000 0.032135
3.008877 -1.002811 1.006361 0.250000 -0.015668
3.007950 -1.002421 2.009742 0.250000 0.037957
3.010800 0.000007 1.007650 0.250000 -0.022397
3.009049 0.000094 2.011001 0.250000 0.040892
3.008847 1.002840 1.006286 0.250000 -0.014099
3.007902 1.002617 2.009649 0.250000 0.038836
3.004995 2.003202 1.003702 0.250000 0.004044
3.005417 2.003575 2.006702 0.250000 0.032055
3.002018 3.002018 1.001672 0.250000 0.013437
3.003080 3.003080 2.003870 0.250000 0.020359
3.000650 4.000953 1.000839 0.250000 0.008373
3.001579 4.002060 2.002126 0.250000 0.006611
3.999937 -4.999855 1.000466 0.250000 0.005591
4.000518 -5.000540 2.000940 0.250000 0.001826
4.000241 -4.000136 1.000490 0.250000 0.008651
4.001124 -4.001025 2.001339 0.250000 0.004885
4.001052 -3.000579 1.000949 0.250000 0.010757
4.002164 -3.001464 2.002230 0.250000 0.009116
4.002368 -2.000928 1.001638 0.250000 0.008547
4.003524 -2.001561 2.003422 0.250000 0.012855
4.003800 -1.000771 1.002316 0.250000 0.003309
4.004790 -1.001029 2.004516 0.250000 0.015290
4.004452 0.000018 1.002606 0.250000 0.000824
4.005313 0.000081 2.004960 0.250000 0.016374
4.003767 1.000815 1.002270 0.250000 0.004248
4.004742 1.001193 2.004460 0.250000 0.015833
4.002289 2.000990 1.001530 0.250000 0.008945
4.003431 2.001718 2.003311 0.250000 0.012712
4.000953 3.000650 1.000839 0.250000 0.008373
4.002060 3.001579 2.002126 0.250000 0.006612
4.000280 4.000280 1.000664 0.250000 0.003636
4.001107 4.001107 2.001427 0.250000 -0.000043
0.000000 0.000000 -1.000000 0.250000 0.000000
