-4.999650 -4.999650 0.000555 0.250000 0.005223
-4.999544 -3.999610 0.000386 0.250000 0.008707
-4.999560 -2.999698 0.000408 0.250000 0.015188
-4.999763 -1.999876 0.000395 0.250000 0.021595
-5.000084 -1.000016 0.000313 0.250000 0.025673
-5.000259 -0.000049 0.000267 0.250000 0.027180
-5.000112 0.999919 0.000312 0.250000 0.026592
-4.999784 1.999784 0.000371 0.250000 0.023112
-4.999534 2.999630 0.000414 0.250000 0.017022
-4.999525 3.999609 0.000660 0.250000 0.012003
-3.999610 -4.999544 0.000386 0.250000 0.008707
-3.999626 -3.999626 0.000135 0.250000 0.015940
-4.000102 -3.000066 -0.000038 0.250000 0.024811
-4.001319 -2.000663 -0.000520 0.250000 0.025614
-4.002969 -1.000766 -0.001164 0.250000 0.016473
-4.003809 -0.000065 -0.001463 0.250000 0.010491
-4.002999 1.000633 -0.001167 0.250000 0.017760
-4.001336 2.000532 -0.000567 0.250000 0.027757
-4.000058 2.999985 -0.000085 0.250000 0.027192
-3.999607 3.999679 0.000417 0.250000 0.019880
-2.999698 -4.999560 0.000408 0.250000 0.015188
-3.000066 -4.000102 -0.000038 0.250000 0.024811
-3.001748 -3.001748 -0.000900 0.250000 0.021044
-3.005893 -2.003956 -0.002442 0.250000 -0.022958
-3.011854 -1.004023 -0.003278 0.250000 -0.088812
-3.015022 -0.000074 -0.003114 0.250000 -0.117686
-3.011880 1.003868 -0.003278 0.250000 -0.087201
-3.005898 2.003812 -0.002495 0.250000 -0.020197
-3.001684 3.001708 -0.000975 0.250000 0.024066
-3.000043 4.000303 0.000225 0.250000 0.029076
-1.999876 -4.999763 0.000395 0.250000 0.021596
-2.000663 -4.001319 -0.000520 0.250000 0.025615
-2.003956 -3.005893 -0.002442 0.250000 -0.022958
-2.012926 -2.012926 -0.002317 0.250000 -0.149610
-2.027395 -1.013785 0.009260 0.250000 -0.212198
-2.035217 -0.000086 0.020808 0.250000 -0.178967
-2.027412 1.013609 0.009264 0.250000 -0.210272
-2.012919 2.012779 -0.002375 0.250000 -0.146369
-2.003887 3.005928 -0.002530 0.250000 -0.019477
-2.000638 4.001732 -0.000259 0.250000 0.029942
-1.000016 -5.000084 0.000313 0.250000 0.025673
-1.000766 -4.002969 -0.001164 0.250000 0.016472
-1.004023 -3.011854 -0.003278 0.250000 -0.088811
-1.013785 -2.027395 0.009260 0.250000 -0.212198
-1.026657 -1.026657 0.072518 0.250000 0.142022
-1.034511 -0.000095 0.112105 0.250000 0.413275
-1.026665 1.026465 0.072524 0.250000 0.144437
-1.013777 2.027249 0.009194 0.250000 -0.208530
-1.003979 3.011964 -0.003377 0.250000 -0.085105
-1.000749 4.003578 -0.000899 0.250000 0.020597
-0.000049 -5.000259 0.000267 0.250000 0.027180
-0.000065 -4.003809 -0.001463 0.250000 0.010491
-0.000074 -3.015022 -0.003114 0.250000 -0.117685
-0.000086 -2.035217 0.020808 0.250000 -0.178967
-0.000095 -1.034511 0.112105 0.250000 0.413276
-0.000098 -0.000098 0.172970 0.250000 0.866732
-0.000094 1.034313 0.112111 0.250000 0.415967
-0.000088 2.035074 0.020734 0.250000 -0.175052
-0.000080 3.015164 -0.003220 0.250000 -0.113916
-0.000060 4.004498 -0.001197 0.250000 0.014443
0.999919 -5.000112 0.000312 0.250000 0.026592
1.000633 -4.002999 -0.001167 0.250000 0.017760
1.003868 -3.011880 -0.003278 0.250000 -0.087202
1.013609 -2.027412 0.009264 0.250000 -0.210273
1.026465 -1.026665 0.072524 0.250000 0.144436
1.034313 -0.000094 0.112111 0.250000 0.415967
1.026475 1.026475 0.072528 0.250000 0.146889
1.013598 2.027268 0.009193 0.250000 -0.206566
1.003816 3.011990 -0.003383 0.250000 -0.083542
1.000630 4.003604 -0.000902 0.250000 0.021728
1.999784 -4.999784 0.000371 0.250000 0.023111
2.000532 -4.001336 -0.000567 0.250000 0.027757
2.003812 -3.005898 -0.002495 0.250000 -0.020197
2.012779 -2.012919 -0.002375 0.250000 -0.146369
2.027249 -1.013777 0.009194 0.250000 -0.208531
2.035074 -0.000088 0.020734 0.250000 -0.175053
2.027268 1.013598 0.009193 0.250000 -0.206567
2.012771 2.012771 -0.002442 0.250000 -0.143146
2.003742 3.005931 -0.002592 0.250000 -0.016898
2.000533 4.001741 -0.000293 0.250000 0.031805
2.999630 -4.999534 0.000414 0.250000 0.017023
2.999985 -4.000058 -0.000085 0.250000 0.027192
3.001708 -3.001684 -0.000975 0.250000 0.024066
3.005928 -2.003887 -0.002530 0.250000 -0.019477
3.011964 -1.003979 -0.003377 0.250000 -0.085105
3.015164 -0.000080 -0.003220 0.250000 -0.113914
3.011990 1.003816 -0.003383 0.250000 -0.083541
3.005931 2.003742 -0.002592 0.250000 -0.016898
3.001645 3.001645 -0.001041 0.250000 0.026802
2.999992 4.000256 0.000221 0.250000 0.031254
3.999609 -4.999525 0.000660 0.250000 0.012003
3.999679 -3.999607 0.000417 0.250000 0.019880
4.000303 -3.000043 0.000225 0.250000 0.029076
4.001732 -2.000638 -0.000259 0.250000 0.029942
4.003578 -1.000749 -0.000899 0.250000 0.020597
4.004498 -0.000060 -0.001197 0.250000 0.014443
4.003604 1.000630 -0.000902 0.250000 0.021727
4.001741 2.000533 -0.000293 0.250000 0.031805
4.000256 2.999992 0.000221 0.250000 0.031254
3.999682 3.999682 0.000724 0.250000 0.023499
-4.999420 -4.999420 1.000472 0.250000 0.000303
-4.999953 -4.999953 2.000727 0.250000 -0.001930
-4.999291 -3.999483 1.000407 0.250000 -0.000210
-5.000199 -4.000226 2.000868 0.250000 -0.003020
-4.999277 -2.999626 1.000672 0.250000 0.002828
-5.000644 -3.000461 2.001332 0.250000 -0.001117
-4.999389 -1.999800 1.001045 0.250000 0.008112
-5.001208 -2.000530 2.001950 0.250000 0.003258
-4.999575 -0.999948 1.001365 0.250000 0.013286
-5.001708 -1.000360 2.002488 0.250000 0.008027
-4.999676 -0.000031 1.001497 0.250000 0.015921
-5.001909 0.000006 2.002706 0.250000 0.010696
-4.999584 0.999888 1.001369 0.250000 0.015023
-5.001692 1.000374 2.002487 0.250000 0.010087
-4.999379 1.999739 1.001025 0.250000 0.011208
-5.001165 2.000539 2.001936 0.250000 0.006995
-4.999229 2.999537 1.000652 0.250000 0.006619
-5.000580 3.000430 2.001334 0.250000 0.003591
-4.999282 3.999403 1.000621 0.250000 0.004624
-5.000172 4.000155 2.001022 0.250000 0.002149
-3.999483 -4.999291 1.000407 0.250000 -0.000211
-4.000226 -5.000199 2.000868 0.250000 -0.003020
-3.999455 -3.999455 1.000586 0.250000 0.002626
-4.000720 -4.000720 2.001426 0.250000 -0.001203
-3.999725 -2.999826 1.001315 0.250000 0.012115
-4.001577 -3.001206 2.002599 0.250000 0.006693
-4.000435 -2.000259 1.002236 0.250000 0.023234
-4.002730 -2.001376 2.004114 0.250000 0.018274
-4.001418 -1.000399 1.003030 0.250000 0.030339
-4.003837 -1.000958 2.005467 0.250000 0.028524
-4.001927 -0.000040 1.003359 0.250000 0.033003
-4.004309 0.000011 2.006021 0.250000 0.033367
-4.001427 1.000322 1.003027 0.250000 0.032815
-4.003816 1.000987 2.005450 0.250000 0.031372
-4.000419 2.000185 1.002176 0.250000 0.027647
-4.002674 2.001408 2.004054 0.250000 0.023412
-3.999652 2.999731 1.001202 0.250000 0.017321
-4.001484 3.001197 2.002515 0.250000 0.013030
-3.999425 3.999402 1.000742 0.250000 0.008848
-4.000654 4.000657 2.001504 0.250000 0.005513
-2.999626 -4.999277 1.000672 0.250000 0.002828
-3.000461 -5.000644 2.001332 0.250000 -0.001117
-2.999826 -3.999725 1.001315 0.250000 0.012115
-3.001206 -4.001577 2.002599 0.250000 0.006693
-3.000822 -3.000822 1.002789 0.250000 0.027112
-3.002592 -3.002592 2.004984 0.250000 0.023224
-3.003363 -2.002292 1.004757 0.250000 0.031266
-3.004713 -2.003140 2.008200 0.250000 0.041429
-3.007166 -1.002480 1.006968 0.250000 0.021269
-3.007046 -1.002341 2.011343 0.250000 0.054066
-3.009224 -0.000042 1.008147 0.250000 0.015974
-3.008137 0.000022 2.012731 0.250000 0.059485
-3.007172 1.002403 1.006960 0.250000 0.024445
-3.007022 1.002398 2.011309 0.250000 0.057658
-3.003337 2.002234 1.004662 0.250000 0.036921
-3.004648 2.003216 2.008087 0.250000 0.047843
-3.000730 3.000778 1.002580 0.250000 0.033571
-3.002482 3.002641 2.004796 0.250000 0.030895
-2.999781 3.999787 1.001361 0.250000 0.019125
-3.001117 4.001571 2.002556 0.250000 0.014384
-1.999800 -4.999389 1.001045 0.250000 0.008111
-2.000530 -5.001208 2.001950 0.250000 0.003258
-2.000259 -4.000435 1.002236 0.250000 0.023234
-2.001376 -4.002730 2.004114 0.250000 0.018274
-2.002292 -3.003363 1.004757 0.250000 0.031266
-2.003140 -3.004713 2.008200 0.250000 0.041429
-2.008140 -2.008140 1.009636 0.250000 0.003003
-2.006328 -2.006328 2.014377 0.250000 0.059774
-2.017880 -1.009076 1.018919 0.250000 -0.020712
-2.010432 -1.005210 2.021529 0.250000 0.071605
-2.023486 -0.000044 1.025132 0.250000 -0.015452
-2.012538 0.000034 2.025102 0.250000 0.079032
-2.017881 1.009002 1.018903 0.250000 -0.016954
-2.010409 1.005298 2.021477 0.250000 0.075779
-2.008109 2.008106 1.009504 0.250000 0.009565
-2.006266 2.006456 2.014209 0.250000 0.067101
-2.002201 3.003400 1.004453 0.250000 0.038394
-2.003037 3.004837 2.007902 0.250000 0.049831
-2.000214 4.000667 1.002169 0.250000 0.030270
-2.001289 4.002808 2.003936 0.250000 0.026140
-0.999948 -4.999575 1.001365 0.250000 0.013286
-1.000360 -5.001708 2.002488 0.250000 0.008027
-1.000399 -4.001418 1.003030 0.250000 0.030339
-1.000958 -4.003837 2.005467 0.250000 0.028524
-1.002480 -3.007166 1.006968 0.250000 0.021268
-1.002341 -3.007046 2.011343 0.250000 0.054067
-1.009076 -2.017880 1.018919 0.250000 -0.020711
-1.005210 -2.010432 2.021529 0.250000 0.071604
-1.020782 -1.020782 1.048103 0.250000 0.058248
-1.009361 -1.009361 2.035440 0.250000 0.098112
-1.027323 -0.000044 1.068928 0.250000 0.171357
-1.011637 0.000044 2.043109 0.250000 0.122127
-1.020781 1.020713 1.048080 0.250000 0.062472
-1.009346 1.009477 2.035372 0.250000 0.102654
-1.009055 2.017870 1.018754 0.250000 -0.013592
-1.005171 2.010604 2.021317 0.250000 0.079427
-1.002422 3.007279 1.006585 0.250000 0.028535
-1.002276 3.007234 2.010957 0.250000 0.062655
-1.000368 4.001806 1.002873 0.250000 0.036855
-1.000900 4.003990 2.005178 0.250000 0.036011
-0.000031 -4.999676 1.001497 0.250000 0.015921
0.000006 -5.001909 2.002706 0.250000 0.010696
-0.000040 -4.001927 1.003359 0.250000 0.033004
0.000011 -4.004309 2.006021 0.250000 0.033367
-0.000042 -3.009224 1.008147 0.250000 0.015974
0.000022 -3.008137 2.012731 0.250000 0.059484
-0.000044 -2.023486 1.025132 0.250000 -0.015452
0.000034 -2.012538 2.025102 0.250000 0.079033
-0.000044 -1.027323 1.068928 0.250000 0.171355
0.000044 -1.011637 2.043109 0.250000 0.122128
-0.000042 -0.000042 1.099273 0.250000 0.364365
0.000049 0.000049 2.053395 0.250000 0.162089
-0.000042 1.027259 1.068900 0.250000 0.175779
0.000045 1.011764 2.043034 0.250000 0.126778
-0.000044 2.023489 1.024951 0.250000 -0.008155
0.000035 2.012728 2.024871 0.250000 0.086957
-0.000044 3.009368 1.007729 0.250000 0.023168
0.000024 3.008350 2.012309 0.250000 0.067986
-0.000034 4.002377 1.003165 0.250000 0.039120
0.000017 4.004492 2.005690 0.250000 0.040493
0.999888 -4.999584 1.001369 0.250000 0.015023
1.000374 -5.001692 2.002487 0.250000 0.010087
1.000322 -4.001427 1.003027 0.250000 0.032815
1.000987 -4.003816 2.005450 0.250000 0.031372
1.002403 -3.007172 1.006960 0.250000 0.024445
1.002398 -3.007022 2.011309 0.250000 0.057659
1.009002 -2.017881 1.018903 0.250000 -0.016954
1.005298 -2.010409 2.021477 0.250000 0.075778
1.020713 -1.020781 1.048080 0.250000 0.062471
1.009477 -1.009346 2.035372 0.250000 0.102654
1.027259 -0.000042 1.068900 0.250000 0.175779
1.011764 0.000045 2.043034 0.250000 0.126777
1.020713 1.020713 1.048054 0.250000 0.066667
1.009463 1.009463 2.035303 0.250000 0.107116
1.008980 2.017873 1.018733 0.250000 -0.009924
1.005262 2.010582 2.021262 0.250000 0.083415
1.002342 3.007284 1.006570 0.250000 0.031493
1.002337 3.007208 2.010921 0.250000 0.065933
1.000306 4.001810 1.002869 0.250000 0.038991
1.000941 4.003966 2.005163 0.250000 0.038451
1.999739 -4.999379 1.001025 0.250000 0.011207
2.000539 -5.001165 2.001936 0.250000 0.006996
2.000185 -4.000419 1.002176 0.250000 0.027647
2.001408 -4.002674 2.004054 0.250000 0.023411
2.002234 -3.003337 1.004662 0.250000 0.036922
2.003216 -3.004648 2.008087 0.250000 0.047843
2.008106 -2.008109 1.009504 0.250000 0.009566
2.006456 -2.006266 2.014209 0.250000 0.067101
2.017870 -1.009055 1.018754 0.250000 -0.013593
2.010604 -1.005171 2.021317 0.250000 0.079428
2.023489 -0.000044 1.024951 0.250000 -0.008156
2.012728 0.000035 2.024871 0.250000 0.086957
2.017873 1.008980 1.018733 0.250000 -0.009925
2.010582 1.005262 2.021262 0.250000 0.083415
2.008075 2.008075 1.009363 0.250000 0.015867
2.006396 2.006396 2.014038 0.250000 0.074017
2.002140 3.003369 1.004352 0.250000 0.043526
2.003115 3.004769 2.007790 0.250000 0.055582
2.000160 4.000640 1.002122 0.250000 0.033993
2.001332 4.002747 2.003887 0.250000 0.030455
2.999537 -4.999229 1.000652 0.250000 0.006619
3.000430 -5.000580 2.001334 0.250000 0.003591
2.999731 -3.999652 1.001202 0.250000 0.017322
3.001197 -4.001484 2.002515 0.250000 0.013030
3.000778 -3.000730 1.002580 0.250000 0.033571
3.002641 -3.002482 2.004796 0.250000 0.030895
3.003400 -2.002201 1.004453 0.250000 0.038394
3.004837 -2.003037 2.007902 0.250000 0.049831
3.007279 -1.002422 1.006585 0.250000 0.028535
3.007234 -1.002276 2.010957 0.250000 0.062655
3.009368 -0.000044 1.007729 0.250000 0.023169
3.008350 0.000024 2.012309 0.250000 0.067986
3.007284 1.002342 1.006570 0.250000 0.031493
3.007208 1.002337 2.010921 0.250000 0.065933
3.003369 2.002140 1.004352 0.250000 0.043526
3.004769 2.003115 2.007790 0.250000 0.055582
3.000683 3.000683 1.002382 0.250000 0.039200
3.002530 3.002530 2.004620 0.250000 0.037565
2.999715 3.999712 1.001292 0.250000 0.023429
3.001123 4.001481 2.002502 0.250000 0.019544
3.999403 -4.999282 1.000621 0.250000 0.004624
4.000155 -5.000172 2.001022 0.250000 0.002149
3.999402 -3.999425 1.000742 0.250000 0.008849
4.000657 -4.000654 2.001504 0.250000 0.005513
3.999787 -2.999781 1.001361 0.250000 0.019125
4.001571 -3.001117 2.002556 0.250000 0.014384
4.000667 -2.000214 1.002169 0.250000 0.030270
4.002808 -2.001289 2.003936 0.250000 0.026140
4.001806 -1.000368 1.002873 0.250000 0.036855
4.003990 -1.000900 2.005178 0.250000 0.036010
4.002377 -0.000034 1.003165 0.250000 0.039120
4.004492 0.000017 2.005690 0.250000 0.040493
4.001810 1.000306 1.002869 0.250000 0.038991
4.003966 1.000941 2.005163 0.250000 0.038450
4.000640 2.000160 1.002122 0.250000 0.033992
4.002747 2.001332 2.003887 0.250000 0.030455
3.999712 2.999715 1.001292 0.250000 0.023429
4.001481 3.001123 2.002502 0.250000 0.019544
3.999403 3.999403 1.000937 0.250000 0.013940
4.000617 4.000617 2.001615 0.250000 0.010814
0.000000 0.000000 -1.000000 0.250000 0.000000
