-4.999914 -4.999914 0.000318 0.250000 0.011903
-5.000021 -3.999948 0.000045 0.250000 0.016044
-5.000353 -3.000081 -0.000062 0.250000 0.018533
-5.000868 -2.000214 -0.000160 0.250000 0.017227
-5.001395 -1.000204 -0.000265 0.250000 0.013692
-5.001625 -0.000019 -0.000316 0.250000 0.011994
-5.001384 1.000175 -0.000289 0.250000 0.014196
-5.000830 2.000214 -0.000215 0.250000 0.017248
-5.000292 3.000140 -0.000077 0.250000 0.016710
-5.000045 4.000113 0.000295 0.250000 0.012679
-3.999948 -5.000021 0.000045 0.250000 0.016044
-4.000220 -4.000220 -0.000364 0.250000 0.020144
-4.001025 -3.000685 -0.000626 0.250000 0.016155
-4.002448 -2.001130 -0.000922 0.250000 -0.001390
-4.004079 -1.000977 -0.001168 0.250000 -0.025052
-4.004846 -0.000041 -0.001260 0.250000 -0.036064
-4.004069 1.000906 -0.001208 0.250000 -0.024034
-4.002403 2.001106 -0.001019 0.250000 -0.000857
-4.000954 3.000773 -0.000699 0.250000 0.013818
-4.000262 4.000496 -0.000097 0.250000 0.014857
-3.000081 -5.000353 -0.000062 0.250000 0.018532
-3.000685 -4.001025 -0.000626 0.250000 0.016155
-3.002475 -3.002475 -0.001099 0.250000 -0.013143
-3.006117 -2.004053 -0.001257 0.250000 -0.079743
-3.010913 -1.003650 -0.000362 0.250000 -0.150036
-3.013373 -0.000047 0.000506 0.250000 -0.176137
-3.010901 1.003574 -0.000408 0.250000 -0.148620
-3.006068 2.004050 -0.001376 0.250000 -0.078818
-3.002397 3.002653 -0.001206 0.250000 -0.015977
-3.000730 4.001490 -0.000358 0.250000 0.008745
-2.000214 -5.000868 -0.000160 0.250000 0.017227
-2.001130 -4.002448 -0.000922 0.250000 -0.001391
-2.004053 -3.006117 -0.001257 0.250000 -0.079743
-2.011058 -2.011058 0.002047 0.250000 -0.201065
-2.021808 -1.010943 0.014647 0.250000 -0.209526
-2.027525 -0.000047 0.024968 0.250000 -0.139057
-2.021796 1.010874 0.014596 0.250000 -0.207821
-2.011012 2.011093 0.001914 0.250000 -0.199979
-2.003980 3.006412 -0.001379 0.250000 -0.083174
-2.001161 4.003139 -0.000635 0.250000 -0.010749
-1.000204 -5.001395 -0.000265 0.250000 0.013692
-1.000977 -4.004079 -0.001168 0.250000 -0.025052
-1.003650 -3.010913 -0.000362 0.250000 -0.150036
-1.010943 -2.021808 0.014647 0.250000 -0.209527
-1.020352 -1.020352 0.067306 0.250000 0.306774
-1.026071 -0.000045 0.099092 0.250000 0.670864
-1.020344 1.020292 0.067246 0.250000 0.308754
-1.010914 2.021876 0.014499 0.250000 -0.208445
-1.003603 3.011306 -0.000491 0.250000 -0.154076
-1.000983 4.004959 -0.000854 0.250000 -0.035980
-0.000019 -5.001625 -0.000316 0.250000 0.011994
-0.000041 -4.004846 -0.001260 0.250000 -0.036065
-0.000047 -3.013373 0.000506 0.250000 -0.176137
-0.000047 -2.027525 0.024968 0.250000 -0.139059
-0.000045 -1.026071 0.099092 0.250000 0.670863
-0.000043 -0.000043 0.147132 0.250000 1.258719
-0.000045 1.026015 0.099027 0.250000 0.672920
-0.000048 2.027606 0.024810 0.250000 -0.138086
-0.000044 3.013805 0.000373 0.250000 -0.180585
-0.000017 4.005799 -0.000932 0.250000 -0.047813
1.000175 -5.001384 -0.000289 0.250000 0.014196
1.000906 -4.004069 -0.001208 0.250000 -0.024033
1.003574 -3.010901 -0.000408 0.250000 -0.148620
1.010874 -2.021796 0.014596 0.250000 -0.207820
1.020292 -1.020344 0.067246 0.250000 0.308755
1.026015 -0.000045 0.099027 0.250000 0.672922
1.020284 1.020284 0.067185 0.250000 0.310616
1.010842 2.021863 0.014445 0.250000 -0.207015
1.003534 3.011292 -0.000537 0.250000 -0.153147
1.000961 4.004943 -0.000883 0.250000 -0.035619
2.000214 -5.000830 -0.000215 0.250000 0.017248
2.001106 -4.002403 -0.001019 0.250000 -0.000857
2.004050 -3.006068 -0.001376 0.250000 -0.078818
2.011093 -2.011012 0.001914 0.250000 -0.199979
2.021876 -1.010914 0.014499 0.250000 -0.208446
2.027606 -0.000048 0.024810 0.250000 -0.138087
2.021863 1.010842 0.014445 0.250000 -0.207015
2.011044 2.011044 0.001778 0.250000 -0.199488
2.003983 3.006357 -0.001491 0.250000 -0.083175
2.001185 4.003084 -0.000700 0.250000 -0.011261
3.000140 -5.000292 -0.000077 0.250000 0.016710
3.000773 -4.000954 -0.000699 0.250000 0.013817
3.002653 -3.002397 -0.001206 0.250000 -0.015977
3.006412 -2.003980 -0.001379 0.250000 -0.083174
3.011306 -1.003603 -0.000491 0.250000 -0.154075
3.013805 -0.000044 0.000373 0.250000 -0.180586
3.011292 1.003534 -0.000537 0.250000 -0.153147
3.006357 2.003983 -0.001491 0.250000 -0.083175
3.002575 3.002575 -0.001286 0.250000 -0.019911
3.000851 4.001412 -0.000372 0.250000 0.005592
4.000113 -5.000045 0.000295 0.250000 0.012680
4.000496 -4.000262 -0.000097 0.250000 0.014857
4.001490 -3.000730 -0.000358 0.250000 0.008745
4.003139 -2.001161 -0.000635 0.250000 -0.010749
4.004959 -1.000983 -0.000854 0.250000 -0.035980
4.005799 -0.000017 -0.000932 0.250000 -0.047814
4.004943 1.000961 -0.000883 0.250000 -0.035619
4.003084 2.001185 -0.000700 0.250000 -0.011261
4.001412 3.000851 -0.000372 0.250000 0.005592
4.000548 4.000548 0.000210 0.250000 0.009248
-4.999795 -4.999795 1.000375 0.250000 0.005498
-5.000243 -5.000243 2.000697 0.250000 0.002272
-4.999891 -3.999921 1.000284 0.250000 0.007767
-5.000587 -4.000508 2.000828 0.250000 0.003975
-5.000200 -3.000097 1.000469 0.250000 0.010241
-5.001150 -3.000709 2.001231 0.250000 0.006463
-5.000660 -2.000214 1.000745 0.250000 0.011551
-5.001826 -2.000710 2.001754 0.250000 0.008955
-5.001109 -1.000179 1.000984 0.250000 0.011943
-5.002403 -1.000432 2.002200 0.250000 0.010953
-5.001297 0.000014 1.001071 0.250000 0.012291
-5.002624 0.000066 2.002365 0.250000 0.011967
-5.001082 1.000211 1.000948 0.250000 0.012784
-5.002363 1.000562 2.002158 0.250000 0.011482
-5.000597 2.000252 1.000665 0.250000 0.012049
-5.001749 2.000826 2.001676 0.250000 0.009047
-5.000122 3.000127 1.000399 0.250000 0.008667
-5.001067 3.000783 2.001173 0.250000 0.004821
-4.999915 3.999989 1.000455 0.250000 0.004318
-5.000577 4.000549 2.000936 0.250000 0.000533
-3.999921 -4.999891 1.000284 0.250000 0.007767
-4.000508 -5.000587 2.000828 0.250000 0.003975
-4.000184 -4.000184 1.000358 0.250000 0.012668
-4.001097 -4.001097 2.001298 0.250000 0.008842
-4.000890 -3.000635 1.000901 0.250000 0.016679
-4.002081 -3.001545 2.002285 0.250000 0.015217
-4.002064 -2.000981 1.001670 0.250000 0.016288
-4.003367 -2.001632 2.003571 0.250000 0.021214
-4.003368 -1.000806 1.002409 0.250000 0.012703
-4.004569 -1.001072 2.004734 0.250000 0.025593
-4.003969 0.000005 1.002718 0.250000 0.011087
-4.005067 0.000078 2.005198 0.250000 0.027571
-4.003340 1.000826 1.002347 0.250000 0.014092
-4.004525 1.001230 2.004661 0.250000 0.026409
-4.001995 2.001021 1.001522 0.250000 0.017250
-4.003280 2.001784 2.003423 0.250000 0.021371
-4.000796 3.000689 1.000722 0.250000 0.014314
-4.001979 3.001653 2.002125 0.250000 0.012646
-4.000208 4.000318 1.000473 0.250000 0.006915
-4.001064 4.001163 2.001330 0.250000 0.003320
-3.000097 -5.000200 1.000469 0.250000 0.010240
-3.000709 -5.001150 2.001231 0.250000 0.006463
-3.000635 -4.000890 1.000901 0.250000 0.016679
-3.001545 -4.002081 2.002285 0.250000 0.015217
-3.002099 -3.002099 1.002169 0.250000 0.016739
-3.003061 -3.003061 2.004326 0.250000 0.025655
-3.004955 -2.003289 1.004254 0.250000 0.003154
-3.005303 -2.003492 2.007203 0.250000 0.034715
-3.008647 -1.002886 1.006827 0.250000 -0.014421
-3.007672 -1.002485 2.010109 0.250000 0.041826
-3.010514 0.000010 1.008153 0.250000 -0.020260
-3.008743 0.000098 2.011387 0.250000 0.045451
-3.008620 1.002923 1.006745 0.250000 -0.012639
-3.007629 1.002688 2.010006 0.250000 0.042789
-3.004885 2.003369 1.004050 0.250000 0.004306
-3.005217 2.003702 2.006986 0.250000 0.034651
-3.002001 3.002233 1.001889 0.250000 0.013215
-3.002955 3.003235 2.004058 0.250000 0.021685
-3.000655 4.001160 1.000928 0.250000 0.007975
-3.001501 4.002211 2.002212 0.250000 0.006948
-2.000214 -5.000660 1.000745 0.250000 0.011550
-2.000710 -5.001826 2.001754 0.250000 0.008955
-2.000981 -4.002064 1.001670 0.250000 0.016288
-2.001632 -4.003367 2.003571 0.250000 0.021214
-2.003289 -3.004955 1.004254 0.250000 0.003155
-2.003492 -3.005303 2.007203 0.250000 0.034715
-2.008656 -2.008656 1.009936 0.250000 -0.028593
-2.006662 -2.006662 2.013009 0.250000 0.048606
-2.016710 -1.008396 1.019555 0.250000 -0.024445
-2.010490 -1.005190 2.019804 0.250000 0.069211
-2.021155 0.000019 1.025430 0.250000 0.000854
-2.012377 0.000118 2.023129 0.250000 0.083288
-2.016687 1.008459 1.019454 0.250000 -0.022447
-2.010455 1.005440 2.019674 0.250000 0.070170
-2.008595 2.008787 1.009683 0.250000 -0.027599
-2.006590 2.006934 2.012730 0.250000 0.048045
-2.003203 3.005191 1.003885 0.250000 -0.001914
-2.003402 3.005555 2.006834 0.250000 0.029009
-2.000992 4.002503 1.001622 0.250000 0.004412
-2.001590 4.003577 2.003397 0.250000 0.009892
-1.000179 -5.001109 1.000984 0.250000 0.011943
-1.000432 -5.002403 2.002200 0.250000 0.010952
-1.000806 -4.003368 1.002409 0.250000 0.012703
-1.001072 -4.004569 2.004734 0.250000 0.025593
-1.002886 -3.008647 1.006827 0.250000 -0.014421
-1.002485 -3.007672 2.010109 0.250000 0.041825
-1.008396 -2.016710 1.019555 0.250000 -0.024445
-1.005190 -2.010490 2.019804 0.250000 0.069211
-1.017466 -1.017466 1.045820 0.250000 0.145156
-1.008819 -1.008819 2.032705 0.250000 0.131330
-1.022416 0.000029 1.063231 0.250000 0.312596
-1.010725 0.000134 2.039554 0.250000 0.176480
-1.017452 1.017553 1.045703 0.250000 0.147241
-1.008799 1.009105 2.032555 0.250000 0.132195
-1.008360 2.016883 1.019263 0.250000 -0.023795
-1.005149 2.010810 2.019480 0.250000 0.068087
-1.002833 3.008966 1.006395 0.250000 -0.020987
-1.002431 3.007984 2.009668 0.250000 0.034539
-1.000805 4.003949 1.002312 0.250000 -0.001891
-1.001042 4.004846 2.004487 0.250000 0.011664
0.000014 -5.001297 1.001071 0.250000 0.012291
0.000066 -5.002624 2.002365 0.250000 0.011968
0.000005 -4.003969 1.002718 0.250000 0.011087
0.000078 -4.005067 2.005198 0.250000 0.027571
0.000010 -3.010514 1.008153 0.250000 -0.020260
0.000098 -3.008743 2.011387 0.250000 0.045452
0.000019 -2.021155 1.025430 0.250000 0.000855
0.000118 -2.012377 2.023129 0.250000 0.083288
0.000029 -1.022416 1.063231 0.250000 0.312596
0.000134 -1.010725 2.039554 0.250000 0.176481
0.000033 0.000033 1.087948 0.250000 0.579217
0.000139 0.000139 2.048540 0.250000 0.244923
0.000028 1.022513 1.063107 0.250000 0.314653
0.000133 1.011023 2.039397 0.250000 0.177241
0.000018 2.021345 1.025123 0.250000 0.001225
0.000117 2.012713 2.022789 0.250000 0.081812
0.000012 3.010866 1.007697 0.250000 -0.027626
0.000098 3.009077 2.010921 0.250000 0.037363
0.000023 4.004603 1.002607 0.250000 -0.004827
0.000085 4.005368 2.004929 0.250000 0.012409
1.000211 -5.001082 1.000948 0.250000 0.012784
1.000562 -5.002363 2.002158 0.250000 0.011483
1.000826 -4.003340 1.002347 0.250000 0.014092
1.001230 -4.004525 2.004661 0.250000 0.026409
1.002923 -3.008620 1.006745 0.250000 -0.012639
1.002688 -3.007629 2.010006 0.250000 0.042789
1.008459 -2.016687 1.019454 0.250000 -0.022447
1.005440 -2.010455 2.019674 0.250000 0.070170
1.017553 -1.017452 1.045703 0.250000 0.147241
1.009105 -1.008799 2.032555 0.250000 0.132196
1.022513 0.000028 1.063107 0.250000 0.314655
1.011023 0.000133 2.039397 0.250000 0.177241
1.017537 1.017537 1.045586 0.250000 0.149154
1.009083 1.009083 2.032407 0.250000 0.132881
1.008420 2.016857 1.019163 0.250000 -0.022155
1.005395 2.010771 2.019354 0.250000 0.068691
1.002873 3.008935 1.006317 0.250000 -0.019773
1.002635 3.007936 2.009573 0.250000 0.034989
1.000859 4.003914 1.002264 0.250000 -0.001233
1.001214 4.004797 2.004430 0.250000 0.011872
2.000252 -5.000597 1.000665 0.250000 0.012049
2.000826 -5.001749 2.001676 0.250000 0.009046
2.001021 -4.001995 1.001522 0.250000 0.017250
2.001784 -4.003280 2.003423 0.250000 0.021371
2.003369 -3.004885 1.004050 0.250000 0.004306
2.003702 -3.005217 2.006986 0.250000 0.034651
2.008787 -2.008595 1.009683 0.250000 -0.027599
2.006934 -2.006590 2.012730 0.250000 0.048045
2.016883 -1.008360 1.019263 0.250000 -0.023795
2.010810 -1.005149 2.019480 0.250000 0.068088
2.021345 0.000018 1.025123 0.250000 0.001225
2.012713 0.000117 2.022789 0.250000 0.081813
2.016857 1.008420 1.019163 0.250000 -0.022155
2.010771 1.005395 2.019354 0.250000 0.068691
2.008721 2.008721 1.009433 0.250000 -0.027336
2.006856 2.006856 2.012461 0.250000 0.046800
2.003282 3.005111 1.003697 0.250000 -0.001822
2.003608 3.005460 2.006640 0.250000 0.028018
2.001064 4.002422 1.001514 0.250000 0.004187
2.001752 4.003484 2.003287 0.250000 0.009051
3.000127 -5.000122 1.000399 0.250000 0.008667
3.000783 -5.001067 2.001173 0.250000 0.004822
3.000689 -4.000796 1.000722 0.250000 0.014314
3.001653 -4.001979 2.002125 0.250000 0.012646
3.002233 -3.002001 1.001889 0.250000 0.013215
3.003235 -3.002955 2.004058 0.250000 0.021685
3.005191 -2.003203 1.003885 0.250000 -0.001915
3.005555 -2.003402 2.006834 0.250000 0.029009
3.008966 -1.002833 1.006395 0.250000 -0.020987
3.007984 -1.002431 2.009668 0.250000 0.034539
3.010866 0.000012 1.007697 0.250000 -0.027626
3.009077 0.000098 2.010921 0.250000 0.037362
3.008935 1.002873 1.006317 0.250000 -0.019773
3.007936 1.002635 2.009573 0.250000 0.034989
3.005111 2.003282 1.003697 0.250000 -0.001823
3.005460 2.003608 2.006640 0.250000 0.028018
3.002129 3.002129 1.001648 0.250000 0.008419
3.003124 3.003124 2.003831 0.250000 0.016613
3.000736 4.001062 1.000824 0.250000 0.004588
3.001621 4.002110 2.002114 0.250000 0.003403
3.999989 -4.999915 1.000455 0.250000 0.004319
4.000549 -5.000577 2.000936 0.250000 0.000533
4.000318 -4.000208 1.000473 0.250000 0.006915
4.001163 -4.001064 2.001330 0.250000 0.003320
4.001160 -3.000655 1.000928 0.250000 0.007975
4.002211 -3.001501 2.002212 0.250000 0.006948
4.002503 -2.000992 1.001622 0.250000 0.004412
4.003577 -2.001590 2.003397 0.250000 0.009891
4.003949 -1.000805 1.002312 0.250000 -0.001891
4.004846 -1.001042 2.004487 0.250000 0.011664
4.004603 0.000023 1.002607 0.250000 -0.004827
4.005368 0.000085 2.004929 0.250000 0.012409
4.003914 1.000859 1.002264 0.250000 -0.001233
4.004797 1.001214 2.004430 0.250000 0.011872
4.002422 2.001064 1.001514 0.250000 0.004187
4.003484 2.001752 2.003287 0.250000 0.009050
4.001062 3.000736 1.000824 0.250000 0.004588
4.002110 3.001621 2.002114 0.250000 0.003402
4.000362 4.000362 1.000658 0.250000 0.000657
4.001152 4.001152 2.001428 0.250000 -0.002823
0.000000 0.000000 -1.000000 0.250000 0.000000
