-4.999772 -4.999772 0.000435 0.250000 0.010914
-4.999791 -3.999779 0.000206 0.250000 0.015326
-5.000004 -2.999903 0.000139 0.250000 0.020306
-5.000407 -2.000067 0.000051 0.250000 0.023049
-5.000865 -1.000128 -0.000067 0.250000 0.023277
-5.001079 -0.000036 -0.000127 0.250000 0.023211
-5.000869 1.000061 -0.000083 0.250000 0.024291
-5.000390 2.000021 0.000004 0.250000 0.024383
-4.999953 2.999907 0.000121 0.250000 0.021011
-4.999798 3.999879 0.000446 0.250000 0.015868
-3.999779 -4.999791 0.000206 0.250000 0.015326
-3.999952 -3.999952 -0.000149 0.250000 0.021581
-4.000643 -3.000425 -0.000414 0.250000 0.023904
-4.002013 -2.000951 -0.000840 0.250000 0.014537
-4.003680 -1.000907 -0.001290 0.250000 -0.003040
-4.004489 -0.000058 -0.001480 0.250000 -0.011917
-4.003687 1.000797 -0.001315 0.250000 -0.001470
-4.001991 2.000872 -0.000922 0.250000 0.016650
-4.000578 3.000441 -0.000491 0.250000 0.024855
-3.999970 4.000144 0.000096 0.250000 0.021577
-2.999903 -5.000004 0.000139 0.250000 0.020306
-3.000425 -4.000643 -0.000414 0.250000 0.023904
-3.002207 -3.002207 -0.001121 0.250000 0.005505
-3.006101 -2.004065 -0.001901 0.250000 -0.052891
-3.011413 -1.003845 -0.001712 0.250000 -0.123315
-3.014179 -0.000066 -0.001119 0.250000 -0.151419
-3.011417 1.003722 -0.001741 0.250000 -0.121299
-3.006071 2.003994 -0.001999 0.250000 -0.050130
-3.002129 3.002296 -0.001232 0.250000 0.006631
-3.000444 4.001017 -0.000184 0.250000 0.022905
-2.000067 -5.000407 0.000051 0.250000 0.023049
-2.000951 -4.002013 -0.000840 0.250000 0.014537
-2.004065 -3.006101 -0.001901 0.250000 -0.052890
-2.011919 -2.011919 0.000145 0.250000 -0.180940
-2.024224 -1.012175 0.012498 0.250000 -0.217459
-2.030815 -0.000071 0.023421 0.250000 -0.164909
-2.024224 1.012046 0.012468 0.250000 -0.215073
-2.011886 2.011871 0.000036 0.250000 -0.177768
-2.003989 3.006296 -0.002030 0.250000 -0.051822
-2.000960 4.002618 -0.000605 0.250000 0.012378
-1.000128 -5.000865 -0.000067 0.250000 0.023277
-1.000907 -4.003680 -0.001290 0.250000 -0.003040
-1.003845 -3.011413 -0.001712 0.250000 -0.123315
-1.012175 -2.024224 0.012498 0.250000 -0.217459
-1.023024 -1.023024 0.069881 0.250000 0.222085
-1.029630 -0.000074 0.105066 0.250000 0.543489
-1.023022 1.022895 0.069846 0.250000 0.224905
-1.012152 2.024198 0.012375 0.250000 -0.214026
-1.003797 3.011702 -0.001853 0.250000 -0.122463
-1.000903 4.004486 -0.001041 0.250000 -0.006301
-0.000036 -5.001079 -0.000127 0.250000 0.023211
-0.000058 -4.004489 -0.001480 0.250000 -0.011917
-0.000066 -3.014179 -0.001119 0.250000 -0.151420
-0.000071 -2.030815 0.023421 0.250000 -0.164909
-0.000074 -1.029630 0.105066 0.250000 0.543490
-0.000074 -0.000074 0.158639 0.250000 1.070263
-0.000074 1.029501 0.105027 0.250000 0.546504
-0.000073 2.030799 0.023288 0.250000 -0.161400
-0.000067 3.014506 -0.001265 0.250000 -0.150769
-0.000041 4.005373 -0.001224 0.250000 -0.015788
1.000061 -5.000869 -0.000083 0.250000 0.024291
1.000797 -4.003687 -0.001315 0.250000 -0.001470
1.003722 -3.011417 -0.001741 0.250000 -0.121299
1.012046 -2.024224 0.012468 0.250000 -0.215074
1.022895 -1.023022 0.069846 0.250000 0.224904
1.029501 -0.000074 0.105027 0.250000 0.546504
1.022893 1.022893 0.069810 0.250000 0.227679
1.012021 2.024198 0.012341 0.250000 -0.211777
1.003675 3.011704 -0.001885 0.250000 -0.120763
1.000832 4.004486 -0.001062 0.250000 -0.005232
2.000021 -5.000390 0.000004 0.250000 0.024383
2.000872 -4.001991 -0.000922 0.250000 0.016650
2.003994 -3.006071 -0.001999 0.250000 -0.050130
2.011871 -2.011886 0.000036 0.250000 -0.177768
2.024198 -1.012152 0.012375 0.250000 -0.214026
2.030799 -0.000073 0.023288 0.250000 -0.161401
2.024198 1.012021 0.012341 0.250000 -0.211778
2.011836 2.011836 -0.000080 0.250000 -0.174955
2.003922 3.006262 -0.002130 0.250000 -0.049727
2.000923 4.002586 -0.000665 0.250000 0.013625
2.999907 -4.999953 0.000121 0.250000 0.021011
3.000441 -4.000578 -0.000491 0.250000 0.024855
3.002296 -3.002129 -0.001232 0.250000 0.006631
3.006296 -2.003989 -0.002030 0.250000 -0.051821
3.011702 -1.003797 -0.001853 0.250000 -0.122463
3.014506 -0.000067 -0.001265 0.250000 -0.150769
3.011704 1.003675 -0.001885 0.250000 -0.120763
3.006262 2.003922 -0.002130 0.250000 -0.049728
3.002220 3.002220 -0.001326 0.250000 0.006855
3.000494 4.000947 -0.000210 0.250000 0.023017
3.999879 -4.999798 0.000446 0.250000 0.015868
4.000144 -3.999970 0.000096 0.250000 0.021577
4.001017 -3.000444 -0.000184 0.250000 0.022905
4.002618 -2.000960 -0.000605 0.250000 0.012378
4.004486 -1.000903 -0.001041 0.250000 -0.006300
4.005373 -0.000041 -0.001224 0.250000 -0.015788
4.004486 1.000832 -0.001062 0.250000 -0.005232
4.002586 2.000923 -0.000665 0.250000 0.013626
4.000947 3.000494 -0.000210 0.250000 0.023017
4.000178 4.000178 0.000375 0.250000 0.020817
-4.999620 -4.999620 1.000432 0.250000 0.005095
-5.000118 -5.000118 2.000723 0.250000 0.002312
-4.999624 -3.999720 1.000359 0.250000 0.006592
-5.000425 -4.000385 2.000867 0.250000 0.003130
-4.999808 -2.999886 1.000575 0.250000 0.009919
-5.000943 -3.000598 2.001296 0.250000 0.005769
-5.000134 -2.000034 1.000878 0.250000 0.013555
-5.001576 -2.000627 2.001851 0.250000 0.009468
-5.000485 -1.000081 1.001134 0.250000 0.016461
-5.002124 -1.000396 2.002326 0.250000 0.012970
-5.000641 -0.000006 1.001233 0.250000 0.018070
-5.002337 0.000045 2.002507 0.250000 0.014930
-5.000472 1.000073 1.001112 0.250000 0.018087
-5.002091 1.000486 2.002295 0.250000 0.014553
-5.000089 2.000031 1.000814 0.250000 0.015939
-5.001507 2.000709 2.001788 0.250000 0.011856
-4.999735 2.999871 1.000509 0.250000 0.011673
-5.000859 3.000640 2.001243 0.250000 0.007782
-4.999630 3.999735 1.000523 0.250000 0.007731
-5.000399 4.000390 2.000968 0.250000 0.004291
-3.999720 -4.999624 1.000359 0.250000 0.006592
-4.000385 -5.000425 2.000867 0.250000 0.003131
-3.999866 -3.999866 1.000482 0.250000 0.011261
-4.000937 -4.000937 2.001382 0.250000 0.007121
-4.000407 -3.000293 1.001083 0.250000 0.018310
-4.001873 -3.001398 2.002438 0.250000 0.014550
-4.001415 -2.000688 1.001878 0.250000 0.023214
-4.003111 -2.001521 2.003799 0.250000 0.023136
-4.002613 -1.000647 1.002606 0.250000 0.024231
-4.004283 -1.001021 2.005020 0.250000 0.030058
-4.003187 -0.000016 1.002910 0.250000 0.024544
-4.004774 0.000055 2.005511 0.250000 0.033393
-4.002599 1.000624 1.002564 0.250000 0.026611
-4.004245 1.001136 2.004963 0.250000 0.032254
-4.001362 2.000681 1.001755 0.250000 0.026669
-4.003030 2.001636 2.003671 0.250000 0.026369
-4.000314 3.000292 1.000907 0.250000 0.020532
-4.001765 3.001472 2.002282 0.250000 0.016978
-3.999864 3.999936 1.000577 0.250000 0.011949
-4.000881 4.000964 2.001395 0.250000 0.007968
-2.999886 -4.999808 1.000575 0.250000 0.009919
-3.000598 -5.000943 2.001296 0.250000 0.005769
-3.000293 -4.000407 1.001083 0.250000 0.018310
-3.001398 -4.001873 2.002438 0.250000 0.014551
-3.001594 -3.001594 1.002388 0.250000 0.024871
-3.002870 -3.002870 2.004598 0.250000 0.027590
-3.004373 -2.002925 1.004371 0.250000 0.017867
-3.005084 -2.003358 2.007583 0.250000 0.039881
-3.008165 -1.002760 1.006777 0.250000 0.002056
-3.007465 -1.002437 2.010567 0.250000 0.048440
-3.010135 -0.000014 1.008042 0.250000 -0.004078
-3.008557 0.000072 2.011883 0.250000 0.052577
-3.008150 1.002747 1.006720 0.250000 0.005056
-3.007427 1.002592 2.010483 0.250000 0.051124
-3.004316 2.002950 1.004198 0.250000 0.022134
-3.005000 2.003529 2.007388 0.250000 0.043681
-3.001491 3.001667 1.002106 0.250000 0.027146
-3.002753 3.003012 2.004327 0.250000 0.029934
-3.000283 4.000613 1.001070 0.250000 0.017717
-3.001327 4.001966 2.002329 0.250000 0.014312
-2.000034 -5.000134 1.000878 0.250000 0.013555
-2.000627 -5.001576 2.001851 0.250000 0.009468
-2.000688 -4.001415 1.001878 0.250000 0.023214
-2.001521 -4.003111 2.003799 0.250000 0.023137
-2.002925 -3.004373 1.004371 0.250000 0.017866
-2.003358 -3.005084 2.007583 0.250000 0.039881
-2.008558 -2.008558 1.009720 0.250000 -0.015781
-2.006574 -2.006574 2.013523 0.250000 0.053479
-2.017371 -1.008764 1.019287 0.250000 -0.027344
-2.010563 -1.005243 2.020486 0.250000 0.067931
-2.022321 -0.000009 1.025357 0.250000 -0.012084
-2.012561 0.000090 2.023930 0.250000 0.078313
-2.017356 1.008768 1.019215 0.250000 -0.023897
-2.010530 1.005441 2.020377 0.250000 0.070924
-2.008505 2.008626 1.009499 0.250000 -0.011105
-2.006501 2.006807 2.013264 0.250000 0.057472
-2.002830 3.004545 1.003992 0.250000 0.019609
-2.003255 3.005308 2.007200 0.250000 0.041591
-2.000673 4.001799 1.001765 0.250000 0.020724
-2.001454 4.003292 2.003565 0.250000 0.021167
-1.000081 -5.000485 1.001134 0.250000 0.016461
-1.000396 -5.002124 2.002326 0.250000 0.012970
-1.000647 -4.002613 1.002606 0.250000 0.024231
-1.001021 -4.004283 2.005020 0.250000 0.030058
-1.002760 -3.008165 1.006777 0.250000 0.002056
-1.002437 -3.007465 2.010567 0.250000 0.048439
-1.008764 -2.017371 1.019287 0.250000 -0.027343
-1.005243 -2.010563 2.020486 0.250000 0.067931
-1.018960 -1.018960 1.046991 0.250000 0.097521
-1.009126 -1.009126 2.033897 0.250000 0.111053
-1.024580 -0.000003 1.065930 0.250000 0.239354
-1.011200 0.000104 2.041137 0.250000 0.145766
-1.018949 1.018980 1.046905 0.250000 0.101264
-1.009106 1.009358 2.033769 0.250000 0.114184
-1.008731 2.017477 1.019027 0.250000 -0.022565
-1.005199 2.010844 2.020180 0.250000 0.071851
-1.002701 3.008423 1.006322 0.250000 0.003002
-1.002375 3.007755 2.010099 0.250000 0.049312
-1.000632 4.003152 1.002421 0.250000 0.019818
-1.000977 4.004537 2.004692 0.250000 0.026326
-0.000006 -5.000641 1.001233 0.250000 0.018070
0.000045 -5.002337 2.002507 0.250000 0.014930
-0.000016 -4.003187 1.002910 0.250000 0.024543
0.000055 -4.004774 2.005511 0.250000 0.033394
-0.000014 -3.010135 1.008042 0.250000 -0.004078
0.000072 -3.008557 2.011883 0.250000 0.052577
-0.000009 -2.022321 1.025357 0.250000 -0.012086
0.000090 -2.012561 2.023930 0.250000 0.078312
-0.000003 -1.024580 1.065930 0.250000 0.239352
0.000104 -1.011200 2.041137 0.250000 0.145766
0.000000 0.000000 1.093119 0.250000 0.471797
0.000109 0.000109 2.050728 0.250000 0.200397
-0.000003 1.024610 1.065838 0.250000 0.243187
0.000104 1.011445 2.041001 0.250000 0.148890
-0.000010 2.022442 1.025080 0.250000 -0.007375
0.000090 2.012860 2.023605 0.250000 0.082077
-0.000014 3.010426 1.007557 0.250000 -0.003639
0.000073 3.008871 2.011384 0.250000 0.052926
-0.000002 4.003786 1.002699 0.250000 0.019117
0.000062 4.005056 2.005150 0.250000 0.028726
1.000073 -5.000472 1.001112 0.250000 0.018087
1.000486 -5.002091 2.002295 0.250000 0.014553
1.000624 -4.002599 1.002564 0.250000 0.026610
1.001136 -4.004245 2.004963 0.250000 0.032254
1.002747 -3.008150 1.006720 0.250000 0.005057
1.002592 -3.007427 2.010483 0.250000 0.051123
1.008768 -2.017356 1.019215 0.250000 -0.023898
1.005441 -2.010530 2.020377 0.250000 0.070924
1.018980 -1.018949 1.046905 0.250000 0.101264
1.009358 -1.009106 2.033769 0.250000 0.114184
1.024610 -0.000003 1.065838 0.250000 0.243186
1.011445 0.000104 2.041001 0.250000 0.148890
1.018970 1.018970 1.046818 0.250000 0.104896
1.009338 1.009338 2.033641 0.250000 0.117162
1.008733 2.017461 1.018953 0.250000 -0.019380
1.005397 2.010809 2.020072 0.250000 0.074528
1.002689 3.008404 1.006264 0.250000 0.005542
1.002532 3.007713 2.010020 0.250000 0.051511
1.000637 4.003131 1.002387 0.250000 0.021552
1.001106 4.004495 2.004644 0.250000 0.027908
2.000031 -5.000089 1.000814 0.250000 0.015938
2.000709 -5.001507 2.001788 0.250000 0.011857
2.000681 -4.001362 1.001755 0.250000 0.026668
2.001636 -4.003030 2.003671 0.250000 0.026369
2.002950 -3.004316 1.004198 0.250000 0.022133
2.003529 -3.005000 2.007388 0.250000 0.043681
2.008626 -2.008505 1.009499 0.250000 -0.011105
2.006807 -2.006501 2.013264 0.250000 0.057473
2.017477 -1.008731 1.019027 0.250000 -0.022566
2.010844 -1.005199 2.020180 0.250000 0.071851
2.022442 -0.000010 1.025080 0.250000 -0.007375
2.012860 0.000090 2.023605 0.250000 0.082076
2.017461 1.008733 1.018953 0.250000 -0.019381
2.010809 1.005397 2.020072 0.250000 0.074528
2.008570 2.008570 1.009275 0.250000 -0.007007
2.006730 2.006730 2.013010 0.250000 0.060821
2.002854 3.004480 1.003824 0.250000 0.022941
2.003425 3.005217 2.007018 0.250000 0.044445
2.000696 4.001734 1.001670 0.250000 0.023012
2.001580 4.003204 2.003464 0.250000 0.023280
2.999871 -4.999735 1.000509 0.250000 0.011673
3.000640 -5.000859 2.001243 0.250000 0.007782
3.000292 -4.000314 1.000907 0.250000 0.020532
3.001472 -4.001765 2.002282 0.250000 0.016978
3.001667 -3.001491 1.002106 0.250000 0.027146
3.003012 -3.002753 2.004327 0.250000 0.029934
3.004545 -2.002830 1.003992 0.250000 0.019608
3.005308 -2.003255 2.007200 0.250000 0.041591
3.008423 -1.002701 1.006322 0.250000 0.003001
3.007755 -1.002375 2.010099 0.250000 0.049312
3.010426 -0.000014 1.007557 0.250000 -0.003639
3.008871 0.000073 2.011384 0.250000 0.052925
3.008404 1.002689 1.006264 0.250000 0.005541
3.007713 1.002532 2.010020 0.250000 0.051511
3.004480 2.002854 1.003824 0.250000 0.022941
3.005217 2.003425 2.007018 0.250000 0.044444
3.001559 3.001559 1.001851 0.250000 0.028131
3.002892 3.002892 2.004085 0.250000 0.030997
3.000311 4.000516 1.000957 0.250000 0.018634
3.001415 4.001859 2.002222 0.250000 0.015368
3.999735 -4.999630 1.000523 0.250000 0.007732
4.000390 -5.000399 2.000968 0.250000 0.004291
3.999936 -3.999864 1.000577 0.250000 0.011949
4.000964 -4.000881 2.001395 0.250000 0.007968
4.000613 -3.000283 1.001070 0.250000 0.017717
4.001966 -3.001327 2.002329 0.250000 0.014312
4.001799 -2.000673 1.001765 0.250000 0.020724
4.003292 -2.001454 2.003565 0.250000 0.021167
4.003152 -1.000632 1.002421 0.250000 0.019818
4.004537 -1.000977 2.004692 0.250000 0.026326
4.003786 -0.000002 1.002699 0.250000 0.019117
4.005056 0.000062 2.005150 0.250000 0.028726
4.003131 1.000637 1.002387 0.250000 0.021552
4.004495 1.001106 2.004644 0.250000 0.027909
4.001734 2.000696 1.001670 0.250000 0.023012
4.003204 2.001580 2.003464 0.250000 0.023280
4.000516 3.000311 1.000957 0.250000 0.018634
4.001859 3.001415 2.002222 0.250000 0.015369
3.999959 3.999959 1.000732 0.250000 0.011397
4.000931 4.000931 2.001463 0.250000 0.007454
0.000000 0.000000 -1.000000 0.250000 0.000000
