-5.000517 -5.000517 0.000665 0.250000 -0.076750
-5.000808 -4.000585 0.000430 0.250000 -0.091201
-5.001287 -3.000648 0.000467 0.250000 -0.106857
-5.001869 -2.000604 0.000649 0.250000 -0.124227
-5.002375 -1.000360 0.000842 0.250000 -0.139142
-5.002575 0.000061 0.000932 0.250000 -0.146235
-5.002352 1.000490 0.000870 0.250000 -0.143340
-5.001828 2.000755 0.000729 0.250000 -0.132826
-5.001257 3.000837 0.000694 0.250000 -0.118297
-5.000861 4.000836 0.000971 0.250000 -0.099994
-4.000585 -5.000808 0.000430 0.250000 -0.091201
-4.001023 -4.001023 0.000174 0.250000 -0.114099
-4.001834 -3.001285 0.000382 0.250000 -0.142148
-4.002974 -2.001362 0.000922 0.250000 -0.174285
-4.004109 -1.000923 0.001547 0.250000 -0.200731
-4.004603 0.000058 0.001844 0.250000 -0.212224
-4.004085 1.001051 0.001567 0.250000 -0.206277
-4.002929 2.001529 0.000991 0.250000 -0.185926
-4.001803 3.001527 0.000631 0.250000 -0.158159
-4.001093 4.001366 0.000851 0.250000 -0.126760
-3.000648 -5.001287 0.000467 0.250000 -0.106858
-3.001285 -4.001834 0.000382 0.250000 -0.142148
-3.002628 -3.002628 0.001155 0.250000 -0.187554
-3.004884 -2.003192 0.002965 0.250000 -0.230720
-3.007559 -1.002447 0.005491 0.250000 -0.245273
-3.008867 0.000066 0.006861 0.250000 -0.242316
-3.007535 1.002596 0.005509 0.250000 -0.251748
-3.004841 2.003400 0.003034 0.250000 -0.244427
-3.002599 3.002945 0.001431 0.250000 -0.206630
-3.001357 4.002290 0.001160 0.250000 -0.157476
-2.000604 -5.001869 0.000649 0.250000 -0.124227
-2.001362 -4.002974 0.000922 0.250000 -0.174285
-2.003192 -3.004884 0.002965 0.250000 -0.230720
-2.006953 -2.006953 0.008633 0.250000 -0.220432
-2.012329 -1.006123 0.019154 0.250000 -0.022397
-2.015111 0.000077 0.026097 0.250000 0.155110
-2.012310 1.006301 0.019170 0.250000 -0.029562
-2.006917 2.007207 0.008707 0.250000 -0.235524
-2.003166 3.005282 0.003270 0.250000 -0.251528
-2.001416 4.003547 0.001787 0.250000 -0.190514
-1.000360 -5.002375 0.000842 0.250000 -0.139142
-1.000923 -4.004109 0.001547 0.250000 -0.200731
-1.002447 -3.007559 0.005491 0.250000 -0.245273
-1.006123 -2.012329 0.019154 0.250000 -0.022397
-1.010681 -1.010681 0.051144 0.250000 0.921227
-1.013434 0.000086 0.069344 0.250000 1.499519
-1.010670 1.010880 0.051157 0.250000 0.913445
-1.006103 2.012619 0.019229 0.250000 -0.038458
-1.002429 3.008018 0.005819 0.250000 -0.266913
-1.000945 4.004772 0.002480 0.250000 -0.216788
0.000061 -5.002575 0.000932 0.250000 -0.146234
0.000058 -4.004603 0.001844 0.250000 -0.212224
0.000066 -3.008867 0.006861 0.250000 -0.242316
0.000077 -2.015111 0.026097 0.250000 0.155111
0.000086 -1.013434 0.069344 0.250000 1.499517
0.000090 0.000090 0.096053 0.250000 2.380513
0.000086 1.013640 0.069355 0.250000 1.491490
0.000077 2.015414 0.026172 0.250000 0.138678
0.000071 3.009349 0.007200 0.250000 -0.264063
0.000075 4.005298 0.002807 0.250000 -0.227798
1.000490 -5.002352 0.000870 0.250000 -0.143340
1.001051 -4.004085 0.001567 0.250000 -0.206277
1.002596 -3.007535 0.005509 0.250000 -0.251748
1.006301 -2.012310 0.019170 0.250000 -0.029562
1.010880 -1.010670 0.051157 0.250000 0.913444
1.013640 0.000086 0.069355 0.250000 1.491491
1.010868 1.010868 0.051171 0.250000 0.905780
1.006280 2.012598 0.019249 0.250000 -0.045348
1.002588 3.007993 0.005844 0.250000 -0.272819
1.001105 4.004745 0.002514 0.250000 -0.221241
2.000755 -5.001828 0.000729 0.250000 -0.132826
2.001529 -4.002929 0.000991 0.250000 -0.185927
2.003400 -3.004841 0.003034 0.250000 -0.244428
2.007207 -2.006917 0.008707 0.250000 -0.235523
2.012619 -1.006103 0.019229 0.250000 -0.038457
2.015414 0.000077 0.026172 0.250000 0.138678
2.012598 1.006280 0.019249 0.250000 -0.045348
2.007170 2.007170 0.008788 0.250000 -0.249956
2.003379 3.005235 0.003354 0.250000 -0.263857
2.001607 4.003498 0.001884 0.250000 -0.199574
3.000837 -5.001257 0.000694 0.250000 -0.118298
3.001527 -4.001803 0.000631 0.250000 -0.158159
3.002945 -3.002599 0.001431 0.250000 -0.206630
3.005282 -2.003166 0.003270 0.250000 -0.251529
3.008018 -1.002429 0.005819 0.250000 -0.266913
3.009349 0.000071 0.007200 0.250000 -0.264063
3.007993 1.002588 0.005844 0.250000 -0.272819
3.005235 2.003379 0.003354 0.250000 -0.263857
3.002914 3.002914 0.001728 0.250000 -0.222963
3.001606 4.002253 0.001432 0.250000 -0.169008
4.000836 -5.000861 0.000971 0.250000 -0.099994
4.001366 -4.001093 0.000851 0.250000 -0.126761
4.002290 -3.001357 0.001160 0.250000 -0.157476
4.003547 -2.001416 0.001787 0.250000 -0.190514
4.004772 -1.000945 0.002480 0.250000 -0.216788
4.005298 0.000075 0.002807 0.250000 -0.227798
4.004745 1.001105 0.002514 0.250000 -0.221241
4.003498 2.001607 0.001884 0.250000 -0.199574
4.002253 3.001606 0.001432 0.250000 -0.169008
4.001425 4.001425 0.001497 0.250000 -0.133931
-5.000482 -5.000482 1.000895 0.250000 -0.078876
-5.000696 -5.000696 2.001283 0.250000 -0.076351
-5.000791 -4.000660 1.000827 0.250000 -0.089404
-5.001092 -4.000935 2.001415 0.250000 -0.082994
-5.001318 -3.000804 1.001063 0.250000 -0.098181
-5.001682 -3.001080 2.001808 0.250000 -0.086780
-5.001965 -2.000769 1.001450 0.250000 -0.106846
-5.002361 -2.000986 2.002335 0.250000 -0.089116
-5.002527 -1.000466 1.001809 0.250000 -0.114026
-5.002926 -1.000581 2.002796 0.250000 -0.090799
-5.002748 0.000052 1.001962 0.250000 -0.118123
-5.003145 0.000051 2.002987 0.250000 -0.092788
-5.002507 1.000569 1.001831 0.250000 -0.118764
-5.002915 1.000676 2.002824 0.250000 -0.095656
-5.001938 2.000863 1.001517 0.250000 -0.116487
-5.002353 2.001057 2.002418 0.250000 -0.098535
-5.001322 3.000886 1.001259 0.250000 -0.111263
-5.001711 3.001120 2.002012 0.250000 -0.099023
-5.000902 4.000778 1.001317 0.250000 -0.099931
-5.001206 4.000980 2.001836 0.250000 -0.093631
-4.000660 -5.000791 1.000827 0.250000 -0.089404
-4.000935 -5.001092 2.001415 0.250000 -0.082994
-4.001170 -4.001170 1.000896 0.250000 -0.101504
-4.001552 -4.001552 2.001801 0.250000 -0.087235
-4.002088 -3.001555 1.001514 0.250000 -0.111323
-4.002505 -3.001903 2.002672 0.250000 -0.086022
-4.003341 -2.001633 1.002492 0.250000 -0.120075
-4.003684 -2.001848 2.003853 0.250000 -0.080933
-4.004554 -1.001089 1.003464 0.250000 -0.125615
-4.004739 -1.001158 2.004935 0.250000 -0.074867
-4.005073 0.000053 1.003888 0.250000 -0.128872
-4.005170 0.000059 2.005388 0.250000 -0.073798
-4.004532 1.001196 1.003472 0.250000 -0.132027
-4.004725 1.001268 2.004952 0.250000 -0.081457
-4.003308 2.001738 1.002538 0.250000 -0.133463
-4.003670 2.001930 2.003921 0.250000 -0.093965
-4.002085 3.001655 1.001708 0.250000 -0.130235
-4.002524 3.001946 2.002879 0.250000 -0.103494
-4.001282 4.001330 1.001480 0.250000 -0.117519
-4.001651 4.001601 2.002283 0.250000 -0.103095
-3.000804 -5.001318 1.001063 0.250000 -0.098181
-3.001080 -5.001682 2.001808 0.250000 -0.086780
-3.001555 -4.002088 1.001514 0.250000 -0.111323
-3.001903 -4.002505 2.002672 0.250000 -0.086022
-3.003030 -3.003030 1.002988 0.250000 -0.118851
-3.003266 -3.003266 2.004443 0.250000 -0.073304
-3.005363 -2.003547 1.005472 0.250000 -0.115117
-3.005130 -2.003407 2.006976 0.250000 -0.047304
-3.007978 -1.002615 1.008292 0.250000 -0.095284
-3.006970 -1.002283 2.009493 0.250000 -0.015423
-3.009211 0.000063 1.009642 0.250000 -0.082988
-3.007773 0.000070 2.010597 0.250000 -0.001925
-3.007958 1.002743 1.008291 0.250000 -0.103040
-3.006956 1.002415 2.009500 0.250000 -0.023538
-3.005332 2.003682 1.005503 0.250000 -0.131520
-3.005115 2.003513 2.007029 0.250000 -0.063543
-3.003024 3.003174 1.003181 0.250000 -0.142515
-3.003277 3.003330 2.004646 0.250000 -0.095495
-3.001654 4.002312 1.002157 0.250000 -0.132105
-3.001983 4.002574 2.003192 0.250000 -0.106753
-2.000769 -5.001965 1.001450 0.250000 -0.106846
-2.000986 -5.002361 2.002335 0.250000 -0.089116
-2.001633 -4.003341 1.002492 0.250000 -0.120075
-2.001848 -4.003684 2.003853 0.250000 -0.080933
-2.003547 -3.005363 1.005472 0.250000 -0.115117
-2.003407 -3.005130 2.006976 0.250000 -0.047303
-2.007134 -2.007134 1.011272 0.250000 -0.055021
-2.005796 -2.005796 2.011856 0.250000 0.024938
-2.011867 -1.005905 1.019241 0.250000 0.089975
-2.008429 -1.004177 2.017236 0.250000 0.123865
-2.014337 0.000074 1.023567 0.250000 0.185055
-2.009665 0.000082 2.019768 0.250000 0.173551
-2.011851 1.006060 1.019233 0.250000 0.081173
-2.008418 1.004333 2.017235 0.250000 0.114539
-2.007108 2.007305 1.011293 0.250000 -0.073714
-2.005782 2.005928 2.011896 0.250000 0.006173
-2.003540 3.005560 1.005665 0.250000 -0.142283
-2.003412 3.005221 2.007174 0.250000 -0.073193
-2.001708 4.003639 1.003183 0.250000 -0.144000
-2.001904 4.003780 2.004398 0.250000 -0.105388
-1.000466 -5.002527 1.001809 0.250000 -0.114026
-1.000581 -5.002926 2.002796 0.250000 -0.090799
-1.001089 -4.004554 1.003464 0.250000 -0.125616
-1.001158 -4.004739 2.004935 0.250000 -0.074868
-1.002615 -3.007978 1.008292 0.250000 -0.095284
-1.002283 -3.006970 2.009493 0.250000 -0.015423
-1.005905 -2.011867 1.019241 0.250000 0.089975
-1.004177 -2.008429 2.017236 0.250000 0.123865
-1.010780 -1.010780 1.037096 0.250000 0.542719
-1.006469 -1.006469 2.026620 0.250000 0.333883
-1.013340 0.000083 1.047771 0.250000 0.852012
-1.007611 0.000090 2.031320 0.250000 0.448431
-1.010771 1.010955 1.037083 0.250000 0.533168
-1.006464 1.006644 2.026615 0.250000 0.323775
-1.005891 2.012065 1.019255 0.250000 0.069776
-1.004169 2.008580 2.017269 0.250000 0.103495
-1.002609 3.008215 1.008488 0.250000 -0.124596
-1.002284 3.007081 2.009688 0.250000 -0.043612
-1.001124 4.004910 1.004192 0.250000 -0.151128
-1.001187 4.004858 2.005498 0.250000 -0.101512
0.000052 -5.002748 1.001962 0.250000 -0.118123
0.000051 -5.003145 2.002987 0.250000 -0.092788
0.000053 -4.005073 1.003888 0.250000 -0.128872
0.000059 -4.005170 2.005388 0.250000 -0.073798
0.000063 -3.009211 1.009642 0.250000 -0.082988
0.000070 -3.007773 2.010597 0.250000 -0.001925
0.000074 -2.014337 1.023567 0.250000 0.185055
0.000082 -2.009665 2.019768 0.250000 0.173552
0.000083 -1.013340 1.047771 0.250000 0.852013
0.000090 -1.007611 2.031320 0.250000 0.448431
0.000086 0.000086 1.062293 0.250000 1.297639
0.000093 0.000093 2.037252 0.250000 0.602574
0.000082 1.013522 1.047757 0.250000 0.842206
0.000089 1.007790 2.031313 0.250000 0.438110
0.000073 2.014544 1.023581 0.250000 0.164406
0.000080 2.009822 2.019800 0.250000 0.152768
0.000065 3.009462 1.009841 0.250000 -0.112840
0.000070 3.007891 2.010795 0.250000 -0.030664
0.000064 4.005451 1.004635 0.250000 -0.154534
0.000062 4.005297 2.005961 0.250000 -0.100820
1.000569 -5.002507 1.001831 0.250000 -0.118763
1.000676 -5.002915 2.002824 0.250000 -0.095656
1.001196 -4.004532 1.003472 0.250000 -0.132028
1.001268 -4.004725 2.004952 0.250000 -0.081457
1.002743 -3.007958 1.008291 0.250000 -0.103040
1.002415 -3.006956 2.009500 0.250000 -0.023538
1.006060 -2.011851 1.019233 0.250000 0.081173
1.004333 -2.008418 2.017235 0.250000 0.114539
1.010955 -1.010771 1.037083 0.250000 0.533168
1.006644 -1.006464 2.026615 0.250000 0.323774
1.013522 0.000082 1.047757 0.250000 0.842205
1.007790 0.000089 2.031313 0.250000 0.438110
1.010944 1.010944 1.037073 0.250000 0.523794
1.006635 1.006635 2.026612 0.250000 0.313907
1.006043 2.012047 1.019253 0.250000 0.061369
1.004323 2.008567 2.017275 0.250000 0.094693
1.002741 3.008192 1.008497 0.250000 -0.131614
1.002416 3.007065 2.009705 0.250000 -0.050855
1.001253 4.004887 1.004216 0.250000 -0.156306
1.001303 4.004844 2.005529 0.250000 -0.106854
2.000863 -5.001938 1.001517 0.250000 -0.116487
2.001057 -5.002353 2.002418 0.250000 -0.098535
2.001738 -4.003308 1.002538 0.250000 -0.133464
2.001930 -4.003670 2.003921 0.250000 -0.093965
2.003682 -3.005332 1.005503 0.250000 -0.131521
2.003513 -3.005115 2.007029 0.250000 -0.063544
2.007305 -2.007108 1.011293 0.250000 -0.073715
2.005928 -2.005782 2.011896 0.250000 0.006173
2.012065 -1.005891 1.019255 0.250000 0.069776
2.008580 -1.004169 2.017269 0.250000 0.103495
2.014544 0.000073 1.023581 0.250000 0.164406
2.009822 0.000080 2.019800 0.250000 0.152768
2.012047 1.006043 1.019253 0.250000 0.061369
2.008567 1.004323 2.017275 0.250000 0.094693
2.007276 2.007276 1.011326 0.250000 -0.091492
2.005911 2.005911 2.011950 0.250000 -0.011450
2.003677 3.005524 1.005716 0.250000 -0.156956
2.003518 3.005203 2.007246 0.250000 -0.087516
2.001831 4.003605 1.003259 0.250000 -0.154524
2.001997 4.003768 2.004490 0.250000 -0.115714
3.000886 -5.001322 1.001259 0.250000 -0.111263
3.001120 -5.001711 2.002012 0.250000 -0.099024
3.001655 -4.002085 1.001708 0.250000 -0.130235
3.001946 -4.002524 2.002879 0.250000 -0.103494
3.003174 -3.003024 1.003181 0.250000 -0.142515
3.003330 -3.003277 2.004646 0.250000 -0.095495
3.005560 -2.003540 1.005665 0.250000 -0.142283
3.005221 -2.003412 2.007174 0.250000 -0.073193
3.008215 -1.002609 1.008488 0.250000 -0.124596
3.007081 -1.002284 2.009688 0.250000 -0.043613
3.009462 0.000065 1.009841 0.250000 -0.112841
3.007891 0.000070 2.010795 0.250000 -0.030663
3.008192 1.002741 1.008497 0.250000 -0.131614
3.007065 1.002416 2.009705 0.250000 -0.050855
3.005524 2.003677 1.005716 0.250000 -0.156956
3.005203 2.003518 2.007246 0.250000 -0.087516
3.003168 3.003168 1.003403 0.250000 -0.162983
3.003343 3.003343 2.004874 0.250000 -0.114518
3.001771 4.002312 1.002384 0.250000 -0.146080
3.002042 4.002600 2.003423 0.250000 -0.119926
4.000778 -5.000902 1.001317 0.250000 -0.099931
4.000980 -5.001206 2.001836 0.250000 -0.093632
4.001330 -4.001282 1.001480 0.250000 -0.117519
4.001601 -4.001651 2.002283 0.250000 -0.103094
4.002312 -3.001654 1.002157 0.250000 -0.132105
4.002574 -3.001983 2.003192 0.250000 -0.106753
4.003639 -2.001708 1.003183 0.250000 -0.143999
4.003780 -2.001904 2.004398 0.250000 -0.105389
4.004910 -1.001124 1.004192 0.250000 -0.151129
4.004858 -1.001187 2.005498 0.250000 -0.101512
4.005451 0.000064 1.004635 0.250000 -0.154534
4.005297 0.000062 2.005961 0.250000 -0.100821
4.004887 1.001253 1.004216 0.250000 -0.156306
4.004844 1.001303 2.005529 0.250000 -0.106855
4.003605 2.001831 1.003259 0.250000 -0.154524
4.003768 2.001997 2.004490 0.250000 -0.115714
4.002312 3.001771 1.002384 0.250000 -0.146080
4.002600 3.002042 2.003423 0.250000 -0.119926
4.001452 4.001452 1.002055 0.250000 -0.127396
4.001720 4.001720 2.002766 0.250000 -0.113647
0.000000 0.000000 -1.000000 0.250000 0.000000
