-5.000102 -5.000102 0.000219 0.250000 0.005356
-5.000292 -4.000157 -0.000089 0.250000 0.007572
-5.000720 -3.000283 -0.000204 0.250000 0.005980
-5.001316 -2.000368 -0.000265 0.250000 -0.000628
-5.001883 -1.000276 -0.000315 0.250000 -0.008715
-5.002119 0.000006 -0.000340 0.250000 -0.012534
-5.001861 1.000298 -0.000339 0.250000 -0.009509
-5.001263 2.000422 -0.000310 0.250000 -0.003381
-5.000659 3.000399 -0.000182 0.250000 -0.000143
-5.000332 4.000378 0.000219 0.250000 -0.001117
-4.000157 -5.000292 -0.000089 0.250000 0.007572
-4.000516 -4.000516 -0.000522 0.250000 0.007368
-4.001393 -3.000944 -0.000709 0.250000 -0.004375
-4.002812 -2.001283 -0.000792 0.250000 -0.030282
-4.004353 -1.001016 -0.000776 0.250000 -0.059364
-4.005057 -0.000014 -0.000748 0.250000 -0.072387
-4.004330 1.001004 -0.000819 0.250000 -0.059977
-4.002753 2.001326 -0.000880 0.250000 -0.033337
-4.001325 3.001104 -0.000735 0.250000 -0.012405
-4.000578 4.000857 -0.000171 0.250000 -0.004993
-3.000283 -5.000720 -0.000204 0.250000 0.005979
-3.000944 -4.001393 -0.000709 0.250000 -0.004375
-3.002679 -3.002679 -0.000842 0.250000 -0.044045
-3.005980 -2.003940 -0.000310 0.250000 -0.114886
-3.010176 -1.003373 0.001270 0.250000 -0.179692
-3.012296 -0.000015 0.002382 0.250000 -0.201604
-3.010154 1.003365 0.001217 0.250000 -0.180169
-3.005920 2.004016 -0.000421 0.250000 -0.118176
-3.002608 3.002936 -0.000893 0.250000 -0.053608
-3.001010 4.001914 -0.000331 0.250000 -0.020033
-2.000368 -5.001316 -0.000265 0.250000 -0.000628
-2.001283 -4.002812 -0.000792 0.250000 -0.030282
-2.003940 -3.005980 -0.000310 0.250000 -0.114886
-2.009995 -2.009995 0.004137 0.250000 -0.217797
-2.019083 -1.009554 0.016647 0.250000 -0.184279
-2.023877 -0.000010 0.026162 0.250000 -0.089774
-2.019063 1.009564 0.016587 0.250000 -0.184697
-2.009942 2.010119 0.004012 0.250000 -0.221408
-2.003877 3.006354 -0.000366 0.250000 -0.125720
-2.001331 4.003538 -0.000372 0.250000 -0.048460
-1.000276 -5.001883 -0.000315 0.250000 -0.008715
-1.001016 -4.004353 -0.000776 0.250000 -0.059364
-1.003373 -3.010176 0.001270 0.250000 -0.179693
-1.009554 -2.019083 0.016647 0.250000 -0.184278
-1.017439 -1.017439 0.063714 0.250000 0.432646
-1.022223 -0.000004 0.091630 0.250000 0.849979
-1.017427 1.017468 0.063643 0.250000 0.432227
-1.009521 2.019247 0.016509 0.250000 -0.188285
-1.003331 3.010647 0.001214 0.250000 -0.191532
-1.001030 4.005246 -0.000312 0.250000 -0.079279
0.000006 -5.002119 -0.000340 0.250000 -0.012533
-0.000014 -4.005057 -0.000748 0.250000 -0.072387
-0.000015 -3.012296 0.002382 0.250000 -0.201604
-0.000010 -2.023877 0.026162 0.250000 -0.089774
-0.000004 -1.022223 0.091630 0.250000 0.849979
-0.000000 -0.000000 0.133468 0.250000 1.512641
-0.000004 1.022258 0.091553 0.250000 0.849489
-0.000010 2.024058 0.026015 0.250000 -0.094097
-0.000009 3.012803 0.002327 0.250000 -0.213997
0.000014 4.006013 -0.000262 0.250000 -0.093122
1.000298 -5.001861 -0.000339 0.250000 -0.009509
1.001004 -4.004330 -0.000819 0.250000 -0.059977
1.003365 -3.010154 0.001217 0.250000 -0.180169
1.009564 -2.019063 0.016587 0.250000 -0.184697
1.017468 -1.017427 0.063643 0.250000 0.432225
1.022258 -0.000004 0.091553 0.250000 0.849489
1.017454 1.017454 0.063573 0.250000 0.431651
1.009530 2.019226 0.016449 0.250000 -0.189031
1.003335 3.010621 0.001166 0.250000 -0.192498
1.001072 4.005218 -0.000339 0.250000 -0.080429
2.000422 -5.001263 -0.000310 0.250000 -0.003381
2.001326 -4.002753 -0.000880 0.250000 -0.033337
2.004016 -3.005920 -0.000421 0.250000 -0.118178
2.010119 -2.009942 0.004012 0.250000 -0.221408
2.019247 -1.009521 0.016509 0.250000 -0.188286
2.024058 -0.000010 0.026015 0.250000 -0.094097
2.019226 1.009530 0.016449 0.250000 -0.189031
2.010064 2.010064 0.003890 0.250000 -0.225651
2.003961 3.006288 -0.000462 0.250000 -0.129832
2.001421 4.003471 -0.000419 0.250000 -0.052166
3.000399 -5.000659 -0.000182 0.250000 -0.000144
3.001104 -4.001325 -0.000735 0.250000 -0.012405
3.002936 -3.002608 -0.000893 0.250000 -0.053608
3.006354 -2.003877 -0.000366 0.250000 -0.125720
3.010647 -1.003331 0.001214 0.250000 -0.191532
3.012803 -0.000009 0.002327 0.250000 -0.213997
3.010621 1.003335 0.001166 0.250000 -0.192498
3.006288 2.003961 -0.000462 0.250000 -0.129833
3.002865 3.002865 -0.000906 0.250000 -0.063856
3.001197 4.001840 -0.000293 0.250000 -0.027989
4.000378 -5.000332 0.000219 0.250000 -0.001117
4.000857 -4.000578 -0.000171 0.250000 -0.004994
4.001914 -3.001010 -0.000331 0.250000 -0.020034
4.003538 -2.001331 -0.000372 0.250000 -0.048460
4.005246 -1.001030 -0.000312 0.250000 -0.079279
4.006013 0.000014 -0.000262 0.250000 -0.093122
4.005218 1.001072 -0.000339 0.250000 -0.080429
4.003471 2.001421 -0.000419 0.250000 -0.052166
4.001840 3.001197 -0.000293 0.250000 -0.027989
4.000921 4.000921 0.000217 0.250000 -0.016199
-5.000004 -5.000004 1.000342 0.250000 -0.001259
-5.000382 -5.000382 2.000697 0.250000 -0.004549
-5.000187 -4.000156 1.000229 0.250000 0.000478
-5.000757 -4.000646 2.000810 0.250000 -0.002901
-5.000608 -3.000335 1.000397 0.250000 0.000893
-5.001354 -3.000836 2.001192 0.250000 -0.001342
-5.001179 -2.000411 1.000675 0.250000 -0.001094
-5.002062 -2.000806 2.001697 0.250000 -0.000626
-5.001707 -1.000283 1.000923 0.250000 -0.003885
-5.002661 -1.000479 2.002131 0.250000 -0.000539
-5.001920 0.000034 1.001014 0.250000 -0.005288
-5.002888 0.000078 2.002293 0.250000 -0.000853
-5.001673 1.000355 1.000885 0.250000 -0.004692
-5.002620 1.000631 2.002092 0.250000 -0.001843
-5.001110 2.000485 1.000603 0.250000 -0.004034
-5.001992 2.000937 2.001634 0.250000 -0.004198
-5.000540 3.000401 1.000365 0.250000 -0.005821
-5.001291 3.000921 2.001172 0.250000 -0.008179
-5.000238 4.000264 1.000461 0.250000 -0.008935
-5.000778 4.000707 2.000978 0.250000 -0.012133
-4.000156 -5.000187 1.000229 0.250000 0.000478
-4.000646 -5.000757 2.000810 0.250000 -0.002901
-4.000529 -4.000529 1.000259 0.250000 0.003918
-4.001266 -4.001266 2.001231 0.250000 0.001761
-4.001371 -3.000988 1.000779 0.250000 0.003766
-4.002283 -3.001698 2.002161 0.250000 0.006509
-4.002663 -2.001264 1.001577 0.250000 -0.002128
-4.003592 -2.001745 2.003399 0.250000 0.009986
-4.004023 -1.000949 1.002372 0.250000 -0.009933
-4.004800 -1.001123 2.004528 0.250000 0.012168
-4.004630 0.000028 1.002706 0.250000 -0.013553
-4.005296 0.000091 2.004980 0.250000 0.012674
-4.003988 1.001014 1.002305 0.250000 -0.010703
-4.004757 1.001304 2.004457 0.250000 0.010574
-4.002589 2.001345 1.001439 0.250000 -0.005760
-4.003513 2.001909 2.003270 0.250000 0.005277
-4.001292 3.001082 1.000653 0.250000 -0.005610
-4.002205 3.001814 2.002057 0.250000 -0.003052
-4.000584 4.000704 1.000467 0.250000 -0.010014
-4.001270 4.001349 2.001353 0.250000 -0.011598
-3.000335 -5.000608 1.000397 0.250000 0.000893
-3.000836 -5.001354 2.001192 0.250000 -0.001342
-3.000988 -4.001371 1.000779 0.250000 0.003766
-3.001698 -4.002283 2.002161 0.250000 0.006509
-3.002558 -3.002558 1.002075 0.250000 -0.002339
-3.003231 -3.003231 2.004108 0.250000 0.014874
-3.005396 -2.003567 1.004316 0.250000 -0.019572
-3.005450 -2.003588 2.006902 0.250000 0.022845
-3.008884 -1.002935 1.007060 0.250000 -0.034981
-3.007747 -1.002501 2.009735 0.250000 0.031075
-3.010605 0.000036 1.008438 0.250000 -0.039070
-3.008772 0.000111 2.010976 0.250000 0.034993
-3.008851 1.003022 1.006970 0.250000 -0.035807
-3.007705 1.002726 2.009634 0.250000 0.029102
-3.005325 2.003691 1.004124 0.250000 -0.024011
-3.005374 2.003805 2.006711 0.250000 0.016832
-3.002479 3.002730 1.001867 0.250000 -0.014422
-3.003151 3.003404 2.003916 0.250000 0.002345
-3.001040 4.001669 1.000938 0.250000 -0.014824
-3.001692 4.002420 2.002214 0.250000 -0.011303
-2.000411 -5.001179 1.000675 0.250000 -0.001094
-2.000806 -5.002062 2.001697 0.250000 -0.000626
-2.001264 -4.002663 1.001577 0.250000 -0.002128
-2.001745 -4.003592 2.003399 0.250000 0.009986
-2.003567 -3.005396 1.004316 0.250000 -0.019572
-2.003588 -3.005450 2.006902 0.250000 0.022845
-2.008535 -2.008535 1.010277 0.250000 -0.040615
-2.006633 -2.006633 2.012548 0.250000 0.042776
-2.015684 -1.007850 1.019748 0.250000 -0.010403
-2.010206 -1.005040 2.019088 0.250000 0.075884
-2.019559 0.000048 1.025309 0.250000 0.029253
-2.011939 0.000132 2.022247 0.250000 0.096090
-2.015657 1.007968 1.019639 0.250000 -0.011392
-2.010174 1.005310 2.018962 0.250000 0.073484
-2.008475 2.008713 1.010040 0.250000 -0.045993
-2.006571 2.006906 2.012303 0.250000 0.035420
-2.003499 3.005663 1.004040 0.250000 -0.034309
-2.003521 3.005689 2.006633 0.250000 0.007420
-2.001302 4.003109 1.001697 0.250000 -0.024924
-2.001735 4.003796 2.003386 0.250000 -0.012034
-1.000283 -5.001707 1.000923 0.250000 -0.003885
-1.000479 -5.002661 2.002131 0.250000 -0.000539
-1.000949 -4.004023 1.002372 0.250000 -0.009934
-1.001123 -4.004800 2.004528 0.250000 0.012168
-1.002935 -3.008884 1.007060 0.250000 -0.034981
-1.002501 -3.007747 2.009735 0.250000 0.031074
-1.007850 -2.015684 1.019748 0.250000 -0.010403
-1.005040 -2.010206 2.019088 0.250000 0.075883
-1.015678 -1.015678 1.044054 0.250000 0.221513
-1.008337 -1.008337 2.031246 0.250000 0.167342
-1.019901 0.000060 1.059649 0.250000 0.422229
-1.010037 0.000147 2.037582 0.250000 0.227119
-1.015662 1.015823 1.043930 0.250000 0.220313
-1.008319 1.008640 2.031103 0.250000 0.164562
-1.007815 2.015904 1.019478 0.250000 -0.016659
-1.005005 2.010522 2.018806 0.250000 0.067429
-1.002894 3.009226 1.006737 0.250000 -0.051871
-1.002463 3.008036 2.009412 0.250000 0.013386
-1.000962 4.004589 1.002472 0.250000 -0.035914
-1.001114 4.005059 2.004472 0.250000 -0.013054
0.000034 -5.001920 1.001014 0.250000 -0.005288
0.000078 -5.002888 2.002293 0.250000 -0.000853
0.000028 -4.004630 1.002706 0.250000 -0.013553
0.000091 -4.005296 2.004980 0.250000 0.012674
0.000036 -3.010605 1.008438 0.250000 -0.039070
0.000111 -3.008772 2.010976 0.250000 0.034992
0.000048 -2.019559 1.025309 0.250000 0.029253
0.000132 -2.011939 2.022247 0.250000 0.096090
0.000060 -1.019901 1.059649 0.250000 0.422228
0.000147 -1.010037 2.037582 0.250000 0.227119
0.000065 0.000065 1.081513 0.250000 0.732222
0.000152 0.000152 2.045804 0.250000 0.314373
0.000059 1.020057 1.059518 0.250000 0.420866
0.000145 1.010352 2.037432 0.250000 0.224139
0.000047 2.019795 1.025028 0.250000 0.022518
0.000129 2.012268 2.021953 0.250000 0.087118
0.000039 3.010974 1.008101 0.250000 -0.056960
0.000110 3.009079 2.010637 0.250000 0.016322
0.000046 4.005241 1.002806 0.250000 -0.040926
0.000097 4.005575 2.004913 0.250000 -0.013885
1.000355 -5.001673 1.000885 0.250000 -0.004691
1.000631 -5.002620 2.002092 0.250000 -0.001843
1.001014 -4.003988 1.002305 0.250000 -0.010703
1.001304 -4.004757 2.004457 0.250000 0.010575
1.003022 -3.008851 1.006970 0.250000 -0.035808
1.002726 -3.007705 2.009634 0.250000 0.029103
1.007968 -2.015657 1.019639 0.250000 -0.011393
1.005310 -2.010174 2.018962 0.250000 0.073484
1.015823 -1.015662 1.043930 0.250000 0.220311
1.008640 -1.008319 2.031103 0.250000 0.164562
1.020057 0.000059 1.059518 0.250000 0.420866
1.010352 0.000145 2.037432 0.250000 0.224139
1.015804 1.015804 1.043807 0.250000 0.218938
1.008618 1.008618 2.030962 0.250000 0.161635
1.007930 2.015873 1.019374 0.250000 -0.017991
1.005269 2.010484 2.018687 0.250000 0.064761
1.002985 3.009187 1.006658 0.250000 -0.053176
1.002685 3.007990 2.009325 0.250000 0.011079
1.001062 4.004547 1.002426 0.250000 -0.037199
1.001304 4.005012 2.004422 0.250000 -0.014972
2.000485 -5.001110 1.000603 0.250000 -0.004034
2.000937 -5.001992 2.001634 0.250000 -0.004198
2.001345 -4.002589 1.001439 0.250000 -0.005760
2.001909 -4.003513 2.003270 0.250000 0.005277
2.003691 -3.005325 1.004124 0.250000 -0.024012
2.003805 -3.005374 2.006711 0.250000 0.016831
2.008713 -2.008475 1.010040 0.250000 -0.045994
2.006906 -2.006571 2.012303 0.250000 0.035421
2.015904 -1.007815 1.019478 0.250000 -0.016659
2.010522 -1.005005 2.018806 0.250000 0.067429
2.019795 0.000047 1.025028 0.250000 0.022517
2.012268 0.000129 2.021953 0.250000 0.087118
2.015873 1.007930 1.019374 0.250000 -0.017991
2.010484 1.005269 2.018687 0.250000 0.064761
2.008647 2.008647 1.009814 0.250000 -0.052005
2.006837 2.006837 2.012075 0.250000 0.027607
2.003623 3.005580 1.003872 0.250000 -0.039516
2.003733 3.005604 2.006471 0.250000 0.000916
2.001414 4.003024 1.001608 0.250000 -0.029155
2.001907 4.003713 2.003303 0.250000 -0.017075
3.000401 -5.000540 1.000365 0.250000 -0.005821
3.000921 -5.001291 2.001172 0.250000 -0.008179
3.001082 -4.001292 1.000653 0.250000 -0.005610
3.001814 -4.002205 2.002057 0.250000 -0.003052
3.002730 -3.002479 1.001867 0.250000 -0.014421
3.003404 -3.003151 2.003916 0.250000 0.002345
3.005663 -2.003499 1.004040 0.250000 -0.034308
3.005689 -2.003521 2.006632 0.250000 0.007419
3.009226 -1.002894 1.006737 0.250000 -0.051870
3.008036 -1.002463 2.009412 0.250000 0.013385
3.010974 0.000039 1.008101 0.250000 -0.056960
3.009079 0.000110 2.010637 0.250000 0.016323
3.009187 1.002985 1.006658 0.250000 -0.053175
3.007990 1.002685 2.009325 0.250000 0.011078
3.005580 2.003623 1.003872 0.250000 -0.039516
3.005604 2.003733 2.006471 0.250000 0.000916
3.002645 3.002645 1.001708 0.250000 -0.027098
3.003319 3.003319 2.003775 0.250000 -0.010485
3.001158 4.001587 1.000892 0.250000 -0.024039
3.001819 4.002344 2.002177 0.250000 -0.020667
4.000264 -5.000238 1.000461 0.250000 -0.008935
4.000707 -5.000778 2.000978 0.250000 -0.012134
4.000704 -4.000584 1.000467 0.250000 -0.010013
4.001349 -4.001270 2.001353 0.250000 -0.011598
4.001669 -3.001040 1.000938 0.250000 -0.014824
4.002420 -3.001692 2.002214 0.250000 -0.011303
4.003109 -2.001302 1.001697 0.250000 -0.024923
4.003796 -2.001735 2.003386 0.250000 -0.012034
4.004589 -1.000962 1.002472 0.250000 -0.035913
4.005059 -1.001114 2.004472 0.250000 -0.013054
4.005241 0.000046 1.002806 0.250000 -0.040926
4.005575 0.000097 2.004913 0.250000 -0.013885
4.004547 1.001062 1.002426 0.250000 -0.037199
4.005012 1.001304 2.004422 0.250000 -0.014972
4.003024 2.001414 1.001608 0.250000 -0.029155
4.003713 2.001907 2.003303 0.250000 -0.017075
4.001587 3.001158 1.000892 0.250000 -0.024039
4.002344 3.001819 2.002177 0.250000 -0.020667
4.000775 4.000775 1.000743 0.250000 -0.022659
4.001373 4.001373 2.001540 0.250000 -0.023951
0.000000 0.000000 -1.000000 0.250000 0.000000
