-4.999626 -4.999626 0.000581 0.250000 0.002490
-4.999466 -3.999563 0.000434 0.250000 0.005324
-4.999392 -2.999626 0.000501 0.250000 0.011837
-4.999496 -1.999800 0.000536 0.250000 0.019107
-4.999746 -0.999967 0.000488 0.250000 0.024314
-4.999898 -0.000050 0.000454 0.250000 0.026274
-4.999781 0.999865 0.000493 0.250000 0.025041
-4.999533 1.999695 0.000523 0.250000 0.020348
-4.999379 2.999533 0.000519 0.250000 0.013536
-4.999439 3.999518 0.000732 0.250000 0.008936
-3.999563 -4.999466 0.000434 0.250000 0.005325
-3.999507 -3.999507 0.000233 0.250000 0.012453
-3.999871 -2.999915 0.000130 0.250000 0.023283
-4.000997 -2.000528 -0.000331 0.250000 0.027795
-4.002617 -1.000692 -0.001025 0.250000 0.022043
-4.003461 -0.000062 -0.001362 0.250000 0.017246
-4.002656 1.000559 -0.001021 0.250000 0.023028
-4.001032 2.000383 -0.000365 0.250000 0.029506
-3.999841 2.999796 0.000099 0.250000 0.025476
-3.999472 3.999494 0.000545 0.250000 0.016975
-2.999626 -4.999392 0.000501 0.250000 0.011837
-2.999915 -3.999871 0.000130 0.250000 0.023283
-3.001524 -3.001524 -0.000735 0.250000 0.025233
-3.005744 -2.003868 -0.002558 0.250000 -0.012190
-3.011965 -1.004069 -0.003843 0.250000 -0.075013
-3.015301 -0.000072 -0.003881 0.250000 -0.103690
-3.012000 1.003913 -0.003834 0.250000 -0.073786
-3.005765 2.003701 -0.002595 0.250000 -0.009949
-3.001470 3.001429 -0.000789 0.250000 0.028139
-2.999873 3.999985 0.000428 0.250000 0.028583
-1.999800 -4.999496 0.000536 0.250000 0.019107
-2.000528 -4.000997 -0.000331 0.250000 0.027795
-2.003868 -3.005744 -0.002558 0.250000 -0.012189
-2.013304 -2.013304 -0.003308 0.250000 -0.135710
-2.028721 -1.014457 0.007798 0.250000 -0.206176
-2.037087 -0.000085 0.019550 0.250000 -0.179748
-2.028746 1.014273 0.007814 0.250000 -0.204695
-2.013310 2.013122 -0.003346 0.250000 -0.133032
-2.003806 3.005706 -0.002622 0.250000 -0.008685
-2.000488 4.001305 -0.000033 0.250000 0.033677
-0.999967 -4.999746 0.000488 0.250000 0.024314
-1.000692 -4.002617 -0.001025 0.250000 0.022043
-1.004069 -3.011965 -0.003843 0.250000 -0.075013
-1.014457 -2.028721 0.007798 0.250000 -0.206176
-1.028221 -1.028221 0.073408 0.250000 0.116892
-1.036626 -0.000097 0.114816 0.250000 0.369008
-1.028234 1.028015 0.073429 0.250000 0.118836
-1.014456 2.028530 0.007756 0.250000 -0.203070
-1.004029 3.011989 -0.003916 0.250000 -0.071146
-1.000668 4.003111 -0.000723 0.250000 0.028140
-0.000050 -4.999898 0.000454 0.250000 0.026274
-0.000062 -4.003461 -0.001362 0.250000 0.017246
-0.000072 -3.015301 -0.003881 0.250000 -0.103690
-0.000085 -2.037087 0.019550 0.250000 -0.179748
-0.000097 -1.036626 0.114816 0.250000 0.369009
-0.000101 -0.000101 0.178739 0.250000 0.793956
-0.000096 1.036412 0.114839 0.250000 0.371237
-0.000087 2.036896 0.019502 0.250000 -0.176359
-0.000079 3.015354 -0.003960 0.250000 -0.099675
-0.000063 4.004033 -0.001059 0.250000 0.023368
0.999865 -4.999781 0.000493 0.250000 0.025041
1.000559 -4.002656 -0.001021 0.250000 0.023028
1.003913 -3.012000 -0.003834 0.250000 -0.073786
1.014273 -2.028746 0.007814 0.250000 -0.204694
1.028015 -1.028234 0.073429 0.250000 0.118835
1.036412 -0.000096 0.114839 0.250000 0.371238
1.028030 1.028030 0.073449 0.250000 0.120843
1.014270 2.028558 0.007767 0.250000 -0.201502
1.003862 3.012026 -0.003912 0.250000 -0.069882
1.000538 4.003148 -0.000719 0.250000 0.029097
1.999695 -4.999533 0.000523 0.250000 0.020348
2.000383 -4.001032 -0.000365 0.250000 0.029506
2.003701 -3.005765 -0.002595 0.250000 -0.009950
2.013122 -2.013310 -0.003346 0.250000 -0.133033
2.028530 -1.014456 0.007756 0.250000 -0.203071
2.036896 -0.000087 0.019502 0.250000 -0.176358
2.028558 1.014270 0.007767 0.250000 -0.201502
2.013128 2.013128 -0.003392 0.250000 -0.130277
2.003636 3.005728 -0.002667 0.250000 -0.006466
2.000360 4.001333 -0.000055 0.250000 0.035348
2.999533 -4.999379 0.000519 0.250000 0.013536
2.999796 -3.999841 0.000099 0.250000 0.025476
3.001429 -3.001470 -0.000789 0.250000 0.028139
3.005706 -2.003806 -0.002622 0.250000 -0.008686
3.011989 -1.004029 -0.003916 0.250000 -0.071146
3.015354 -0.000079 -0.003960 0.250000 -0.099676
3.012026 1.003862 -0.003912 0.250000 -0.069883
3.005728 2.003636 -0.002667 0.250000 -0.006465
3.001376 3.001376 -0.000835 0.250000 0.031006
2.999782 3.999952 0.000440 0.250000 0.030903
3.999518 -4.999439 0.000732 0.250000 0.008936
3.999494 -3.999472 0.000545 0.250000 0.016975
3.999985 -2.999873 0.000428 0.250000 0.028583
4.001305 -2.000488 -0.000033 0.250000 0.033677
4.003111 -1.000668 -0.000723 0.250000 0.028140
4.004033 -0.000063 -0.001059 0.250000 0.023368
4.003148 1.000538 -0.000719 0.250000 0.029096
4.001333 2.000360 -0.000055 0.250000 0.035348
3.999952 2.999782 0.000440 0.250000 0.030903
3.999483 3.999483 0.000881 0.250000 0.021541
-4.999349 -4.999349 1.000464 0.250000 -0.002099
-4.999884 -4.999884 2.000704 0.250000 -0.004223
-4.999161 -3.999396 1.000392 0.250000 -0.003612
-5.000101 -4.000161 2.000834 0.250000 -0.006232
-4.999057 -2.999526 1.000675 0.250000 -0.001145
-5.000512 -3.000406 2.001309 0.250000 -0.004930
-4.999069 -1.999706 1.001087 0.250000 0.004266
-5.001045 -2.000494 2.001957 0.250000 -0.000637
-4.999175 -0.999892 1.001445 0.250000 0.009946
-5.001523 -1.000348 2.002530 0.250000 0.004352
-4.999249 -0.000040 1.001596 0.250000 0.012789
-5.001719 -0.000013 2.002766 0.250000 0.007127
-4.999193 0.999813 1.001461 0.250000 0.011508
-5.001516 1.000325 2.002543 0.250000 0.006359
-4.999075 1.999621 1.001087 0.250000 0.007193
-5.001017 2.000465 2.001970 0.250000 0.003165
-4.999025 2.999403 1.000683 0.250000 0.002785
-5.000463 3.000337 2.001346 0.250000 0.000206
-4.999150 3.999270 1.000643 0.250000 0.001903
-5.000081 4.000049 2.001028 0.250000 -0.000173
-3.999396 -4.999161 1.000392 0.250000 -0.003612
-4.000161 -5.000101 2.000834 0.250000 -0.006232
-3.999289 -3.999289 1.000587 0.250000 -0.001914
-4.000628 -4.000628 2.001400 0.250000 -0.005561
-3.999431 -2.999628 1.001384 0.250000 0.007950
-4.001451 -3.001128 2.002628 0.250000 0.002144
-3.999993 -2.000068 1.002391 0.250000 0.021135
-4.002564 -2.001319 2.004228 0.250000 0.014645
-4.000861 -1.000282 1.003244 0.250000 0.030556
-4.003638 -1.000933 2.005657 0.250000 0.026108
-4.001330 -0.000048 1.003595 0.250000 0.034092
-4.004100 -0.000010 2.006248 0.250000 0.031445
-4.000880 1.000187 1.003257 0.250000 0.032789
-4.003626 1.000920 2.005660 0.250000 0.028908
-3.999994 1.999967 1.002361 0.250000 0.025346
-4.002523 2.001307 2.004204 0.250000 0.019945
-3.999373 2.999489 1.001308 0.250000 0.013479
-4.001372 3.001072 2.002592 0.250000 0.009225
-3.999252 3.999173 1.000791 0.250000 0.005513
-4.000566 4.000515 2.001531 0.250000 0.002619
-2.999526 -4.999057 1.000675 0.250000 -0.001145
-3.000406 -5.000512 2.001309 0.250000 -0.004930
-2.999628 -3.999431 1.001384 0.250000 0.007950
-3.001128 -4.001451 2.002628 0.250000 0.002144
-3.000467 -3.000467 1.002975 0.250000 0.026057
-3.002473 -3.002473 2.005134 0.250000 0.019910
-3.002863 -2.001978 1.004992 0.250000 0.035179
-3.004541 -2.003041 2.008488 0.250000 0.040773
-3.006628 -1.002323 1.007146 0.250000 0.028376
-3.006834 -1.002292 2.011728 0.250000 0.055550
-3.008705 -0.000051 1.008290 0.250000 0.023743
-3.007915 -0.000002 2.013156 0.250000 0.061625
-3.006643 1.002224 1.007159 0.250000 0.031290
-3.006818 1.002300 2.011719 0.250000 0.059140
-3.002853 2.001883 1.004936 0.250000 0.040704
-3.004489 2.003065 2.008421 0.250000 0.047536
-3.000387 3.000365 1.002815 0.250000 0.033198
-3.002374 3.002466 2.005004 0.250000 0.028791
-2.999572 3.999412 1.001486 0.250000 0.016923
-3.001039 4.001385 2.002648 0.250000 0.012060
-1.999706 -4.999069 1.001087 0.250000 0.004266
-2.000494 -5.001045 2.001957 0.250000 -0.000637
-2.000068 -3.999993 1.002391 0.250000 0.021134
-2.001319 -4.002564 2.004228 0.250000 0.014645
-2.001978 -3.002863 1.004992 0.250000 0.035179
-2.003041 -3.004541 2.008488 0.250000 0.040773
-2.007868 -2.007868 1.009689 0.250000 0.011058
-2.006189 -2.006189 2.014805 0.250000 0.062288
-2.017969 -1.009147 1.018795 0.250000 -0.015420
-2.010310 -1.005164 2.022041 0.250000 0.074466
-2.023847 -0.000056 1.025031 0.250000 -0.013404
-2.012448 0.000006 2.025663 0.250000 0.081188
-2.017977 1.009043 1.018805 0.250000 -0.011916
-2.010293 1.005197 2.022019 0.250000 0.078710
-2.007849 2.007787 1.009604 0.250000 0.017618
-2.006138 2.006259 2.014692 0.250000 0.070195
-2.001894 3.002828 1.004742 0.250000 0.043422
-2.002944 3.004602 2.008256 0.250000 0.050892
-2.000013 4.000132 1.002385 0.250000 0.030957
-2.001229 4.002576 2.004117 0.250000 0.025530
-0.999892 -4.999175 1.001445 0.250000 0.009947
-1.000348 -5.001523 2.002530 0.250000 0.004352
-1.000282 -4.000861 1.003244 0.250000 0.030556
-1.000933 -4.003638 2.005657 0.250000 0.026108
-1.002323 -3.006628 1.007146 0.250000 0.028377
-1.002292 -3.006834 2.011728 0.250000 0.055549
-1.009147 -2.017969 1.018795 0.250000 -0.015420
-1.005164 -2.010310 2.022041 0.250000 0.074466
-1.021498 -1.021498 1.048468 0.250000 0.048067
-1.009405 -1.009405 2.036119 0.250000 0.096386
-1.028438 -0.000058 1.070042 0.250000 0.150654
-1.011758 0.000014 2.043941 0.250000 0.116812
-1.021500 1.021393 1.048473 0.250000 0.052064
-1.009393 1.009459 2.036084 0.250000 0.101063
-1.009132 2.017905 1.018680 0.250000 -0.008173
-1.005131 2.010418 2.021888 0.250000 0.083062
-1.002269 3.006659 1.006820 0.250000 0.037119
-1.002230 3.006955 2.011410 0.250000 0.066264
-1.000247 4.001151 1.003147 0.250000 0.040509
-1.000874 4.003722 2.005436 0.250000 0.037235
-0.000040 -4.999249 1.001596 0.250000 0.012788
-0.000013 -5.001719 2.002766 0.250000 0.007127
-0.000048 -4.001330 1.003595 0.250000 0.034092
-0.000010 -4.004100 2.006248 0.250000 0.031446
-0.000051 -3.008705 1.008290 0.250000 0.023743
-0.000002 -3.007915 2.013156 0.250000 0.061625
-0.000056 -2.023847 1.025031 0.250000 -0.013404
0.000006 -2.012448 2.025663 0.250000 0.081189
-0.000058 -1.028438 1.070042 0.250000 0.150652
0.000014 -1.011758 2.043941 0.250000 0.116810
-0.000058 -0.000058 1.101678 0.250000 0.328845
0.000018 0.000018 2.054486 0.250000 0.151673
-0.000057 1.028336 1.070044 0.250000 0.154876
0.000016 1.011822 2.043900 0.250000 0.121636
-0.000055 2.023793 1.024902 0.250000 -0.005903
0.000008 2.012572 2.025492 0.250000 0.089981
-0.000054 3.008766 1.007930 0.250000 0.032583
-0.000000 3.008060 2.012804 0.250000 0.072435
-0.000046 4.001682 1.003460 0.250000 0.043933
-0.000005 4.004213 2.005982 0.250000 0.042482
0.999813 -4.999193 1.001461 0.250000 0.011507
1.000325 -5.001516 2.002543 0.250000 0.006359
1.000187 -4.000880 1.003257 0.250000 0.032789
1.000920 -4.003626 2.005660 0.250000 0.028908
1.002224 -3.006643 1.007159 0.250000 0.031290
1.002300 -3.006818 2.011719 0.250000 0.059139
1.009043 -2.017977 1.018805 0.250000 -0.011916
1.005197 -2.010293 2.022019 0.250000 0.078709
1.021393 -1.021500 1.048473 0.250000 0.052063
1.009459 -1.009393 2.036084 0.250000 0.101064
1.028336 -0.000057 1.070044 0.250000 0.154875
1.011822 0.000016 2.043900 0.250000 0.121635
1.021398 1.021398 1.048476 0.250000 0.056064
1.009450 1.009450 2.036046 0.250000 0.105689
1.009029 2.017917 1.018684 0.250000 -0.004703
1.005166 2.010403 2.021861 0.250000 0.087176
1.002164 3.006675 1.006825 0.250000 0.039904
1.002241 3.006938 2.011398 0.250000 0.069627
1.000159 4.001166 1.003158 0.250000 0.042536
1.000870 4.003708 2.005439 0.250000 0.039739
1.999621 -4.999075 1.001087 0.250000 0.007193
2.000465 -5.001017 2.001970 0.250000 0.003165
1.999967 -3.999994 1.002361 0.250000 0.025346
2.001307 -4.002523 2.004204 0.250000 0.019945
2.001883 -3.002853 1.004936 0.250000 0.040704
2.003065 -3.004489 2.008421 0.250000 0.047536
2.007787 -2.007849 1.009604 0.250000 0.017617
2.006259 -2.006138 2.014692 0.250000 0.070195
2.017905 -1.009132 1.018680 0.250000 -0.008173
2.010418 -1.005131 2.021888 0.250000 0.083063
2.023793 -0.000055 1.024902 0.250000 -0.005903
2.012572 0.000008 2.025492 0.250000 0.089981
2.017917 1.009029 1.018684 0.250000 -0.004704
2.010403 1.005166 2.021861 0.250000 0.087176
2.007770 2.007770 1.009508 0.250000 0.024028
2.006209 2.006209 2.014572 0.250000 0.077797
2.001796 3.002815 1.004678 0.250000 0.048593
2.002971 3.004548 2.008186 0.250000 0.057148
1.999926 4.000125 1.002364 0.250000 0.034719
2.001227 4.002531 2.004100 0.250000 0.030202
2.999403 -4.999025 1.000683 0.250000 0.002785
3.000337 -5.000463 2.001346 0.250000 0.000206
2.999489 -3.999373 1.001308 0.250000 0.013479
3.001072 -4.001372 2.002592 0.250000 0.009225
3.000365 -3.000387 1.002815 0.250000 0.033198
3.002466 -3.002374 2.005004 0.250000 0.028791
3.002828 -2.001894 1.004742 0.250000 0.043420
3.004602 -2.002944 2.008256 0.250000 0.050892
3.006659 -1.002269 1.006820 0.250000 0.037119
3.006955 -1.002230 2.011410 0.250000 0.066265
3.008766 -0.000054 1.007930 0.250000 0.032583
3.008060 -0.000000 2.012804 0.250000 0.072436
3.006675 1.002164 1.006825 0.250000 0.039903
3.006938 1.002241 2.011398 0.250000 0.069627
3.002815 2.001796 1.004678 0.250000 0.048593
3.004548 2.002971 2.008186 0.250000 0.057148
3.000282 3.000282 1.002660 0.250000 0.039745
3.002368 3.002368 2.004881 0.250000 0.036870
2.999460 3.999353 1.001451 0.250000 0.021841
3.000998 4.001309 2.002634 0.250000 0.018186
3.999270 -4.999150 1.000643 0.250000 0.001903
4.000049 -5.000081 2.001028 0.250000 -0.000173
3.999173 -3.999252 1.000791 0.250000 0.005513
4.000515 -4.000566 2.001531 0.250000 0.002620
3.999412 -2.999572 1.001486 0.250000 0.016924
4.001385 -3.001039 2.002648 0.250000 0.012059
4.000132 -2.000013 1.002385 0.250000 0.030958
4.002576 -2.001229 2.004117 0.250000 0.025530
4.001151 -1.000247 1.003147 0.250000 0.040510
4.003722 -1.000874 2.005436 0.250000 0.037235
4.001682 -0.000046 1.003460 0.250000 0.043934
4.004213 -0.000005 2.005982 0.250000 0.042482
4.001166 1.000159 1.003158 0.250000 0.042537
4.003708 1.000870 2.005439 0.250000 0.039739
4.000125 1.999926 1.002364 0.250000 0.034719
4.002531 2.001227 2.004100 0.250000 0.030202
3.999353 2.999460 1.001451 0.250000 0.021841
4.001309 3.000998 2.002634 0.250000 0.018186
3.999169 3.999169 1.001028 0.250000 0.012088
4.000480 4.000480 2.001687 0.250000 0.009577
0.000000 0.000000 -1.000000 0.250000 0.000000
