-5.000187 -5.000187 0.000206 0.250000 -0.001346
-5.000407 -4.000248 -0.000108 0.250000 -0.000694
-5.000864 -3.000366 -0.000213 0.250000 -0.004446
-5.001479 -2.000428 -0.000245 0.250000 -0.013427
-5.002051 -1.000302 -0.000259 0.250000 -0.023417
-5.002285 0.000018 -0.000268 0.250000 -0.028165
-5.002025 1.000347 -0.000279 0.250000 -0.024967
-5.001423 2.000505 -0.000276 0.250000 -0.017684
-5.000805 3.000504 -0.000164 0.250000 -0.012633
-5.000452 4.000487 0.000238 0.250000 -0.011513
-4.000248 -5.000407 -0.000108 0.250000 -0.000694
-4.000636 -4.000636 -0.000536 0.250000 -0.003548
-4.001527 -3.001041 -0.000672 0.250000 -0.018689
-4.002922 -2.001331 -0.000646 0.250000 -0.047586
-4.004410 -1.001020 -0.000511 0.250000 -0.078226
-4.005081 0.000000 -0.000431 0.250000 -0.091855
-4.004383 1.001036 -0.000551 0.250000 -0.079836
-4.002861 2.001402 -0.000719 0.250000 -0.052651
-4.001463 3.001226 -0.000661 0.250000 -0.029497
-4.000704 4.000994 -0.000131 0.250000 -0.018721
-3.000366 -5.000864 -0.000213 0.250000 -0.004446
-3.001041 -4.001527 -0.000672 0.250000 -0.018688
-3.002731 -3.002731 -0.000641 0.250000 -0.061829
-3.005866 -2.003857 0.000175 0.250000 -0.132268
-3.009796 -1.003233 0.002008 0.250000 -0.192434
-3.011768 0.000000 0.003203 0.250000 -0.211688
-3.009770 1.003257 0.001958 0.250000 -0.194087
-3.005805 2.003965 0.000081 0.250000 -0.137938
-3.002666 3.003014 -0.000648 0.250000 -0.074662
-3.001112 4.002057 -0.000226 0.250000 -0.037548
-2.000428 -5.001479 -0.000245 0.250000 -0.013427
-2.001331 -4.002922 -0.000646 0.250000 -0.047586
-2.003857 -3.005866 0.000175 0.250000 -0.132268
-2.009499 -2.009499 0.005016 0.250000 -0.222782
-2.017889 -1.008945 0.017360 0.250000 -0.166912
-2.022300 0.000007 0.026479 0.250000 -0.060410
-2.017867 1.008991 0.017303 0.250000 -0.168651
-2.009446 2.009658 0.004909 0.250000 -0.229024
-2.003799 3.006263 0.000168 0.250000 -0.146646
-2.001383 4.003644 -0.000148 0.250000 -0.069054
-1.000302 -5.002051 -0.000259 0.250000 -0.023417
-1.001020 -4.004410 -0.000511 0.250000 -0.078226
-1.003233 -3.009796 0.002008 0.250000 -0.192434
-1.008945 -2.017889 0.017360 0.250000 -0.166913
-1.016197 -1.016197 0.061887 0.250000 0.499305
-1.020591 0.000015 0.088096 0.250000 0.941852
-1.016183 1.016263 0.061820 0.250000 0.497430
-1.008913 2.018090 0.017241 0.250000 -0.173728
-1.003195 3.010286 0.002004 0.250000 -0.207941
-1.001036 4.005286 0.000037 0.250000 -0.101354
0.000018 -5.002285 -0.000268 0.250000 -0.028165
0.000000 -4.005081 -0.000431 0.250000 -0.091856
0.000000 -3.011768 0.003203 0.250000 -0.211688
0.000007 -2.022300 0.026479 0.250000 -0.060410
0.000015 -1.020591 0.088096 0.250000 0.941853
0.000019 0.000019 0.127232 0.250000 1.639454
0.000015 1.020666 0.088024 0.250000 0.939844
0.000007 2.022516 0.026353 0.250000 -0.067609
0.000007 3.012292 0.003204 0.250000 -0.227762
0.000028 4.006016 0.000144 0.250000 -0.115705
1.000347 -5.002025 -0.000279 0.250000 -0.024967
1.001036 -4.004383 -0.000551 0.250000 -0.079836
1.003257 -3.009770 0.001958 0.250000 -0.194087
1.008991 -2.017867 0.017303 0.250000 -0.168651
1.016263 -1.016183 0.061820 0.250000 0.497430
1.020666 0.000015 0.088024 0.250000 0.939844
1.016249 1.016249 0.061754 0.250000 0.495409
1.008958 2.018066 0.017187 0.250000 -0.175756
1.003232 3.010256 0.001962 0.250000 -0.209996
1.001106 4.005255 0.000016 0.250000 -0.103325
2.000505 -5.001423 -0.000276 0.250000 -0.017684
2.001402 -4.002861 -0.000719 0.250000 -0.052651
2.003965 -3.005805 0.000081 0.250000 -0.137937
2.009658 -2.009446 0.004909 0.250000 -0.229024
2.018090 -1.008913 0.017241 0.250000 -0.173727
2.022516 0.000007 0.026353 0.250000 -0.067608
2.018066 1.008958 0.017187 0.250000 -0.175756
2.009603 2.009603 0.004808 0.250000 -0.235801
2.003916 3.006196 0.000091 0.250000 -0.152913
2.001500 4.003575 -0.000178 0.250000 -0.074365
3.000504 -5.000805 -0.000164 0.250000 -0.012633
3.001226 -4.001463 -0.000661 0.250000 -0.029497
3.003014 -3.002666 -0.000648 0.250000 -0.074661
3.006263 -2.003799 0.000168 0.250000 -0.146646
3.010286 -1.003195 0.002004 0.250000 -0.207942
3.012292 0.000007 0.003204 0.250000 -0.227762
3.010256 1.003232 0.001962 0.250000 -0.209996
3.006196 2.003916 0.000091 0.250000 -0.152915
3.002949 3.002949 -0.000616 0.250000 -0.087743
3.001322 4.001986 -0.000153 0.250000 -0.047595
4.000487 -5.000452 0.000238 0.250000 -0.011512
4.000994 -4.000704 -0.000131 0.250000 -0.018722
4.002057 -3.001112 -0.000226 0.250000 -0.037548
4.003644 -2.001383 -0.000148 0.250000 -0.069055
4.005286 -1.001036 0.000037 0.250000 -0.101354
4.006016 0.000028 0.000144 0.250000 -0.115705
4.005255 1.001106 0.000016 0.250000 -0.103324
4.003575 2.001500 -0.000178 0.250000 -0.074364
4.001986 3.001322 -0.000153 0.250000 -0.047595
4.001061 4.001061 0.000304 0.250000 -0.031823
-5.000096 -5.000096 1.000356 0.250000 -0.007793
-5.000441 -5.000441 2.000723 0.250000 -0.010817
-5.000312 -4.000258 1.000237 0.250000 -0.006939
-5.000826 -4.000704 2.000831 0.250000 -0.009681
-5.000769 -3.000435 1.000405 0.250000 -0.007772
-5.001432 -3.000889 2.001207 0.250000 -0.008782
-5.001375 -2.000491 1.000693 0.250000 -0.011278
-5.002148 -2.000847 2.001711 0.250000 -0.008877
-5.001926 -1.000325 1.000954 0.250000 -0.015411
-5.002750 -1.000501 2.002146 0.250000 -0.009571
-5.002146 0.000041 1.001053 0.250000 -0.017602
-5.002979 0.000078 2.002309 0.250000 -0.010475
-5.001891 1.000410 1.000921 0.250000 -0.017119
-5.002712 1.000652 2.002113 0.250000 -0.011799
-5.001308 2.000576 1.000636 0.250000 -0.015979
-5.002084 2.000976 2.001665 0.250000 -0.014200
-5.000711 3.000511 1.000403 0.250000 -0.016860
-5.001383 3.000973 2.001218 0.250000 -0.017902
-5.000375 4.000375 1.000510 0.250000 -0.018710
-5.000864 4.000768 2.001040 0.250000 -0.021175
-4.000258 -5.000312 1.000237 0.250000 -0.006938
-4.000704 -5.000826 2.000831 0.250000 -0.009682
-4.000670 -4.000670 1.000255 0.250000 -0.004878
-4.001333 -4.001333 2.001234 0.250000 -0.005630
-4.001553 -3.001126 1.000779 0.250000 -0.006958
-4.002355 -3.001757 2.002146 0.250000 -0.001657
-4.002873 -2.001368 1.001603 0.250000 -0.014794
-4.003663 -2.001786 2.003371 0.250000 0.001064
-4.004237 -1.000998 1.002431 0.250000 -0.023834
-4.004862 -1.001142 2.004493 0.250000 0.002723
-4.004838 0.000037 1.002781 0.250000 -0.028137
-4.005353 0.000092 2.004943 0.250000 0.002721
-4.004200 1.001078 1.002369 0.250000 -0.025809
-4.004821 1.001322 2.004430 0.250000 -0.000095
-4.002801 2.001462 1.001483 0.250000 -0.020812
-4.003592 2.001945 2.003265 0.250000 -0.005984
-4.001485 3.001230 1.000696 0.250000 -0.019586
-4.002292 3.001867 2.002085 0.250000 -0.014292
-4.000739 4.000853 1.000524 0.250000 -0.022022
-4.001355 4.001416 2.001414 0.250000 -0.022032
-3.000435 -5.000769 1.000405 0.250000 -0.007773
-3.000889 -5.001432 2.001207 0.250000 -0.008782
-3.001126 -4.001553 1.000779 0.250000 -0.006958
-3.001757 -4.002355 2.002146 0.250000 -0.001657
-3.002717 -3.002717 1.002103 0.250000 -0.015047
-3.003283 -3.003283 2.004060 0.250000 0.006294
-3.005512 -2.003640 1.004412 0.250000 -0.032134
-3.005472 -2.003605 2.006822 0.250000 0.014981
-3.008882 -1.002925 1.007214 0.250000 -0.044807
-3.007717 -1.002493 2.009620 0.250000 0.024919
-3.010529 0.000045 1.008607 0.250000 -0.047482
-3.008714 0.000111 2.010844 0.250000 0.029408
-3.008848 1.003029 1.007130 0.250000 -0.047088
-3.007679 1.002715 2.009529 0.250000 0.021464
-3.005444 2.003777 1.004242 0.250000 -0.039458
-3.005404 2.003813 2.006659 0.250000 0.006135
-3.002649 3.002895 1.001948 0.250000 -0.031050
-3.003219 3.003445 2.003924 0.250000 -0.009949
-3.001190 4.001850 1.001017 0.250000 -0.029345
-3.001769 4.002486 2.002276 0.250000 -0.023104
-2.000491 -5.001375 1.000693 0.250000 -0.011278
-2.000847 -5.002148 2.001711 0.250000 -0.008877
-2.001368 -4.002873 1.001603 0.250000 -0.014794
-2.001786 -4.003663 2.003371 0.250000 0.001063
-2.003640 -3.005512 1.004412 0.250000 -0.032134
-2.003605 -3.005472 2.006822 0.250000 0.014981
-2.008403 -2.008403 1.010446 0.250000 -0.045020
-2.006570 -2.006570 2.012381 0.250000 0.039900
-2.015141 -1.007567 1.019775 0.250000 -0.000145
-2.010008 -1.004941 2.018778 0.250000 0.080695
-2.018767 0.000058 1.025167 0.250000 0.047005
-2.011664 0.000131 2.021851 0.250000 0.104413
-2.015114 1.007703 1.019672 0.250000 -0.002781
-2.009978 1.005206 2.018664 0.250000 0.076617
-2.008347 2.008592 1.010236 0.250000 -0.053639
-2.006515 2.006831 2.012170 0.250000 0.029355
-2.003582 3.005779 1.004201 0.250000 -0.051210
-2.003551 3.005693 2.006620 0.250000 -0.004585
-2.001417 4.003306 1.001821 0.250000 -0.041641
-2.001790 4.003854 2.003453 0.250000 -0.024923
-1.000325 -5.001926 1.000954 0.250000 -0.015411
-1.000501 -5.002750 2.002146 0.250000 -0.009571
-1.000998 -4.004237 1.002431 0.250000 -0.023834
-1.001142 -4.004862 2.004493 0.250000 0.002723
-1.002925 -3.008882 1.007214 0.250000 -0.044807
-1.002493 -3.007717 2.009620 0.250000 0.024919
-1.007567 -2.015141 1.019775 0.250000 -0.000145
-1.004941 -2.010008 2.018778 0.250000 0.080695
-1.014859 -1.014859 1.043108 0.250000 0.263507
-1.008078 -1.008078 2.030547 0.250000 0.188017
-1.018775 0.000070 1.057876 0.250000 0.480461
-1.009684 0.000145 2.036632 0.250000 0.255335
-1.014844 1.015023 1.042991 0.250000 0.260522
-1.008061 1.008374 2.030417 0.250000 0.183440
-1.007535 2.015371 1.019536 0.250000 -0.009858
-1.004911 2.010308 2.018534 0.250000 0.068845
-1.002890 3.009219 1.006966 0.250000 -0.066241
-1.002462 3.007984 2.009374 0.250000 0.002877
-1.001017 4.004779 1.002642 0.250000 -0.053892
-1.001141 4.005102 2.004544 0.250000 -0.026571
0.000041 -5.002146 1.001053 0.250000 -0.017603
0.000078 -5.002979 2.002309 0.250000 -0.010475
0.000037 -4.004838 1.002781 0.250000 -0.028137
0.000092 -4.005353 2.004943 0.250000 0.002721
0.000045 -3.010529 1.008607 0.250000 -0.047482
0.000111 -3.008714 2.010844 0.250000 0.029408
0.000058 -2.018767 1.025167 0.250000 0.047005
0.000131 -2.011664 2.021851 0.250000 0.104413
0.000070 -1.018775 1.057876 0.250000 0.480461
0.000145 -1.009684 2.036632 0.250000 0.255335
0.000075 0.000075 1.078469 0.250000 0.811270
0.000150 0.000150 2.044492 0.250000 0.352089
0.000069 1.018948 1.057753 0.250000 0.477270
0.000143 1.009992 2.036498 0.250000 0.250527
0.000057 2.019012 1.024918 0.250000 0.036751
0.000128 2.011976 2.021598 0.250000 0.092004
0.000048 3.010891 1.008348 0.250000 -0.069940
0.000110 3.008997 2.010586 0.250000 0.006367
0.000054 4.005422 1.002997 0.250000 -0.059512
0.000096 4.005611 2.004989 0.250000 -0.027864
1.000410 -5.001891 1.000921 0.250000 -0.017119
1.000652 -5.002712 2.002113 0.250000 -0.011799
1.001078 -4.004200 1.002369 0.250000 -0.025809
1.001322 -4.004821 2.004430 0.250000 -0.000095
1.003029 -3.008848 1.007130 0.250000 -0.047088
1.002715 -3.007679 2.009529 0.250000 0.021465
1.007703 -2.015114 1.019672 0.250000 -0.002781
1.005206 -2.009978 2.018664 0.250000 0.076618
1.015023 -1.014844 1.042991 0.250000 0.260523
1.008374 -1.008061 2.030417 0.250000 0.183440
1.018948 0.000069 1.057753 0.250000 0.477269
1.009992 0.000143 2.036498 0.250000 0.250527
1.015004 1.015004 1.042876 0.250000 0.257390
1.008354 1.008354 2.030291 0.250000 0.178759
1.007667 2.015340 1.019439 0.250000 -0.012770
1.005169 2.010273 2.018429 0.250000 0.064594
1.002998 3.009180 1.006893 0.250000 -0.068870
1.002680 3.007940 2.009298 0.250000 -0.000756
1.001131 4.004737 1.002602 0.250000 -0.056167
1.001330 4.005058 2.004503 0.250000 -0.029493
2.000576 -5.001308 1.000636 0.250000 -0.015979
2.000976 -5.002084 2.001665 0.250000 -0.014200
2.001462 -4.002801 1.001483 0.250000 -0.020812
2.001945 -4.003592 2.003265 0.250000 -0.005984
2.003777 -3.005444 1.004242 0.250000 -0.039459
2.003813 -3.005404 2.006659 0.250000 0.006135
2.008592 -2.008347 1.010236 0.250000 -0.053639
2.006831 -2.006515 2.012170 0.250000 0.029355
2.015371 -1.007535 1.019536 0.250000 -0.009858
2.010308 -1.004911 2.018534 0.250000 0.068843
2.019012 0.000057 1.024918 0.250000 0.036752
2.011976 0.000128 2.021598 0.250000 0.092003
2.015340 1.007667 1.019439 0.250000 -0.012771
2.010273 1.005169 2.018429 0.250000 0.064594
2.008529 2.008529 1.010038 0.250000 -0.062733
2.006768 2.006768 2.011978 0.250000 0.018556
2.003719 3.005700 1.004059 0.250000 -0.058999
2.003754 3.005617 2.006489 0.250000 -0.013580
2.001539 4.003226 1.001752 0.250000 -0.047778
2.001958 4.003779 2.003392 0.250000 -0.031832
3.000511 -5.000711 1.000403 0.250000 -0.016860
3.000973 -5.001383 2.001218 0.250000 -0.017902
3.001230 -4.001485 1.000696 0.250000 -0.019586
3.001867 -4.002292 2.002085 0.250000 -0.014292
3.002895 -3.002649 1.001948 0.250000 -0.031049
3.003445 -3.003219 2.003924 0.250000 -0.009949
3.005779 -2.003582 1.004201 0.250000 -0.051211
3.005693 -2.003551 2.006620 0.250000 -0.004586
3.009219 -1.002890 1.006966 0.250000 -0.066241
3.007984 -1.002462 2.009374 0.250000 0.002877
3.010891 0.000048 1.008348 0.250000 -0.069940
3.008997 0.000110 2.010586 0.250000 0.006367
3.009180 1.002998 1.006893 0.250000 -0.068871
3.007940 1.002680 2.009298 0.250000 -0.000755
3.005700 2.003719 1.004059 0.250000 -0.058998
3.005617 2.003754 2.006489 0.250000 -0.013580
3.002822 3.002822 1.001845 0.250000 -0.047104
3.003376 3.003376 2.003839 0.250000 -0.025943
3.001317 4.001780 1.001013 0.250000 -0.041016
3.001890 4.002426 2.002280 0.250000 -0.034812
4.000375 -5.000375 1.000510 0.250000 -0.018710
4.000768 -5.000864 2.001040 0.250000 -0.021175
4.000853 -4.000739 1.000524 0.250000 -0.022022
4.001416 -4.001355 2.001414 0.250000 -0.022032
4.001850 -3.001190 1.001017 0.250000 -0.029344
4.002486 -3.001769 2.002276 0.250000 -0.023104
4.003306 -2.001417 1.001821 0.250000 -0.041641
4.003854 -2.001790 2.003453 0.250000 -0.024923
4.004779 -1.001017 1.002642 0.250000 -0.053892
4.005102 -1.001141 2.004544 0.250000 -0.026572
4.005422 0.000054 1.002997 0.250000 -0.059513
4.005611 0.000096 2.004989 0.250000 -0.027864
4.004737 1.001131 1.002602 0.250000 -0.056168
4.005058 1.001330 2.004503 0.250000 -0.029494
4.003226 2.001539 1.001752 0.250000 -0.047778
4.003779 2.001958 2.003392 0.250000 -0.031832
4.001780 3.001317 1.001013 0.250000 -0.041016
4.002426 3.001890 2.002280 0.250000 -0.034812
4.000936 4.000936 1.000854 0.250000 -0.036846
4.001458 4.001458 2.001654 0.250000 -0.036513
0.000000 0.000000 -1.000000 0.250000 0.000000
