-4.999627 -4.999627 0.000583 0.250000 -0.001599
-4.999380 -3.999520 0.000464 0.250000 -0.000037
-4.999144 -2.999530 0.000612 0.250000 0.005791
-4.999066 -1.999683 0.000747 0.250000 0.013578
-4.999178 -0.999885 0.000775 0.250000 0.019992
-4.999282 -0.000046 0.000771 0.250000 0.022462
-4.999224 0.999784 0.000787 0.250000 0.020343
-4.999128 1.999565 0.000744 0.250000 0.014159
-4.999157 2.999401 0.000647 0.250000 0.006754
-4.999338 3.999404 0.000807 0.250000 0.003181
-3.999520 -4.999380 0.000464 0.250000 -0.000037
-3.999335 -3.999335 0.000351 0.250000 0.006344
-3.999487 -2.999664 0.000405 0.250000 0.019291
-4.000422 -2.000281 0.000042 0.250000 0.029038
-4.001958 -1.000544 -0.000688 0.250000 0.028580
-4.002794 -0.000051 -0.001073 0.250000 0.025713
-4.002009 1.000426 -0.000675 0.250000 0.029017
-4.000484 2.000125 0.000024 0.250000 0.029804
-3.999483 2.999490 0.000397 0.250000 0.020522
-3.999276 3.999210 0.000722 0.250000 0.010638
-2.999530 -4.999144 0.000612 0.250000 0.005791
-2.999664 -3.999487 0.000405 0.250000 0.019290
-3.001105 -3.001105 -0.000371 0.250000 0.029851
-3.005410 -2.003659 -0.002601 0.250000 0.003630
-3.012053 -1.004107 -0.004660 0.250000 -0.053067
-3.015670 -0.000059 -0.005065 0.250000 -0.080813
-3.012099 1.003965 -0.004639 0.250000 -0.052524
-3.005459 2.003467 -0.002616 0.250000 0.004729
-3.001075 3.000920 -0.000393 0.250000 0.031795
-2.999593 3.999437 0.000777 0.250000 0.024960
-1.999683 -4.999066 0.000747 0.250000 0.013579
-2.000281 -4.000422 0.000042 0.250000 0.029039
-2.003659 -3.005410 -0.002601 0.250000 0.003629
-2.013881 -2.013881 -0.004904 0.250000 -0.112173
-2.030970 -1.015592 0.005211 0.250000 -0.192599
-2.040301 -0.000075 0.017234 0.250000 -0.176122
-2.031005 1.015413 0.005240 0.250000 -0.191925
-2.013910 2.013654 -0.004916 0.250000 -0.110771
-2.003614 3.005245 -0.002624 0.250000 0.006300
-2.000217 4.000522 0.000426 0.250000 0.036104
-0.999885 -4.999178 0.000775 0.250000 0.019992
-1.000544 -4.001958 -0.000688 0.250000 0.028580
-1.004107 -3.012053 -0.004660 0.250000 -0.053067
-1.015592 -2.030970 0.005211 0.250000 -0.192599
-1.030936 -1.030936 0.074676 0.250000 0.082994
-1.040316 -0.000090 0.119143 0.250000 0.304992
-1.030955 1.030725 0.074715 0.250000 0.084035
-1.015604 2.030716 0.005200 0.250000 -0.190842
-1.004077 3.011923 -0.004686 0.250000 -0.049886
-1.000511 4.002216 -0.000292 0.250000 0.036556
-0.000046 -4.999282 0.000771 0.250000 0.022462
-0.000051 -4.002794 -0.001073 0.250000 0.025713
-0.000059 -3.015670 -0.005065 0.250000 -0.080813
-0.000075 -2.040301 0.017234 0.250000 -0.176123
-0.000090 -1.040316 0.119143 0.250000 0.304993
-0.000096 -0.000096 0.188262 0.250000 0.684350
-0.000088 1.040093 0.119189 0.250000 0.306293
-0.000076 2.040041 0.017221 0.250000 -0.174082
-0.000069 3.015560 -0.005094 0.250000 -0.077402
-0.000063 4.003123 -0.000673 0.250000 0.034024
0.999784 -4.999224 0.000787 0.250000 0.020343
1.000426 -4.002009 -0.000675 0.250000 0.029017
1.003965 -3.012099 -0.004639 0.250000 -0.052524
1.015413 -2.031005 0.005240 0.250000 -0.191925
1.030725 -1.030955 0.074715 0.250000 0.084036
1.040093 -0.000088 0.119189 0.250000 0.306293
1.030747 1.030747 0.074755 0.250000 0.085143
1.015424 2.030756 0.005226 0.250000 -0.190059
1.003919 3.011975 -0.004670 0.250000 -0.049242
1.000376 4.002269 -0.000278 0.250000 0.037101
1.999565 -4.999128 0.000744 0.250000 0.014159
2.000125 -4.000484 0.000024 0.250000 0.029803
2.003467 -3.005459 -0.002616 0.250000 0.004730
2.013654 -2.013910 -0.004916 0.250000 -0.110772
2.030716 -1.015604 0.005200 0.250000 -0.190842
2.040041 -0.000076 0.017221 0.250000 -0.174082
2.030756 1.015424 0.005226 0.250000 -0.190059
2.013685 2.013685 -0.004935 0.250000 -0.109226
2.003415 3.005298 -0.002647 0.250000 0.007526
2.000062 4.000583 0.000423 0.250000 0.037110
2.999401 -4.999157 0.000647 0.250000 0.006753
2.999490 -3.999483 0.000397 0.250000 0.020522
3.000920 -3.001075 -0.000393 0.250000 0.031794
3.005245 -2.003614 -0.002624 0.250000 0.006300
3.011923 -1.004077 -0.004686 0.250000 -0.049886
3.015560 -0.000069 -0.005094 0.250000 -0.077403
3.011975 1.003919 -0.004670 0.250000 -0.049243
3.005298 2.003415 -0.002647 0.250000 0.007525
3.000891 3.000891 -0.000406 0.250000 0.033970
2.999437 3.999434 0.000816 0.250000 0.026782
3.999404 -4.999338 0.000807 0.250000 0.003181
3.999210 -3.999276 0.000722 0.250000 0.010638
3.999437 -2.999593 0.000777 0.250000 0.024960
4.000522 -2.000217 0.000426 0.250000 0.036104
4.002216 -1.000511 -0.000292 0.250000 0.036555
4.003123 -0.000063 -0.000673 0.250000 0.034025
4.002269 1.000376 -0.000278 0.250000 0.037101
4.000583 2.000062 0.000423 0.250000 0.037110
3.999434 2.999437 0.000816 0.250000 0.026782
3.999175 3.999175 0.001122 0.250000 0.015623
-4.999247 -4.999247 1.000410 0.250000 -0.005748
-4.999765 -4.999765 2.000622 0.250000 -0.007935
-4.998958 -3.999264 1.000305 0.250000 -0.008988
-4.999928 -4.000049 2.000715 0.250000 -0.011525
-4.998693 -2.999367 1.000611 0.250000 -0.008024
-5.000280 -3.000316 2.001197 0.250000 -0.011580
-4.998524 -1.999551 1.001090 0.250000 -0.003179
-5.000759 -2.000436 2.001897 0.250000 -0.007947
-4.998486 -0.999797 1.001525 0.250000 0.002716
-5.001201 -1.000332 2.002535 0.250000 -0.003038
-4.998506 -0.000051 1.001714 0.250000 0.005629
-5.001388 -0.000045 2.002807 0.250000 -0.000317
-4.998517 0.999692 1.001557 0.250000 0.003821
-5.001209 1.000244 2.002572 0.250000 -0.001350
-4.998559 1.999429 1.001124 0.250000 -0.000922
-5.000760 2.000338 2.001957 0.250000 -0.004525
-4.998693 2.999188 1.000667 0.250000 -0.004564
-5.000263 3.000173 2.001302 0.250000 -0.006494
-4.998949 3.999057 1.000631 0.250000 -0.003351
-4.999928 3.999859 2.000993 0.250000 -0.004938
-3.999264 -4.998958 1.000305 0.250000 -0.008988
-4.000049 -4.999928 2.000715 0.250000 -0.011525
-3.999019 -3.999019 1.000507 0.250000 -0.009561
-4.000470 -4.000470 2.001274 0.250000 -0.012995
-3.998927 -2.999291 1.001431 0.250000 -0.000021
-4.001234 -3.000998 2.002597 0.250000 -0.006191
-3.999208 -1.999729 1.002629 0.250000 0.015692
-4.002280 -2.001226 2.004367 0.250000 0.007244
-3.999848 -1.000066 1.003630 0.250000 0.028505
-4.003296 -1.000895 2.005957 0.250000 0.020363
-4.000236 -0.000056 1.004036 0.250000 0.033336
-4.003740 -0.000046 2.006622 0.250000 0.026340
-3.999882 0.999949 1.003668 0.250000 0.030135
-4.003301 1.000806 2.005994 0.250000 0.022789
-3.999241 1.999586 1.002649 0.250000 0.019076
-4.002270 2.001132 2.004410 0.250000 0.012187
-3.998901 2.999075 1.001426 0.250000 0.005124
-4.001189 3.000851 2.002656 0.250000 0.001146
-3.998977 3.998786 1.000814 0.250000 -0.001459
-4.000426 4.000257 2.001522 0.250000 -0.003612
-2.999367 -4.998693 1.000611 0.250000 -0.008024
-3.000316 -5.000280 2.001197 0.250000 -0.011581
-2.999291 -3.998927 1.001431 0.250000 -0.000021
-3.000998 -4.001234 2.002597 0.250000 -0.006191
-2.999827 -2.999827 1.003289 0.250000 0.022388
-3.002273 -3.002273 2.005345 0.250000 0.013098
-3.001913 -2.001376 1.005484 0.250000 0.039750
-3.004239 -2.002868 2.009002 0.250000 0.038303
-3.005550 -1.002002 1.007593 0.250000 0.038946
-3.006441 -1.002201 2.012462 0.250000 0.056971
-3.007636 -0.000062 1.008686 0.250000 0.035764
-3.007495 -0.000045 2.013978 0.250000 0.064257
-3.005580 1.001872 1.007638 0.250000 0.041181
-3.006441 1.002119 2.012497 0.250000 0.060203
-3.001934 2.001223 1.005496 0.250000 0.044458
-3.004215 2.002792 2.009023 0.250000 0.044897
-2.999775 2.999618 1.003224 0.250000 0.029576
-3.002204 3.002153 2.005339 0.250000 0.022839
-2.999224 3.998750 1.001665 0.250000 0.010712
-3.000922 4.001045 2.002764 0.250000 0.006024
-1.999551 -4.998524 1.001090 0.250000 -0.003179
-2.000436 -5.000759 2.001897 0.250000 -0.007947
-1.999729 -3.999208 1.002629 0.250000 0.015692
-2.001226 -4.002280 2.004367 0.250000 0.007245
-2.001376 -3.001913 1.005484 0.250000 0.039750
-2.002868 -3.004239 2.009002 0.250000 0.038303
-2.007268 -2.007268 1.009928 0.250000 0.024328
-2.005917 -2.005917 2.015643 0.250000 0.066180
-2.017944 -1.009183 1.018671 0.250000 -0.004318
-2.010021 -1.005048 2.023051 0.250000 0.080440
-2.024280 -0.000070 1.024901 0.250000 -0.006673
-2.012193 -0.000043 2.026755 0.250000 0.086575
-2.017965 1.009038 1.018722 0.250000 -0.001529
-2.010016 1.004976 2.023082 0.250000 0.084387
-2.007275 2.007110 1.009924 0.250000 0.030184
-2.005887 2.005869 2.015635 0.250000 0.074196
-2.001314 3.001739 1.005348 0.250000 0.048645
-2.002792 3.004166 2.008914 0.250000 0.050026
-1.999664 3.999154 1.002775 0.250000 0.028607
-2.001143 4.002149 2.004425 0.250000 0.021701
-0.999797 -4.998486 1.001525 0.250000 0.002716
-1.000332 -5.001201 2.002535 0.250000 -0.003038
-1.000066 -3.999848 1.003630 0.250000 0.028505
-1.000895 -4.003296 2.005957 0.250000 0.020363
-1.002002 -3.005550 1.007593 0.250000 0.038947
-1.002201 -3.006441 2.012462 0.250000 0.056971
-1.009183 -2.017944 1.018671 0.250000 -0.004318
-1.005048 -2.010021 2.023051 0.250000 0.080440
-1.022644 -1.022644 1.049008 0.250000 0.037269
-1.009406 -1.009406 2.037373 0.250000 0.097249
-1.030282 -0.000077 1.071799 0.250000 0.123877
-1.011878 -0.000040 2.045424 0.250000 0.112668
-1.022654 1.022488 1.049060 0.250000 0.040549
-1.009401 1.009346 2.037398 0.250000 0.101701
-1.009182 2.017788 1.018648 0.250000 0.002364
-1.005026 2.010001 2.023013 0.250000 0.089406
-1.001960 3.005422 1.007390 0.250000 0.048879
-1.002150 3.006416 2.012301 0.250000 0.069919
-1.000028 3.999925 1.003694 0.250000 0.042662
-1.000839 4.003226 2.005916 0.250000 0.036106
-0.000051 -4.998506 1.001714 0.250000 0.005629
-0.000045 -5.001388 2.002807 0.250000 -0.000317
-0.000056 -4.000236 1.004036 0.250000 0.033336
-0.000046 -4.003740 2.006622 0.250000 0.026339
-0.000062 -3.007636 1.008686 0.250000 0.035764
-0.000045 -3.007495 2.013978 0.250000 0.064257
-0.000070 -2.024280 1.024901 0.250000 -0.006673
-0.000043 -2.012193 2.026755 0.250000 0.086575
-0.000077 -1.030282 1.071799 0.250000 0.123878
-0.000040 -1.011878 2.045424 0.250000 0.112668
-0.000079 -0.000079 1.105585 0.250000 0.279042
-0.000038 -0.000038 2.056368 0.250000 0.140152
-0.000076 1.030123 1.071852 0.250000 0.127398
-0.000038 1.011825 2.045445 0.250000 0.117307
-0.000070 2.024127 1.024867 0.250000 0.000351
-0.000041 2.012185 2.026703 0.250000 0.095868
-0.000067 3.007531 1.008453 0.250000 0.046042
-0.000044 3.007489 2.013785 0.250000 0.077585
-0.000062 4.000370 1.004064 0.250000 0.047866
-0.000045 4.003695 2.006539 0.250000 0.042450
0.999692 -4.998517 1.001557 0.250000 0.003822
1.000244 -5.001209 2.002572 0.250000 -0.001350
0.999949 -3.999882 1.003668 0.250000 0.030136
1.000806 -4.003301 2.005994 0.250000 0.022789
1.001872 -3.005580 1.007638 0.250000 0.041180
1.002119 -3.006441 2.012497 0.250000 0.060204
1.009038 -2.017965 1.018722 0.250000 -0.001529
1.004976 -2.010016 2.023082 0.250000 0.084388
1.022488 -1.022654 1.049060 0.250000 0.040550
1.009346 -1.009401 2.037398 0.250000 0.101701
1.030123 -0.000076 1.071852 0.250000 0.127398
1.011825 -0.000038 2.045445 0.250000 0.117307
1.022501 1.022501 1.049111 0.250000 0.043858
1.009344 1.009344 2.037420 0.250000 0.106141
1.009038 2.017813 1.018693 0.250000 0.005182
1.004958 2.009999 2.023039 0.250000 0.093303
1.001821 3.005455 1.007428 0.250000 0.051093
1.002070 3.006416 2.012331 0.250000 0.073048
0.999901 3.999958 1.003728 0.250000 0.044269
1.000753 4.003229 2.005950 0.250000 0.038412
1.999429 -4.998559 1.001124 0.250000 -0.000922
2.000338 -5.000760 2.001957 0.250000 -0.004525
1.999586 -3.999241 1.002649 0.250000 0.019076
2.001132 -4.002270 2.004410 0.250000 0.012187
2.001223 -3.001934 1.005496 0.250000 0.044458
2.002792 -3.004215 2.009023 0.250000 0.044897
2.007110 -2.007275 1.009924 0.250000 0.030184
2.005869 -2.005887 2.015635 0.250000 0.074195
2.017788 -1.009182 1.018648 0.250000 0.002364
2.010001 -1.005026 2.023013 0.250000 0.089406
2.024127 -0.000070 1.024867 0.250000 0.000350
2.012185 -0.000041 2.026703 0.250000 0.095868
2.017813 1.009038 1.018693 0.250000 0.005182
2.009999 1.004958 2.023039 0.250000 0.093304
2.007118 2.007118 1.009908 0.250000 0.036021
2.005843 2.005843 2.015617 0.250000 0.082067
2.001154 3.001760 1.005348 0.250000 0.053218
2.002718 3.004143 2.008927 0.250000 0.056353
1.999521 3.999182 1.002800 0.250000 0.031890
2.001054 4.002136 2.004469 0.250000 0.026343
2.999188 -4.998693 1.000667 0.250000 -0.004565
3.000173 -5.000263 2.001302 0.250000 -0.006494
2.999075 -3.998901 1.001426 0.250000 0.005124
3.000851 -4.001189 2.002656 0.250000 0.001147
2.999618 -2.999775 1.003224 0.250000 0.029576
3.002153 -3.002204 2.005339 0.250000 0.022838
3.001739 -2.001314 1.005348 0.250000 0.048645
3.004166 -2.002792 2.008914 0.250000 0.050027
3.005422 -1.001960 1.007390 0.250000 0.048879
3.006416 -1.002150 2.012301 0.250000 0.069919
3.007531 -0.000067 1.008453 0.250000 0.046042
3.007489 -0.000044 2.013785 0.250000 0.077584
3.005455 1.001821 1.007428 0.250000 0.051093
3.006416 1.002070 2.012331 0.250000 0.073048
3.001760 2.001154 1.005348 0.250000 0.053218
3.004143 2.002718 2.008927 0.250000 0.056353
2.999562 2.999562 1.003159 0.250000 0.036509
3.002085 3.002085 2.005331 0.250000 0.032122
2.999029 3.998725 1.001695 0.250000 0.015739
3.000787 4.001003 2.002836 0.250000 0.012839
3.999057 -4.998949 1.000631 0.250000 -0.003352
3.999859 -4.999928 2.000993 0.250000 -0.004938
3.998786 -3.998977 1.000814 0.250000 -0.001459
4.000257 -4.000426 2.001522 0.250000 -0.003612
3.998750 -2.999224 1.001665 0.250000 0.010712
4.001045 -3.000922 2.002764 0.250000 0.006025
3.999154 -1.999664 1.002775 0.250000 0.028607
4.002149 -2.001143 2.004425 0.250000 0.021701
3.999925 -1.000028 1.003694 0.250000 0.042663
4.003226 -1.000839 2.005916 0.250000 0.036107
4.000370 -0.000062 1.004064 0.250000 0.047865
4.003695 -0.000045 2.006539 0.250000 0.042450
3.999958 0.999901 1.003728 0.250000 0.044269
4.003229 1.000753 2.005950 0.250000 0.038412
3.999182 1.999521 1.002800 0.250000 0.031891
4.002136 2.001054 2.004469 0.250000 0.026343
3.998725 2.999029 1.001695 0.250000 0.015739
4.001003 3.000787 2.002836 0.250000 0.012839
3.998776 3.998776 1.001148 0.250000 0.006387
4.000239 4.000239 2.001782 0.250000 0.005020
0.000000 0.000000 -1.000000 0.250000 0.000000
