-5.000579 -5.000579 0.001135 0.250000 -0.121074
-5.000866 -4.000643 0.000989 0.250000 -0.144275
-5.001309 -3.000684 0.001113 0.250000 -0.163965
-5.001833 -2.000612 0.001383 0.250000 -0.181582
-5.002282 -1.000353 0.001648 0.250000 -0.194996
-5.002458 0.000067 0.001773 0.250000 -0.201014
-5.002265 1.000492 0.001697 0.250000 -0.198348
-5.001804 2.000767 0.001502 0.250000 -0.187830
-5.001292 3.000866 0.001388 0.250000 -0.169928
-5.000915 4.000870 0.001556 0.250000 -0.142648
-4.000643 -5.000866 0.000989 0.250000 -0.144275
-4.001060 -4.001060 0.000867 0.250000 -0.177334
-4.001788 -3.001266 0.001220 0.250000 -0.207020
-4.002780 -2.001282 0.001911 0.250000 -0.233256
-4.003750 -1.000839 0.002653 0.250000 -0.250966
-4.004168 0.000069 0.003000 0.250000 -0.258080
-4.003731 1.000985 0.002700 0.250000 -0.255763
-4.002748 2.001457 0.002035 0.250000 -0.242433
-4.001771 3.001495 0.001539 0.250000 -0.216451
-4.001122 4.001361 0.001585 0.250000 -0.176478
-3.000684 -5.001309 0.001113 0.250000 -0.163965
-3.001266 -4.001788 0.001220 0.250000 -0.207020
-3.002429 -3.002429 0.002207 0.250000 -0.244637
-3.004324 -2.002824 0.004189 0.250000 -0.263700
-3.006532 -1.002102 0.006733 0.250000 -0.248424
-3.007604 0.000077 0.008062 0.250000 -0.231343
-3.006514 1.002271 0.006782 0.250000 -0.254168
-3.004293 2.003036 0.004324 0.250000 -0.274741
-3.002413 3.002720 0.002567 0.250000 -0.256166
-3.001329 4.002177 0.002048 0.250000 -0.206452
-2.000612 -5.001833 0.001383 0.250000 -0.181582
-2.001282 -4.002780 0.001911 0.250000 -0.233256
-2.002824 -3.004324 0.004189 0.250000 -0.263699
-2.005909 -2.005909 0.009695 0.250000 -0.194207
-2.010259 -1.005082 0.019090 0.250000 0.075566
-2.012497 0.000088 0.025079 0.250000 0.287652
-2.010244 1.005277 0.019141 0.250000 0.069162
-2.005884 2.006160 0.009841 0.250000 -0.206383
-2.002810 3.004679 0.004585 0.250000 -0.276112
-2.001330 4.003256 0.002827 0.250000 -0.231735
-1.000353 -5.002282 0.001648 0.250000 -0.194996
-1.000839 -4.003750 0.002653 0.250000 -0.250966
-1.002102 -3.006532 0.006733 0.250000 -0.248424
-1.005082 -2.010259 0.019090 0.250000 0.075565
-1.008742 -1.008742 0.046120 0.250000 1.145290
-1.010951 0.000096 0.061313 0.250000 1.783570
-1.008735 1.008956 0.046171 0.250000 1.138303
-1.005068 2.010539 0.019242 0.250000 0.062656
-1.002093 3.006934 0.007155 0.250000 -0.261017
-1.000860 4.004291 0.003633 0.250000 -0.247957
0.000067 -5.002458 0.001773 0.250000 -0.201014
0.000069 -4.004168 0.003000 0.250000 -0.258080
0.000077 -3.007604 0.008062 0.250000 -0.231344
0.000088 -2.012497 0.025079 0.250000 0.287652
0.000096 -1.010951 0.061313 0.250000 1.783569
0.000099 0.000099 0.083465 0.250000 2.743343
0.000096 1.011171 0.061363 0.250000 1.776386
0.000088 2.012788 0.025233 0.250000 0.274526
0.000081 3.008023 0.008494 0.250000 -0.243706
0.000080 4.004733 0.004007 0.250000 -0.253985
1.000492 -5.002265 0.001697 0.250000 -0.198349
1.000985 -4.003731 0.002700 0.250000 -0.255764
1.002271 -3.006514 0.006782 0.250000 -0.254168
1.005277 -2.010244 0.019141 0.250000 0.069163
1.008956 -1.008735 0.046171 0.250000 1.138302
1.011171 0.000096 0.061363 0.250000 1.776386
1.008947 1.008947 0.046223 0.250000 1.131529
1.005261 2.010523 0.019295 0.250000 0.056711
1.002266 3.006914 0.007208 0.250000 -0.265915
1.001027 4.004271 0.003689 0.250000 -0.251308
2.000767 -5.001804 0.001502 0.250000 -0.187829
2.001457 -4.002748 0.002035 0.250000 -0.242433
2.003036 -3.004293 0.004324 0.250000 -0.274741
2.006160 -2.005884 0.009841 0.250000 -0.206383
2.010539 -1.005068 0.019242 0.250000 0.062657
2.012788 0.000088 0.025233 0.250000 0.274525
2.010523 1.005261 0.019295 0.250000 0.056712
2.006133 2.006133 0.009990 0.250000 -0.217551
2.003024 3.004644 0.004726 0.250000 -0.285306
2.001519 4.003220 0.002964 0.250000 -0.237821
3.000866 -5.001292 0.001388 0.250000 -0.169928
3.001495 -4.001771 0.001539 0.250000 -0.216451
3.002720 -3.002413 0.002567 0.250000 -0.256165
3.004679 -2.002810 0.004585 0.250000 -0.276113
3.006934 -1.002093 0.007155 0.250000 -0.261017
3.008023 0.000081 0.008494 0.250000 -0.243706
3.006914 1.002266 0.007208 0.250000 -0.265915
3.004644 2.003024 0.004726 0.250000 -0.285307
3.002700 3.002700 0.002933 0.250000 -0.264490
3.001559 4.002153 0.002366 0.250000 -0.211260
4.000870 -5.000915 0.001556 0.250000 -0.142648
4.001361 -4.001122 0.001585 0.250000 -0.176478
4.002177 -3.001329 0.002048 0.250000 -0.206452
4.003256 -2.001330 0.002827 0.250000 -0.231736
4.004291 -1.000860 0.003633 0.250000 -0.247957
4.004733 0.000080 0.004007 0.250000 -0.253985
4.004271 1.001027 0.003689 0.250000 -0.251307
4.003220 2.001519 0.002964 0.250000 -0.237821
4.002153 3.001559 0.002366 0.250000 -0.211260
4.001412 4.001412 0.002244 0.250000 -0.171131
-5.000590 -5.000590 1.001369 0.250000 -0.119620
-5.000777 -5.000777 2.001736 0.250000 -0.112563
-5.000906 -4.000757 1.001367 0.250000 -0.137315
-5.001160 -4.000991 2.001911 0.250000 -0.124109
-5.001415 -3.000877 1.001653 0.250000 -0.148959
-5.001716 -3.001110 2.002326 0.250000 -0.129483
-5.002027 -2.000812 1.002084 0.250000 -0.157220
-5.002348 -2.000996 2.002863 0.250000 -0.130773
-5.002551 -1.000485 1.002476 0.250000 -0.162666
-5.002872 -1.000588 2.003330 0.250000 -0.130456
-5.002759 0.000047 1.002648 0.250000 -0.165660
-5.003077 0.000034 2.003529 0.250000 -0.131204
-5.002541 1.000577 1.002521 0.250000 -0.166536
-5.002872 1.000649 2.003381 0.250000 -0.134172
-5.002018 2.000895 1.002195 0.250000 -0.164431
-5.002362 2.001038 2.002989 0.250000 -0.137321
-5.001441 3.000948 1.001906 0.250000 -0.156558
-5.001769 3.001129 2.002582 0.250000 -0.136092
-5.001022 4.000861 1.001893 0.250000 -0.137719
-5.001288 4.001025 2.002369 0.250000 -0.125603
-4.000757 -5.000906 1.001367 0.250000 -0.137316
-4.000991 -5.001160 2.001911 0.250000 -0.124109
-4.001263 -4.001263 1.001512 0.250000 -0.157516
-4.001577 -4.001577 2.002327 0.250000 -0.133218
-4.002125 -3.001595 1.002182 0.250000 -0.168064
-4.002459 -3.001878 2.003192 0.250000 -0.131366
-4.003272 -2.001616 1.003195 0.250000 -0.171460
-4.003533 -2.001790 2.004339 0.250000 -0.121131
-4.004362 -1.001054 1.004182 0.250000 -0.169668
-4.004486 -1.001116 2.005380 0.250000 -0.108822
-4.004826 0.000049 1.004616 0.250000 -0.169318
-4.004876 0.000039 2.005822 0.250000 -0.104663
-4.004350 1.001151 1.004222 0.250000 -0.175280
-4.004484 1.001185 2.005428 0.250000 -0.114200
-4.003259 2.001708 1.003304 0.250000 -0.182242
-4.003541 2.001837 2.004467 0.250000 -0.130903
-4.002144 3.001679 1.002461 0.250000 -0.180375
-4.002501 3.001894 2.003476 0.250000 -0.142028
-4.001376 4.001397 1.002155 0.250000 -0.160508
-4.001689 4.001609 2.002870 0.250000 -0.137587
-3.000877 -5.001415 1.001653 0.250000 -0.148959
-3.001110 -5.001716 2.002326 0.250000 -0.129483
-3.001595 -4.002125 1.002182 0.250000 -0.168064
-3.001878 -4.002459 2.003192 0.250000 -0.131366
-3.002939 -3.002939 1.003683 0.250000 -0.168886
-3.003118 -3.003118 2.004888 0.250000 -0.112198
-3.004998 -2.003312 1.006114 0.250000 -0.146043
-3.004782 -2.003187 2.007265 0.250000 -0.071602
-3.007254 -1.002380 1.008792 0.250000 -0.103267
-3.006401 -1.002113 2.009592 0.250000 -0.023602
-3.008308 0.000057 1.010061 0.250000 -0.080205
-3.007105 0.000046 2.010616 0.250000 -0.002631
-3.007243 1.002496 1.008830 0.250000 -0.110218
-3.006397 1.002197 2.009639 0.250000 -0.030407
-3.004984 2.003427 1.006223 0.250000 -0.159577
-3.004784 2.003247 2.007394 0.250000 -0.084167
-3.002951 3.003055 1.003982 0.250000 -0.184906
-3.003149 3.003145 2.005190 0.250000 -0.126484
-3.001693 4.002306 1.002903 0.250000 -0.173492
-3.001968 4.002503 2.003793 0.250000 -0.138590
-2.000812 -5.002027 1.002084 0.250000 -0.157220
-2.000996 -5.002348 2.002863 0.250000 -0.130773
-2.001616 -4.003272 1.003195 0.250000 -0.171459
-2.001790 -4.003533 2.004339 0.250000 -0.121132
-2.003312 -3.004998 1.006114 0.250000 -0.146043
-2.003187 -3.004782 2.007265 0.250000 -0.071602
-2.006379 -2.006379 1.011529 0.250000 -0.040856
-2.005278 -2.005278 2.011727 0.250000 0.030952
-2.010336 -1.005141 1.018672 0.250000 0.157432
-2.007544 -1.003749 2.016551 0.250000 0.163109
-2.012381 0.000067 1.022476 0.250000 0.277583
-2.008599 0.000054 2.018806 0.250000 0.228055
-2.010327 1.005277 1.018708 0.250000 0.149491
-2.007541 1.003849 2.016595 0.250000 0.155216
-2.006367 2.006521 1.011640 0.250000 -0.056370
-2.005278 2.005354 2.011856 0.250000 0.016264
-2.003319 3.005151 1.006429 0.250000 -0.164618
-2.003208 3.004825 2.007579 0.250000 -0.088631
-2.001689 4.003505 1.003976 0.250000 -0.178136
-2.001854 4.003595 2.004980 0.250000 -0.130426
-1.000485 -5.002551 1.002476 0.250000 -0.162666
-1.000588 -5.002872 2.003330 0.250000 -0.130456
-1.001054 -4.004362 1.004182 0.250000 -0.169668
-1.001116 -4.004486 2.005380 0.250000 -0.108822
-1.002380 -3.007254 1.008792 0.250000 -0.103268
-1.002113 -3.006401 2.009592 0.250000 -0.023602
-1.005141 -2.010336 1.018672 0.250000 0.157433
-1.003749 -2.007544 2.016551 0.250000 0.163109
-1.009149 -1.009149 1.034091 0.250000 0.700532
-1.005691 -1.005691 2.024785 0.250000 0.425680
-1.011237 0.000074 1.043138 0.250000 1.053000
-1.006649 0.000060 2.028866 0.250000 0.564470
-1.009143 1.009300 1.034126 0.250000 0.691919
-1.005689 1.005803 2.024828 0.250000 0.417114
-1.005134 2.010498 1.018783 0.250000 0.140697
-1.003748 2.007632 2.016679 0.250000 0.147142
-1.002382 3.007437 1.009120 0.250000 -0.123249
-1.002122 3.006457 2.009913 0.250000 -0.042222
-1.001089 4.004637 1.005005 0.250000 -0.176559
-1.001148 4.004563 2.006048 0.250000 -0.119131
0.000047 -5.002759 1.002648 0.250000 -0.165660
0.000034 -5.003077 2.003529 0.250000 -0.131204
0.000049 -4.004826 1.004616 0.250000 -0.169319
0.000039 -4.004876 2.005822 0.250000 -0.104663
0.000057 -3.008308 1.010061 0.250000 -0.080205
0.000046 -3.007105 2.010616 0.250000 -0.002632
0.000067 -2.012381 1.022476 0.250000 0.277583
0.000054 -2.008599 2.018806 0.250000 0.228055
0.000074 -1.011237 1.043138 0.250000 1.053000
0.000060 -1.006649 2.028866 0.250000 0.564470
0.000076 0.000076 1.055331 0.250000 1.550657
0.000061 0.000061 2.033974 0.250000 0.747068
0.000073 1.011394 1.043172 0.250000 1.044194
0.000059 1.006765 2.028909 0.250000 0.555764
0.000066 2.012550 1.022588 0.250000 0.260581
0.000053 2.008692 2.018935 0.250000 0.211851
0.000059 3.008500 1.010394 0.250000 -0.100355
0.000047 3.007166 2.010942 0.250000 -0.021464
0.000058 4.005116 1.005458 0.250000 -0.175735
0.000042 4.004959 2.006501 0.250000 -0.114843
1.000577 -5.002541 1.002521 0.250000 -0.166537
1.000649 -5.002872 2.003381 0.250000 -0.134172
1.001151 -4.004350 1.004222 0.250000 -0.175280
1.001185 -4.004484 2.005428 0.250000 -0.114200
1.002496 -3.007243 1.008830 0.250000 -0.110219
1.002197 -3.006397 2.009639 0.250000 -0.030407
1.005277 -2.010327 1.018708 0.250000 0.149491
1.003849 -2.007541 2.016595 0.250000 0.155215
1.009300 -1.009143 1.034126 0.250000 0.691919
1.005803 -1.005689 2.024828 0.250000 0.417114
1.011394 0.000073 1.043172 0.250000 1.044191
1.006765 0.000059 2.028909 0.250000 0.555763
1.009293 1.009293 1.034161 0.250000 0.683577
1.005800 1.005800 2.024873 0.250000 0.408872
1.005268 2.010487 1.018822 0.250000 0.133346
1.003847 2.007628 2.016727 0.250000 0.139928
1.002501 3.007423 1.009162 0.250000 -0.129187
1.002208 3.006453 2.009965 0.250000 -0.047948
1.001203 4.004624 1.005054 0.250000 -0.180600
1.001225 4.004561 2.006103 0.250000 -0.123042
2.000895 -5.002018 1.002195 0.250000 -0.164431
2.001038 -5.002362 2.002989 0.250000 -0.137321
2.001708 -4.003259 1.003304 0.250000 -0.182241
2.001837 -4.003541 2.004467 0.250000 -0.130903
2.003427 -3.004984 1.006223 0.250000 -0.159578
2.003247 -3.004784 2.007394 0.250000 -0.084167
2.006521 -2.006367 1.011640 0.250000 -0.056370
2.005354 -2.005278 2.011856 0.250000 0.016264
2.010498 -1.005134 1.018783 0.250000 0.140699
2.007632 -1.003748 2.016679 0.250000 0.147142
2.012550 0.000066 1.022588 0.250000 0.260581
2.008692 0.000053 2.018935 0.250000 0.211851
2.010487 1.005268 1.018822 0.250000 0.133346
2.007628 1.003847 2.016727 0.250000 0.139928
2.006506 2.006506 1.011756 0.250000 -0.070615
2.005354 2.005354 2.011991 0.250000 0.002991
2.003436 3.005134 1.006548 0.250000 -0.175964
2.003270 3.004827 2.007716 0.250000 -0.098960
2.001795 4.003492 1.004100 0.250000 -0.185573
2.001911 4.003605 2.005118 0.250000 -0.137210
3.000948 -5.001441 1.001906 0.250000 -0.156558
3.001129 -5.001769 2.002582 0.250000 -0.136092
3.001679 -4.002144 1.002461 0.250000 -0.180375
3.001894 -4.002501 2.003476 0.250000 -0.142028
3.003055 -3.002951 1.003982 0.250000 -0.184906
3.003145 -3.003149 2.005190 0.250000 -0.126483
3.005151 -2.003319 1.006429 0.250000 -0.164618
3.004825 -2.003208 2.007578 0.250000 -0.088630
3.007437 -1.002382 1.009120 0.250000 -0.123249
3.006457 -1.002122 2.009913 0.250000 -0.042222
3.008500 0.000059 1.010394 0.250000 -0.100355
3.007166 0.000047 2.010942 0.250000 -0.021464
3.007423 1.002501 1.009162 0.250000 -0.129187
3.006453 1.002208 2.009965 0.250000 -0.047947
3.005134 2.003436 1.006548 0.250000 -0.175964
3.004827 2.003270 2.007716 0.250000 -0.098961
3.003069 3.003069 1.004293 0.250000 -0.197289
3.003181 3.003181 2.005500 0.250000 -0.137342
3.001792 4.002328 1.003189 0.250000 -0.180710
3.002001 4.002553 2.004078 0.250000 -0.144938
4.000861 -5.001022 1.001893 0.250000 -0.137718
4.001025 -5.001288 2.002369 0.250000 -0.125602
4.001397 -4.001376 1.002155 0.250000 -0.160508
4.001609 -4.001689 2.002870 0.250000 -0.137587
4.002306 -3.001693 1.002903 0.250000 -0.173492
4.002503 -3.001968 2.003793 0.250000 -0.138590
4.003505 -2.001689 1.003976 0.250000 -0.178136
4.003595 -2.001854 2.004980 0.250000 -0.130426
4.004637 -1.001089 1.005005 0.250000 -0.176559
4.004563 -1.001148 2.006048 0.250000 -0.119132
4.005116 0.000058 1.005458 0.250000 -0.175735
4.004959 0.000042 2.006501 0.250000 -0.114844
4.004624 1.001203 1.005054 0.250000 -0.180600
4.004561 1.001225 2.006103 0.250000 -0.123042
4.003492 2.001795 1.004100 0.250000 -0.185573
4.003605 2.001911 2.005118 0.250000 -0.137210
4.002328 3.001792 1.003189 0.250000 -0.180710
4.002553 3.002001 2.004078 0.250000 -0.144939
4.001519 4.001519 1.002758 0.250000 -0.158210
4.001740 4.001740 2.003386 0.250000 -0.137268
0.000000 0.000000 -1.000000 0.250000 0.000000
