-4.999672 -4.999672 0.000532 0.250000 0.006861
-4.999598 -3.999646 0.000349 0.250000 0.010677
-4.999668 -2.999745 0.000345 0.250000 0.016971
-4.999926 -1.999923 0.000307 0.250000 0.022661
-5.000286 -1.000045 0.000210 0.250000 0.025914
-5.000473 -0.000047 0.000158 0.250000 0.027091
-5.000308 0.999953 0.000205 0.250000 0.026917
-4.999937 1.999841 0.000277 0.250000 0.024263
-4.999634 2.999695 0.000343 0.250000 0.018734
-4.999586 3.999671 0.000610 0.250000 0.013552
-3.999646 -4.999598 0.000349 0.250000 0.010677
-3.999703 -3.999703 0.000069 0.250000 0.017836
-4.000240 -3.000157 -0.000138 0.250000 0.025289
-4.001505 -2.000740 -0.000620 0.250000 0.023674
-4.003166 -1.000807 -0.001224 0.250000 0.012427
-4.004001 -0.000065 -0.001498 0.250000 0.005721
-4.003190 1.000676 -0.001232 0.250000 0.013861
-4.001511 2.000620 -0.000676 0.250000 0.025978
-4.000190 3.000100 -0.000194 0.250000 0.027587
-3.999694 3.999794 0.000336 0.250000 0.021129
-2.999745 -4.999668 0.000345 0.250000 0.016971
-3.000157 -4.000240 -0.000138 0.250000 0.025289
-3.001874 -3.001874 -0.000980 0.250000 0.017919
-3.005965 -2.003997 -0.002340 0.250000 -0.029948
-3.011766 -1.003987 -0.002910 0.250000 -0.097350
-3.014833 -0.000074 -0.002631 0.250000 -0.126204
-3.011786 1.003837 -0.002917 0.250000 -0.095549
-3.005960 2.003869 -0.002405 0.250000 -0.026987
-3.001805 3.001867 -0.001066 0.250000 0.020781
-3.000145 4.000490 0.000109 0.250000 0.028604
-1.999923 -4.999926 0.000307 0.250000 0.022662
-2.000740 -4.001505 -0.000620 0.250000 0.023674
-2.003997 -3.005965 -0.002340 0.250000 -0.029947
-2.012686 -2.012686 -0.001706 0.250000 -0.157842
-2.026596 -1.013380 0.010113 0.250000 -0.214877
-2.034098 -0.000084 0.021521 0.250000 -0.177196
-2.026608 1.013212 0.010109 0.250000 -0.212735
-2.012672 2.012562 -0.001777 0.250000 -0.154395
-2.003925 3.006043 -0.002442 0.250000 -0.026732
-2.000724 4.001975 -0.000374 0.250000 0.026735
-1.000045 -5.000286 0.000210 0.250000 0.025914
-1.000807 -4.003166 -0.001224 0.250000 0.012427
-1.003987 -3.011766 -0.002910 0.250000 -0.097351
-1.013380 -2.026596 0.010113 0.250000 -0.214877
-1.025728 -1.025728 0.071925 0.250000 0.159342
-1.033258 -0.000092 0.110409 0.250000 0.442636
-1.025733 1.025547 0.071921 0.250000 0.161973
-1.013367 2.026479 0.010033 0.250000 -0.211026
-1.003941 3.011925 -0.003024 0.250000 -0.094007
-1.000793 4.003835 -0.000973 0.250000 0.015039
-0.000047 -5.000473 0.000158 0.250000 0.027091
-0.000065 -4.004001 -0.001498 0.250000 0.005721
-0.000074 -3.014833 -0.002631 0.250000 -0.126204
-0.000084 -2.034098 0.021521 0.250000 -0.177196
-0.000092 -1.033258 0.110409 0.250000 0.442635
-0.000094 -0.000094 0.169433 0.250000 0.913867
-0.000092 1.033074 0.110404 0.250000 0.445534
-0.000086 2.033986 0.021432 0.250000 -0.173126
-0.000078 3.015026 -0.002751 0.250000 -0.122855
-0.000057 4.004751 -0.001246 0.250000 0.008042
0.999953 -5.000308 0.000205 0.250000 0.026918
1.000676 -4.003190 -0.001232 0.250000 0.013861
1.003837 -3.011786 -0.002917 0.250000 -0.095549
1.013212 -2.026608 0.010109 0.250000 -0.212734
1.025547 -1.025733 0.071921 0.250000 0.161972
1.033074 -0.000092 0.110404 0.250000 0.445534
1.025554 1.025554 0.071914 0.250000 0.164631
1.013197 2.026493 0.010023 0.250000 -0.208879
1.003785 3.011945 -0.003036 0.250000 -0.092315
1.000684 4.003855 -0.000981 0.250000 0.016229
1.999841 -4.999937 0.000277 0.250000 0.024263
2.000620 -4.001511 -0.000676 0.250000 0.025978
2.003869 -3.005960 -0.002405 0.250000 -0.026987
2.012562 -2.012672 -0.001777 0.250000 -0.154395
2.026479 -1.013367 0.010033 0.250000 -0.211025
2.033986 -0.000086 0.021432 0.250000 -0.173126
2.026493 1.013197 0.010023 0.250000 -0.208879
2.012546 2.012546 -0.001858 0.250000 -0.151041
2.003797 3.006036 -0.002514 0.250000 -0.024070
2.000635 4.001972 -0.000415 0.250000 0.028602
2.999695 -4.999634 0.000343 0.250000 0.018734
3.000100 -4.000190 -0.000194 0.250000 0.027587
3.001867 -3.001805 -0.001066 0.250000 0.020781
3.006043 -2.003925 -0.002442 0.250000 -0.026733
3.011925 -1.003941 -0.003024 0.250000 -0.094007
3.015026 -0.000078 -0.002751 0.250000 -0.122856
3.011945 1.003785 -0.003036 0.250000 -0.092315
3.006036 2.003797 -0.002514 0.250000 -0.024069
3.001800 3.001800 -0.001143 0.250000 0.023195
3.000120 4.000436 0.000097 0.250000 0.030502
3.999671 -4.999586 0.000610 0.250000 0.013551
3.999794 -3.999694 0.000336 0.250000 0.021129
4.000490 -3.000145 0.000109 0.250000 0.028604
4.001975 -2.000724 -0.000374 0.250000 0.026735
4.003835 -1.000793 -0.000973 0.250000 0.015039
4.004751 -0.000057 -0.001246 0.250000 0.008042
4.003855 1.000684 -0.000981 0.250000 0.016229
4.001972 2.000635 -0.000415 0.250000 0.028603
4.000436 3.000120 0.000097 0.250000 0.030502
3.999805 3.999805 0.000629 0.250000 0.023917
-4.999466 -4.999466 1.000469 0.250000 0.001721
-4.999995 -4.999995 2.000732 0.250000 -0.000619
-4.999372 -3.999539 1.000405 0.250000 0.001782
-5.000257 -4.000266 2.000877 0.250000 -0.001178
-4.999411 -2.999689 1.000657 0.250000 0.005039
-5.000722 -3.000494 2.001333 0.250000 0.001005
-4.999581 -1.999858 1.001010 0.250000 0.010081
-5.001304 -2.000553 2.001933 0.250000 0.005323
-4.999812 -0.999982 1.001310 0.250000 0.014818
-5.001817 -1.000368 2.002453 0.250000 0.009867
-4.999928 -0.000026 1.001431 0.250000 0.017266
-5.002021 0.000016 2.002660 0.250000 0.012417
-4.999814 0.999934 1.001307 0.250000 0.016608
-5.001796 1.000403 2.002443 0.250000 0.011894
-4.999561 1.999811 1.000977 0.250000 0.013163
-5.001253 2.000583 2.001905 0.250000 0.008891
-4.999355 2.999620 1.000622 0.250000 0.008559
-5.000651 3.000485 2.001317 0.250000 0.005265
-4.999366 3.999485 1.000601 0.250000 0.005962
-5.000228 4.000217 2.001012 0.250000 0.003230
-3.999539 -4.999372 1.000405 0.250000 0.001781
-4.000266 -5.000257 2.000877 0.250000 -0.001179
-3.999557 -3.999557 1.000572 0.250000 0.005210
-4.000775 -4.000775 2.001427 0.250000 0.001270
-3.999900 -2.999945 1.001263 0.250000 0.014280
-4.001653 -3.001254 2.002569 0.250000 0.009165
-4.000693 -2.000371 1.002142 0.250000 0.023979
-4.002829 -2.001412 2.004038 0.250000 0.020082
-4.001739 -1.000465 1.002910 0.250000 0.029603
-4.003954 -1.000973 2.005351 0.250000 0.029535
-4.002267 -0.000035 1.003229 0.250000 0.031709
-4.004432 0.000023 2.005887 0.250000 0.034039
-4.001742 1.000401 1.002896 0.250000 0.032159
-4.003928 1.001026 2.005323 0.250000 0.032331
-4.000667 2.000314 1.002064 0.250000 0.028364
-4.002765 2.001468 2.003957 0.250000 0.024955
-3.999820 2.999875 1.001130 0.250000 0.019048
-4.001554 3.001270 2.002460 0.250000 0.014810
-3.999533 3.999539 1.000704 0.250000 0.010392
-4.000709 4.000739 2.001480 0.250000 0.006820
-2.999689 -4.999411 1.000657 0.250000 0.005039
-3.000494 -5.000722 2.001333 0.250000 0.001005
-2.999945 -3.999900 1.001263 0.250000 0.014280
-3.001254 -4.001653 2.002569 0.250000 0.009165
-3.001027 -3.001027 1.002680 0.250000 0.027250
-3.002663 -3.002663 2.004889 0.250000 0.024867
-3.003642 -2.002468 1.004636 0.250000 0.028449
-3.004813 -2.003198 2.008034 0.250000 0.041490
-3.007457 -1.002563 1.006890 0.250000 0.016705
-3.007165 -1.002368 2.011128 0.250000 0.052935
-3.009497 -0.000036 1.008090 0.250000 0.011094
-3.008258 0.000036 2.012495 0.250000 0.057986
-3.007457 1.002501 1.006868 0.250000 0.019963
-3.007136 1.002453 2.011080 0.250000 0.056430
-3.003607 2.002431 1.004518 0.250000 0.034005
-3.004741 2.003302 2.007896 0.250000 0.047495
-3.000930 3.001016 1.002447 0.250000 0.033013
-3.002549 3.002741 2.004671 0.250000 0.031527
-2.999908 4.000005 1.001283 0.250000 0.019756
-3.001167 4.001678 2.002497 0.250000 0.015198
-1.999858 -4.999581 1.001010 0.250000 0.010081
-2.000553 -5.001304 2.001933 0.250000 0.005323
-2.000371 -4.000693 1.002142 0.250000 0.023979
-2.001412 -4.002829 2.004038 0.250000 0.020081
-2.002468 -3.003642 1.004636 0.250000 0.028448
-2.003198 -3.004813 2.008034 0.250000 0.041489
-2.008276 -2.008276 1.009631 0.250000 -0.001843
-2.006402 -2.006402 2.014140 0.250000 0.058211
-2.017791 -1.009017 1.019006 0.250000 -0.023280
-2.010487 -1.005228 2.021244 0.250000 0.070208
-2.023232 -0.000036 1.025195 0.250000 -0.015810
-2.012570 0.000050 2.024787 0.250000 0.078203
-2.017787 1.008961 1.018975 0.250000 -0.019461
-2.010461 1.005348 2.021176 0.250000 0.074231
-2.008239 2.008270 1.009473 0.250000 0.004523
-2.006336 2.006562 2.013944 0.250000 0.064972
-2.002374 3.003719 1.004304 0.250000 0.034598
-2.003093 3.004969 2.007704 0.250000 0.048554
-2.000333 4.000973 1.002050 0.250000 0.028984
-2.001328 4.002940 2.003832 0.250000 0.025804
-0.999982 -4.999812 1.001310 0.250000 0.014818
-1.000368 -5.001817 2.002453 0.250000 0.009867
-1.000465 -4.001739 1.002910 0.250000 0.029603
-1.000973 -4.003954 2.005351 0.250000 0.029536
-1.002563 -3.007457 1.006890 0.250000 0.016706
-1.002368 -3.007165 2.011128 0.250000 0.052935
-1.009017 -2.017791 1.019006 0.250000 -0.023280
-1.005228 -2.010487 2.021244 0.250000 0.070207
-1.020338 -1.020338 1.047859 0.250000 0.066005
-1.009320 -1.009320 2.035045 0.250000 0.100111
-1.026643 -0.000034 1.068222 0.250000 0.185865
-1.011547 0.000061 2.042614 0.250000 0.126533
-1.020334 1.020291 1.047819 0.250000 0.070261
-1.009303 1.009468 2.034959 0.250000 0.104453
-1.008991 2.017812 1.018813 0.250000 -0.016455
-1.005188 2.010693 2.021003 0.250000 0.077334
-1.002504 3.007612 1.006479 0.250000 0.022766
-1.002303 3.007386 2.010710 0.250000 0.059930
-1.000438 4.002176 1.002730 0.250000 0.033709
-1.000918 4.004141 2.005036 0.250000 0.034512
-0.000026 -4.999928 1.001431 0.250000 0.017266
0.000016 -5.002021 2.002660 0.250000 0.012417
-0.000035 -4.002267 1.003229 0.250000 0.031709
0.000023 -4.004432 2.005887 0.250000 0.034039
-0.000036 -3.009497 1.008090 0.250000 0.011094
0.000036 -3.008258 2.012495 0.250000 0.057986
-0.000036 -2.023232 1.025195 0.250000 -0.015810
0.000050 -2.012570 2.024787 0.250000 0.078203
-0.000034 -1.026643 1.068222 0.250000 0.185864
0.000061 -1.011547 2.042614 0.250000 0.126532
-0.000032 -0.000032 1.097781 0.250000 0.388265
0.000066 0.000066 2.052735 0.250000 0.169847
-0.000033 1.026601 1.068176 0.250000 0.190298
0.000062 1.011708 2.042521 0.250000 0.130955
-0.000036 2.023267 1.024984 0.250000 -0.008863
0.000051 2.012794 2.024526 0.250000 0.085370
-0.000037 3.009686 1.007646 0.250000 0.016973
0.000038 3.008505 2.012042 0.250000 0.064782
-0.000026 4.002767 1.003014 0.250000 0.035247
0.000030 4.004649 2.005531 0.250000 0.038497
0.999934 -4.999814 1.001307 0.250000 0.016608
1.000403 -5.001796 2.002443 0.250000 0.011894
1.000401 -4.001742 1.002896 0.250000 0.032159
1.001026 -4.003928 2.005323 0.250000 0.032331
1.002501 -3.007457 1.006868 0.250000 0.019963
1.002453 -3.007136 2.011080 0.250000 0.056429
1.008961 -2.017787 1.018975 0.250000 -0.019462
1.005348 -2.010461 2.021176 0.250000 0.074230
1.020291 -1.020334 1.047819 0.250000 0.070262
1.009468 -1.009303 2.034959 0.250000 0.104454
1.026601 -0.000033 1.068176 0.250000 0.190300
1.011708 0.000062 2.042521 0.250000 0.130956
1.020288 1.020288 1.047776 0.250000 0.074472
1.009453 1.009453 2.034873 0.250000 0.108696
1.008935 2.017810 1.018777 0.250000 -0.012769
1.005309 2.010667 2.020932 0.250000 0.081135
1.002440 3.007611 1.006453 0.250000 0.025742
1.002391 3.007355 2.010661 0.250000 0.063061
1.000393 4.002173 1.002718 0.250000 0.035841
1.000984 4.004112 2.005012 0.250000 0.036834
1.999812 -4.999561 1.000977 0.250000 0.013163
2.000583 -5.001253 2.001905 0.250000 0.008890
2.000314 -4.000667 1.002064 0.250000 0.028364
2.001468 -4.002765 2.003957 0.250000 0.024955
2.002431 -3.003607 1.004518 0.250000 0.034005
2.003302 -3.004741 2.007896 0.250000 0.047496
2.008270 -2.008239 1.009473 0.250000 0.004523
2.006562 -2.006336 2.013944 0.250000 0.064972
2.017812 -1.008991 1.018813 0.250000 -0.016456
2.010693 -1.005188 2.021003 0.250000 0.077333
2.023267 -0.000036 1.024984 0.250000 -0.008864
2.012794 0.000051 2.024526 0.250000 0.085369
2.017810 1.008935 1.018777 0.250000 -0.012768
2.010667 1.005309 2.020932 0.250000 0.081134
2.008231 2.008231 1.009308 0.250000 0.010548
2.006496 2.006496 2.013746 0.250000 0.071254
2.002335 3.003678 1.004184 0.250000 0.039521
2.003198 3.004893 2.007570 0.250000 0.053807
2.000299 4.000935 1.001988 0.250000 0.032537
2.001395 4.002871 2.003766 0.250000 0.029749
2.999620 -4.999355 1.000622 0.250000 0.008558
3.000485 -5.000651 2.001317 0.250000 0.005265
2.999875 -3.999820 1.001130 0.250000 0.019048
3.001270 -4.001554 2.002460 0.250000 0.014810
3.001016 -3.000930 1.002447 0.250000 0.033013
3.002741 -3.002549 2.004671 0.250000 0.031527
3.003719 -2.002374 1.004304 0.250000 0.034599
3.004969 -2.003093 2.007704 0.250000 0.048554
3.007612 -1.002504 1.006479 0.250000 0.022766
3.007386 -1.002303 2.010710 0.250000 0.059930
3.009686 -0.000037 1.007646 0.250000 0.016973
3.008505 0.000038 2.012042 0.250000 0.064781
3.007611 1.002440 1.006453 0.250000 0.025741
3.007355 1.002391 2.010661 0.250000 0.063061
3.003678 2.002335 1.004184 0.250000 0.039521
3.004893 2.003198 2.007570 0.250000 0.053807
3.000915 3.000915 1.002227 0.250000 0.037805
3.002626 3.002626 2.004470 0.250000 0.037081
2.999868 3.999922 1.001198 0.250000 0.023468
3.001198 4.001580 2.002423 0.250000 0.019562
3.999485 -4.999366 1.000601 0.250000 0.005962
4.000217 -5.000228 2.001012 0.250000 0.003230
3.999539 -3.999533 1.000704 0.250000 0.010392
4.000739 -4.000709 2.001480 0.250000 0.006820
4.000005 -2.999908 1.001283 0.250000 0.019756
4.001678 -3.001167 2.002497 0.250000 0.015198
4.000973 -2.000333 1.002050 0.250000 0.028984
4.002940 -2.001328 2.003832 0.250000 0.025804
4.002176 -1.000438 1.002730 0.250000 0.033709
4.004141 -1.000918 2.005036 0.250000 0.034511
4.002767 -0.000026 1.003014 0.250000 0.035246
4.004649 0.000030 2.005531 0.250000 0.038498
4.002173 1.000393 1.002718 0.250000 0.035841
4.004112 1.000984 2.005012 0.250000 0.036834
4.000935 2.000299 1.001988 0.250000 0.032537
4.002871 2.001395 2.003766 0.250000 0.029749
3.999922 2.999868 1.001198 0.250000 0.023468
4.001580 3.001198 2.002423 0.250000 0.019562
3.999544 3.999544 1.000881 0.250000 0.014327
4.000698 4.000698 2.001572 0.250000 0.010888
0.000000 0.000000 -1.000000 0.250000 0.000000
