-5.000494 -5.000494 0.002713 0.250000 -0.079045
-5.000685 -4.000532 0.002901 0.250000 -0.106800
-5.000943 -3.000531 0.003235 0.250000 -0.113580
-5.001231 -2.000448 0.003632 0.250000 -0.106674
-5.001470 -1.000249 0.003965 0.250000 -0.095537
-5.001565 0.000041 0.004110 0.250000 -0.088643
-5.001467 1.000331 0.004012 0.250000 -0.089534
-5.001227 2.000532 0.003736 0.250000 -0.092899
-5.000946 3.000621 0.003429 0.250000 -0.086104
-5.000707 4.000630 0.003227 0.250000 -0.056970
-4.000532 -5.000685 0.002901 0.250000 -0.106800
-4.000796 -4.000796 0.003214 0.250000 -0.138566
-4.001198 -3.000873 0.003816 0.250000 -0.135034
-4.001711 -2.000814 0.004601 0.250000 -0.104687
-4.002194 -1.000502 0.005325 0.250000 -0.065832
-4.002400 0.000046 0.005644 0.250000 -0.045680
-4.002191 1.000595 0.005380 0.250000 -0.059249
-4.001707 2.000913 0.004725 0.250000 -0.089058
-4.001201 3.000983 0.004054 0.250000 -0.101930
-4.000821 4.000920 0.003632 0.250000 -0.074906
-3.000531 -5.000943 0.003235 0.250000 -0.113579
-3.000873 -4.001198 0.003816 0.250000 -0.135035
-3.001473 -3.001473 0.004961 0.250000 -0.095593
-3.002386 -2.001565 0.006662 0.250000 0.010060
-3.003410 -1.001096 0.008508 0.250000 0.152894
-3.003900 0.000051 0.009400 0.250000 0.229128
-3.003407 1.001202 0.008570 0.250000 0.160144
-3.002382 2.001680 0.006802 0.250000 0.027550
-3.001476 3.001604 0.005233 0.250000 -0.057845
-3.000898 4.001348 0.004299 0.250000 -0.061463
-2.000448 -5.001231 0.003632 0.250000 -0.106674
-2.000814 -4.001711 0.004601 0.250000 -0.104687
-2.001565 -3.002386 0.006662 0.250000 0.010060
-2.002976 -2.002976 0.010407 0.250000 0.316438
-2.004901 -1.002421 0.015731 0.250000 0.838104
-2.005878 0.000056 0.018863 0.250000 1.168586
-2.004898 1.002538 0.015798 0.250000 0.845900
-2.002972 2.003106 0.010560 0.250000 0.335456
-2.001567 3.002537 0.006960 0.250000 0.051464
-2.000833 4.001884 0.005130 0.250000 -0.023703
-1.000249 -5.001470 0.003965 0.250000 -0.095536
-1.000502 -4.002194 0.005325 0.250000 -0.065832
-1.001096 -3.003410 0.008508 0.250000 0.152894
-1.002421 -2.004901 0.015731 0.250000 0.838104
-1.004008 -1.004008 0.029181 0.250000 2.311251
-1.004965 0.000060 0.036502 0.250000 3.137121
-1.004006 1.004132 0.029251 0.250000 2.319290
-1.002420 2.005041 0.015891 0.250000 0.858042
-1.001097 3.003575 0.008822 0.250000 0.196702
-1.000512 4.002384 0.005883 0.250000 0.020125
0.000041 -5.001565 0.004110 0.250000 -0.088644
0.000046 -4.002400 0.005644 0.250000 -0.045680
0.000051 -3.003900 0.009400 0.250000 0.229128
0.000056 -2.005878 0.018863 0.250000 1.168586
0.000060 -1.004965 0.036502 0.250000 3.137120
0.000061 0.000061 0.047002 0.250000 4.336896
0.000059 1.005091 0.036572 0.250000 3.145211
0.000056 2.006021 0.019024 0.250000 1.188777
0.000051 3.004069 0.009718 0.250000 0.273772
0.000046 4.002596 0.006212 0.250000 0.042092
1.000331 -5.001467 0.004012 0.250000 -0.089534
1.000595 -4.002191 0.005380 0.250000 -0.059249
1.001202 -3.003407 0.008570 0.250000 0.160144
1.002538 -2.004898 0.015798 0.250000 0.845899
1.004132 -1.004006 0.029251 0.250000 2.319290
1.005091 0.000059 0.036572 0.250000 3.145212
1.004130 1.004130 0.029319 0.250000 2.327295
1.002535 2.005037 0.015955 0.250000 0.865759
1.001201 3.003570 0.008880 0.250000 0.203873
1.000605 4.002380 0.005934 0.250000 0.026735
2.000532 -5.001227 0.003736 0.250000 -0.092899
2.000913 -4.001707 0.004725 0.250000 -0.089058
2.001680 -3.002382 0.006802 0.250000 0.027551
2.003106 -2.002972 0.010560 0.250000 0.335456
2.005041 -1.002420 0.015891 0.250000 0.858042
2.006021 0.000056 0.019024 0.250000 1.188778
2.005037 1.002535 0.015955 0.250000 0.865758
2.003100 2.003100 0.010707 0.250000 0.354264
2.001680 3.002530 0.007092 0.250000 0.068610
2.000930 4.001878 0.005243 0.250000 -0.008447
3.000621 -5.000946 0.003429 0.250000 -0.086104
3.000983 -4.001201 0.004054 0.250000 -0.101930
3.001604 -3.001476 0.005233 0.250000 -0.057845
3.002537 -2.001567 0.006960 0.250000 0.051464
3.003575 -1.001097 0.008822 0.250000 0.196701
3.004069 0.000051 0.009718 0.250000 0.273772
3.003570 1.001201 0.008880 0.250000 0.203874
3.002530 2.001680 0.007092 0.250000 0.068609
3.001603 3.001603 0.005490 0.250000 -0.021111
3.001003 4.001346 0.004510 0.250000 -0.030715
4.000630 -5.000707 0.003227 0.250000 -0.056970
4.000920 -4.000821 0.003632 0.250000 -0.074906
4.001348 -3.000898 0.004299 0.250000 -0.061463
4.001884 -2.000833 0.005130 0.250000 -0.023703
4.002384 -1.000512 0.005883 0.250000 0.020125
4.002596 0.000046 0.006212 0.250000 0.042092
4.002380 1.000605 0.005934 0.250000 0.026735
4.001878 2.000930 0.005243 0.250000 -0.008447
4.001346 3.001003 0.004510 0.250000 -0.030715
4.000937 4.000937 0.003990 0.250000 -0.018693
-5.000668 -5.000668 1.002870 0.250000 -0.063800
-5.000842 -5.000842 2.003082 0.250000 -0.040151
-5.000921 -4.000758 1.003122 0.250000 -0.082601
-5.001134 -4.000941 2.003412 0.250000 -0.046856
-5.001270 -3.000788 1.003520 0.250000 -0.080116
-5.001512 -3.000956 2.003858 0.250000 -0.036236
-5.001661 -2.000680 1.003974 0.250000 -0.064411
-5.001920 -2.000810 2.004342 0.250000 -0.014408
-5.001985 -1.000395 1.004350 0.250000 -0.046490
-5.002249 -1.000472 2.004732 0.250000 0.007594
-5.002115 0.000020 1.004510 0.250000 -0.037077
-5.002380 0.000003 2.004897 0.250000 0.018561
-5.001990 1.000434 1.004397 0.250000 -0.040632
-5.002260 1.000475 2.004782 0.250000 0.013971
-5.001674 2.000714 1.004079 0.250000 -0.050896
-5.001946 2.000808 2.004450 0.250000 0.000021
-5.001303 3.000818 1.003708 0.250000 -0.053808
-5.001561 3.000951 2.004043 0.250000 -0.010137
-5.000986 4.000802 1.003433 0.250000 -0.035502
-5.001212 4.000952 2.003688 0.250000 -0.005235
-4.000758 -5.000921 1.003122 0.250000 -0.082600
-4.000941 -5.001134 2.003412 0.250000 -0.046856
-4.001125 -4.001125 1.003541 0.250000 -0.098395
-4.001348 -4.001348 2.003939 0.250000 -0.044274
-4.001673 -3.001265 1.004251 0.250000 -0.077507
-4.001907 -3.001456 2.004702 0.250000 -0.011393
-4.002351 -2.001180 1.005130 0.250000 -0.030445
-4.002555 -2.001305 2.005586 0.250000 0.042900
-4.002969 -1.000735 1.005913 0.250000 0.020625
-4.003111 -1.000793 2.006339 0.250000 0.096394
-4.003230 0.000022 1.006251 0.250000 0.044999
-4.003338 0.000002 2.006656 0.250000 0.120968
-4.002973 1.000776 1.005967 0.250000 0.026917
-4.003120 1.000794 2.006396 0.250000 0.103362
-4.002362 2.001218 1.005251 0.250000 -0.015425
-4.002577 2.001299 2.005712 0.250000 0.059102
-4.001701 3.001298 1.004478 0.250000 -0.046585
-4.001950 3.001445 2.004922 0.250000 0.019085
-4.001186 4.001178 1.003932 0.250000 -0.039617
-4.001417 4.001355 2.004278 0.250000 0.006211
-3.000788 -5.001270 1.003520 0.250000 -0.080115
-3.000956 -5.001512 2.003858 0.250000 -0.036236
-3.001265 -4.001673 1.004251 0.250000 -0.077507
-3.001456 -4.001907 2.004702 0.250000 -0.011393
-3.002056 -3.002056 1.005541 0.250000 -0.011268
-3.002199 -3.002199 2.005996 0.250000 0.066114
-3.003177 -2.002115 1.007319 0.250000 0.115656
-3.003141 -2.002105 2.007616 0.250000 0.188417
-3.004344 -1.001436 1.009102 0.250000 0.262424
-3.004024 -1.001348 2.009105 0.250000 0.313635
-3.004878 0.000025 1.009916 0.250000 0.333995
-3.004403 0.000003 2.009750 0.250000 0.370861
-3.004347 1.001483 1.009162 0.250000 0.269179
-3.004031 1.001350 2.009168 0.250000 0.321105
-3.003185 2.002159 1.007455 0.250000 0.132060
-3.003158 2.002098 2.007756 0.250000 0.206055
-3.002078 3.002096 1.005798 0.250000 0.023268
-3.002232 3.002186 2.006243 0.250000 0.099955
-3.001315 4.001737 1.004698 0.250000 -0.010597
-3.001511 4.001916 2.005087 0.250000 0.045642
-2.000680 -5.001661 1.003974 0.250000 -0.064411
-2.000810 -5.001920 2.004342 0.250000 -0.014407
-2.001180 -4.002351 1.005130 0.250000 -0.030445
-2.001305 -4.002555 2.005586 0.250000 0.042900
-2.002115 -3.003177 1.007319 0.250000 0.115656
-2.002105 -3.003141 2.007616 0.250000 0.188417
-2.003671 -2.003671 1.010791 0.250000 0.410804
-2.003230 -2.003230 2.010399 0.250000 0.426934
-2.005574 -1.002775 1.014904 0.250000 0.805713
-2.004397 -1.002199 2.013213 0.250000 0.690876
-2.006535 0.000027 1.016989 0.250000 1.017043
-2.004930 0.000003 2.014495 0.250000 0.816378
-2.005575 1.002829 1.014969 0.250000 0.812840
-2.004402 1.002203 2.013280 0.250000 0.698716
-2.003676 2.003722 1.010937 0.250000 0.428277
-2.003241 2.003225 2.010550 0.250000 0.445603
-2.002131 3.003225 1.007597 0.250000 0.152855
-2.002127 3.003129 2.007883 0.250000 0.224618
-2.001216 4.002427 1.005617 0.250000 0.042355
-2.001342 4.002566 2.006003 0.250000 0.104529
-1.000395 -5.001985 1.004350 0.250000 -0.046490
-1.000472 -5.002249 2.004732 0.250000 0.007594
-1.000735 -4.002969 1.005913 0.250000 0.020625
-1.000793 -4.003111 2.006339 0.250000 0.096394
-1.001436 -3.004344 1.009102 0.250000 0.262424
-1.001348 -3.004024 2.009105 0.250000 0.313634
-1.002775 -2.005574 1.014904 0.250000 0.805713
-1.002199 -2.004397 2.013213 0.250000 0.690876
-1.004627 -1.004627 1.023005 0.250000 1.652088
-1.003164 -1.003164 2.017738 0.250000 1.142671
-1.005573 0.000030 1.027538 0.250000 2.147052
-1.003629 0.000004 2.019913 0.250000 1.368187
-1.004628 1.004686 1.023072 0.250000 1.659416
-1.003166 1.003169 2.017808 0.250000 1.150724
-1.002778 2.005630 1.015057 0.250000 0.823838
-1.002204 2.004393 2.013369 0.250000 0.710158
-1.001443 3.004400 1.009393 0.250000 0.301307
-1.001358 3.004014 2.009383 0.250000 0.351259
-1.000752 4.003055 1.006424 0.250000 0.097268
-1.000811 4.003125 2.006775 0.250000 0.160851
0.000020 -5.002115 1.004510 0.250000 -0.037077
0.000003 -5.002380 2.004897 0.250000 0.018561
0.000022 -4.003230 1.006251 0.250000 0.044999
0.000002 -4.003338 2.006656 0.250000 0.120968
0.000025 -3.004878 1.009916 0.250000 0.333995
0.000003 -3.004403 2.009750 0.250000 0.370860
0.000027 -2.006535 1.016989 0.250000 1.017043
0.000003 -2.004930 2.014495 0.250000 0.816379
0.000030 -1.005573 1.027538 0.250000 2.147052
0.000004 -1.003629 2.019913 0.250000 1.368186
0.000030 0.000030 1.033506 0.250000 2.811446
0.000005 0.000005 2.022576 0.250000 1.649556
0.000030 1.005633 1.027605 0.250000 2.154429
0.000005 1.003635 2.019983 0.250000 1.376308
0.000028 2.006593 1.017143 0.250000 1.035380
0.000004 2.004928 2.014652 0.250000 0.835859
0.000025 3.004936 1.010210 0.250000 0.373471
0.000004 3.004394 2.010031 0.250000 0.408956
0.000024 4.003319 1.006769 0.250000 0.123046
0.000005 4.003354 2.007097 0.250000 0.186389
1.000434 -5.001990 1.004397 0.250000 -0.040632
1.000475 -5.002260 2.004782 0.250000 0.013972
1.000776 -4.002973 1.005967 0.250000 0.026917
1.000794 -4.003120 2.006396 0.250000 0.103362
1.001483 -3.004347 1.009162 0.250000 0.269179
1.001350 -3.004031 2.009168 0.250000 0.321105
1.002829 -2.005575 1.014969 0.250000 0.812839
1.002203 -2.004402 2.013280 0.250000 0.698716
1.004686 -1.004628 1.023072 0.250000 1.659416
1.003169 -1.003166 2.017808 0.250000 1.150724
1.005633 0.000030 1.027605 0.250000 2.154428
1.003635 0.000005 2.019983 0.250000 1.376308
1.004686 1.004686 1.023138 0.250000 1.666738
1.003172 1.003172 2.017877 0.250000 1.158768
1.002832 2.005631 1.015119 0.250000 0.830946
1.002210 2.004399 2.013434 0.250000 0.717963
1.001492 3.004402 1.009450 0.250000 0.308054
1.001364 3.004022 2.009443 0.250000 0.358660
1.000798 4.003059 1.006474 0.250000 0.103626
1.000819 4.003135 2.006827 0.250000 0.167710
2.000714 -5.001674 1.004079 0.250000 -0.050896
2.000808 -5.001946 2.004450 0.250000 0.000021
2.001218 -4.002362 1.005251 0.250000 -0.015425
2.001299 -4.002577 2.005712 0.250000 0.059102
2.002159 -3.003185 1.007455 0.250000 0.132060
2.002098 -3.003158 2.007756 0.250000 0.206054
2.003722 -2.003676 1.010937 0.250000 0.428277
2.003225 -2.003241 2.010550 0.250000 0.445603
2.005630 -1.002778 1.015057 0.250000 0.823838
2.004393 -1.002204 2.013369 0.250000 0.710157
2.006593 0.000028 1.017143 0.250000 1.035380
2.004928 0.000004 2.014652 0.250000 0.835859
2.005631 1.002832 1.015119 0.250000 0.830945
2.004399 1.002210 2.013434 0.250000 0.717964
2.003727 2.003727 1.011079 0.250000 0.445661
2.003238 2.003238 2.010695 0.250000 0.464141
2.002176 3.003234 1.007725 0.250000 0.169063
2.002125 3.003149 2.008015 0.250000 0.241931
2.001258 4.002439 1.005728 0.250000 0.057108
2.001344 4.002590 2.006118 0.250000 0.120136
3.000818 -5.001303 1.003708 0.250000 -0.053808
3.000951 -5.001561 2.004043 0.250000 -0.010137
3.001298 -4.001701 1.004478 0.250000 -0.046585
3.001445 -4.001950 2.004922 0.250000 0.019085
3.002096 -3.002078 1.005798 0.250000 0.023268
3.002186 -3.002232 2.006243 0.250000 0.099955
3.003225 -2.002131 1.007597 0.250000 0.152855
3.003129 -2.002127 2.007883 0.250000 0.224618
3.004400 -1.001443 1.009393 0.250000 0.301307
3.004014 -1.001358 2.009383 0.250000 0.351258
3.004936 0.000025 1.010210 0.250000 0.373473
3.004394 0.000004 2.010031 0.250000 0.408956
3.004402 1.001492 1.009450 0.250000 0.308054
3.004022 1.001364 2.009443 0.250000 0.358660
3.003234 2.002176 1.007725 0.250000 0.169062
3.003149 2.002125 2.008015 0.250000 0.241931
3.002120 3.002120 1.006040 0.250000 0.057026
3.002225 3.002225 2.006476 0.250000 0.132838
3.001353 4.001767 1.004901 0.250000 0.018430
3.001510 4.001963 2.005284 0.250000 0.074130
4.000802 -5.000986 1.003433 0.250000 -0.035502
4.000952 -5.001212 2.003688 0.250000 -0.005235
4.001178 -4.001186 1.003932 0.250000 -0.039617
4.001355 -4.001417 2.004278 0.250000 0.006211
4.001737 -3.001315 1.004698 0.250000 -0.010597
4.001916 -3.001511 2.005087 0.250000 0.045642
4.002427 -2.001216 1.005617 0.250000 0.042356
4.002566 -2.001342 2.006003 0.250000 0.104529
4.003055 -1.000752 1.006424 0.250000 0.097268
4.003125 -1.000811 2.006775 0.250000 0.160851
4.003319 0.000024 1.006769 0.250000 0.123046
4.003354 0.000005 2.007097 0.250000 0.186389
4.003059 1.000798 1.006474 0.250000 0.103626
4.003135 1.000819 2.006827 0.250000 0.167710
4.002439 2.001258 1.005728 0.250000 0.057108
4.002590 2.001344 2.006118 0.250000 0.120135
4.001767 3.001353 1.004901 0.250000 0.018431
4.001963 3.001510 2.005284 0.250000 0.074130
4.001241 4.001241 1.004271 0.250000 0.012986
4.001433 4.001433 2.004576 0.250000 0.052099
0.000000 0.000000 -1.000000 0.250000 0.000000
