-5.000544 -5.000544 0.002459 0.250000 -0.138959
-5.000764 -4.000588 0.002582 0.250000 -0.172372
-5.001068 -3.000593 0.002889 0.250000 -0.187841
-5.001411 -2.000504 0.003283 0.250000 -0.191112
-5.001699 -1.000280 0.003625 0.250000 -0.188635
-5.001812 0.000051 0.003778 0.250000 -0.185817
-5.001694 1.000383 0.003681 0.250000 -0.184886
-5.001404 2.000612 0.003408 0.250000 -0.181944
-5.001069 3.000709 0.003127 0.250000 -0.167409
-5.000793 4.000718 0.002994 0.250000 -0.131575
-4.000588 -5.000764 0.002582 0.250000 -0.172372
-4.000895 -4.000895 0.002817 0.250000 -0.213406
-4.001373 -3.000994 0.003402 0.250000 -0.225220
-4.001991 -2.000939 0.004218 0.250000 -0.213965
-4.002577 -1.000584 0.004993 0.250000 -0.192071
-4.002827 0.000056 0.005341 0.250000 -0.179638
-4.002571 1.000699 0.005057 0.250000 -0.188345
-4.001983 2.001064 0.004364 0.250000 -0.204234
-4.001375 3.001137 0.003692 0.250000 -0.201254
-4.000929 4.001059 0.003344 0.250000 -0.161571
-3.000593 -5.001068 0.002889 0.250000 -0.187841
-3.000994 -4.001373 0.003402 0.250000 -0.225220
-3.001716 -3.001716 0.004583 0.250000 -0.212850
-3.002830 -2.001853 0.006441 0.250000 -0.142796
-3.004087 -1.001311 0.008522 0.250000 -0.033258
-3.004690 0.000063 0.009543 0.250000 0.028048
-3.004082 1.001442 0.008593 0.250000 -0.029320
-3.002822 2.001999 0.006606 0.250000 -0.132160
-3.001718 3.001888 0.004915 0.250000 -0.185732
-3.001028 4.001575 0.004011 0.250000 -0.165356
-2.000504 -5.001411 0.003283 0.250000 -0.191112
-2.000939 -4.001991 0.004218 0.250000 -0.213966
-2.001853 -3.002830 0.006441 0.250000 -0.142796
-2.003589 -2.003589 0.010706 0.250000 0.102809
-2.005973 -1.002950 0.016982 0.250000 0.564314
-2.007187 0.000070 0.020733 0.250000 0.867226
-2.005969 1.003096 0.017059 0.250000 0.568478
-2.003583 2.003755 0.010886 0.250000 0.114334
-2.001853 3.003029 0.006805 0.250000 -0.112946
-2.000965 4.002226 0.004887 0.250000 -0.147742
-1.000280 -5.001699 0.003625 0.250000 -0.188636
-1.000584 -4.002577 0.004993 0.250000 -0.192071
-1.001311 -3.004087 0.008522 0.250000 -0.033258
-1.002950 -2.005973 0.016982 0.250000 0.564314
-1.004924 -1.004924 0.033239 0.250000 1.945551
-1.006114 0.000074 0.042149 0.250000 2.729574
-1.004921 1.005080 0.033319 0.250000 1.949744
-1.002947 2.006153 0.017170 0.250000 0.576394
-1.001311 3.004306 0.008906 0.250000 -0.001463
-1.000597 4.002836 0.005701 0.250000 -0.121314
0.000051 -5.001812 0.003778 0.250000 -0.185818
0.000056 -4.002827 0.005341 0.250000 -0.179639
0.000063 -3.004690 0.009543 0.250000 0.028048
0.000070 -2.007187 0.020733 0.250000 0.867226
0.000074 -1.006114 0.042149 0.250000 2.729574
0.000076 0.000076 0.054968 0.250000 3.876399
0.000074 1.006273 0.042229 0.250000 2.733772
0.000069 2.007371 0.020923 0.250000 0.879493
0.000063 3.004915 0.009933 0.250000 0.060649
0.000058 4.003095 0.006062 0.250000 -0.107025
1.000383 -5.001694 0.003681 0.250000 -0.184886
1.000699 -4.002571 0.005057 0.250000 -0.188346
1.001442 -3.004082 0.008593 0.250000 -0.029320
1.003096 -2.005969 0.017059 0.250000 0.568477
1.005080 -1.004921 0.033319 0.250000 1.949745
1.006273 0.000074 0.042229 0.250000 2.733772
1.005077 1.005077 0.033398 0.250000 1.954015
1.003091 2.006147 0.017245 0.250000 0.580711
1.001441 3.004299 0.008974 0.250000 0.002773
1.000715 4.002829 0.005762 0.250000 -0.117016
2.000612 -5.001404 0.003408 0.250000 -0.181944
2.001064 -4.001983 0.004364 0.250000 -0.204234
2.001999 -3.002822 0.006606 0.250000 -0.132160
2.003755 -2.003583 0.010886 0.250000 0.114335
2.006153 -1.002947 0.017170 0.250000 0.576395
2.007371 0.000069 0.020923 0.250000 0.879493
2.006147 1.003091 0.017245 0.250000 0.580710
2.003746 2.003746 0.011060 0.250000 0.126139
2.001997 3.003018 0.006962 0.250000 -0.101845
2.001090 4.002215 0.005024 0.250000 -0.137198
3.000709 -5.001069 0.003127 0.250000 -0.167408
3.001137 -4.001375 0.003692 0.250000 -0.201254
3.001888 -3.001718 0.004915 0.250000 -0.185732
3.003029 -2.001853 0.006805 0.250000 -0.112947
3.004306 -1.001311 0.008906 0.250000 -0.001462
3.004915 0.000063 0.009933 0.250000 0.060649
3.004299 1.001441 0.008974 0.250000 0.002774
3.003018 2.001997 0.006962 0.250000 -0.101845
3.001885 3.001885 0.005232 0.250000 -0.158252
3.001165 4.001570 0.004273 0.250000 -0.141727
4.000718 -5.000793 0.002994 0.250000 -0.131574
4.001059 -4.000929 0.003344 0.250000 -0.161571
4.001575 -3.001028 0.004011 0.250000 -0.165356
4.002226 -2.000965 0.004887 0.250000 -0.147741
4.002836 -1.000597 0.005701 0.250000 -0.121314
4.003095 0.000058 0.006062 0.250000 -0.107024
4.002829 1.000715 0.005762 0.250000 -0.117016
4.002215 2.001090 0.005024 0.250000 -0.137199
4.001570 3.001165 0.004273 0.250000 -0.141726
4.001084 4.001084 0.003802 0.250000 -0.114268
-5.000688 -5.000688 1.002642 0.250000 -0.126727
-5.000862 -5.000862 2.002896 0.250000 -0.106451
-5.000966 -4.000799 1.002846 0.250000 -0.151609
-5.001183 -4.000989 2.003201 0.250000 -0.119985
-5.001360 -3.000848 1.003235 0.250000 -0.157743
-5.001610 -3.001027 2.003656 0.250000 -0.117967
-5.001811 -2.000742 1.003706 0.250000 -0.151789
-5.002076 -2.000882 2.004169 0.250000 -0.105308
-5.002187 -1.000433 1.004105 0.250000 -0.142049
-5.002455 -1.000517 2.004591 0.250000 -0.090798
-5.002338 0.000026 1.004278 0.250000 -0.136526
-5.002606 0.000006 2.004773 0.250000 -0.083421
-5.002192 1.000484 1.004160 0.250000 -0.138539
-5.002467 1.000526 2.004650 0.250000 -0.086762
-5.001825 2.000787 1.003830 0.250000 -0.143046
-5.002106 2.000884 2.004299 0.250000 -0.095544
-5.001399 3.000887 1.003466 0.250000 -0.138624
-5.001668 3.001023 2.003882 0.250000 -0.098664
-5.001048 4.000857 1.003238 0.250000 -0.113506
-5.001281 4.001004 2.003549 0.250000 -0.086575
-4.000799 -5.000966 1.002846 0.250000 -0.151609
-4.000989 -5.001183 2.003201 0.250000 -0.119985
-4.001210 -4.001210 1.003219 0.250000 -0.176741
-4.001446 -4.001446 2.003718 0.250000 -0.127374
-4.001841 -3.001393 1.003947 0.250000 -0.170206
-4.002089 -3.001598 2.004526 0.250000 -0.107952
-4.002635 -2.001321 1.004894 0.250000 -0.140390
-4.002842 -2.001454 2.005495 0.250000 -0.068750
-4.003366 -1.000829 1.005757 0.250000 -0.104354
-4.003493 -1.000889 2.006335 0.250000 -0.027940
-4.003674 0.000028 1.006133 0.250000 -0.086883
-4.003760 0.000006 2.006693 0.250000 -0.009226
-4.003368 1.000884 1.005819 0.250000 -0.101042
-4.003503 1.000897 2.006401 0.250000 -0.023917
-4.002646 2.001370 1.005036 0.250000 -0.131496
-4.002867 2.001451 2.005644 0.250000 -0.058462
-4.001875 3.001436 1.004222 0.250000 -0.148645
-4.002140 3.001587 2.004794 0.250000 -0.086170
-4.001288 4.001280 1.003710 0.250000 -0.129770
-4.001534 4.001457 2.004142 0.250000 -0.087441
-3.000848 -5.001360 1.003235 0.250000 -0.157743
-3.001027 -5.001610 2.003656 0.250000 -0.117967
-3.001393 -4.001841 1.003947 0.250000 -0.170206
-3.001598 -4.002089 2.004526 0.250000 -0.107952
-3.002319 -3.002319 1.005333 0.250000 -0.128030
-3.002463 -3.002463 2.005941 0.250000 -0.051404
-3.003652 -2.002430 1.007318 0.250000 -0.031613
-3.003573 -2.002394 2.007768 0.250000 0.046328
-3.005055 -1.001668 1.009352 0.250000 0.087275
-3.004623 -1.001546 2.009476 0.250000 0.150209
-3.005699 0.000032 1.010290 0.250000 0.146295
-3.005075 0.000007 2.010221 0.250000 0.197833
-3.005056 1.001731 1.009420 0.250000 0.090547
-3.004630 1.001556 2.009549 0.250000 0.154232
-3.003660 2.002488 1.007476 0.250000 -0.022393
-3.003592 2.002392 2.007934 0.250000 0.057023
-3.002345 3.002373 1.005643 0.250000 -0.104505
-3.002502 3.002451 2.006242 0.250000 -0.027802
-3.001457 4.001928 1.004508 0.250000 -0.117143
-3.001667 4.002102 2.005007 0.250000 -0.063318
-2.000742 -5.001811 1.003706 0.250000 -0.151789
-2.000882 -5.002076 2.004169 0.250000 -0.105308
-2.001321 -4.002635 1.004894 0.250000 -0.140389
-2.001454 -4.002842 2.005495 0.250000 -0.068750
-2.002430 -3.003652 1.007318 0.250000 -0.031613
-2.002394 -3.003573 2.007768 0.250000 0.046328
-2.004306 -2.004306 1.011304 0.250000 0.213403
-2.003734 -2.003734 2.010972 0.250000 0.247569
-2.006624 -1.003297 1.016134 0.250000 0.560106
-2.005137 -1.002567 2.014262 0.250000 0.477911
-2.007800 0.000036 1.018608 0.250000 0.749647
-2.005781 0.000009 2.015772 0.250000 0.588435
-2.006625 1.003369 1.016206 0.250000 0.563393
-2.005142 1.002581 2.014340 0.250000 0.481941
-2.004310 2.004374 1.011473 0.250000 0.222957
-2.003747 2.003735 2.011148 0.250000 0.258559
-2.002448 3.003719 1.007652 0.250000 -0.006533
-2.002420 3.003564 2.008091 0.250000 0.071214
-2.001367 4.002740 1.005504 0.250000 -0.082706
-2.001501 4.002859 2.006015 0.250000 -0.020765
-1.000433 -5.002187 1.004105 0.250000 -0.142049
-1.000517 -5.002455 2.004591 0.250000 -0.090799
-1.000829 -4.003366 1.005757 0.250000 -0.104353
-1.000889 -4.003493 2.006335 0.250000 -0.027941
-1.001668 -3.005055 1.009352 0.250000 0.087275
-1.001546 -3.004623 2.009476 0.250000 0.150209
-1.003297 -2.006624 1.016134 0.250000 0.560106
-1.002567 -2.005137 2.014262 0.250000 0.477911
-1.005570 -1.005570 1.025820 0.250000 1.335531
-1.003735 -1.003735 2.019621 0.250000 0.883651
-1.006736 0.000039 1.031293 0.250000 1.797836
-1.004301 0.000010 2.022216 0.250000 1.088583
-1.005570 1.005648 1.025895 0.250000 1.338806
-1.003737 1.003751 2.019701 0.250000 0.887689
-1.003298 2.006700 1.016310 0.250000 0.569901
-1.002573 2.005141 2.014445 0.250000 0.489105
-1.001676 3.005132 1.009702 0.250000 0.113451
-1.001558 3.004616 2.009812 0.250000 0.175933
-1.000852 4.003485 1.006398 0.250000 -0.043440
-1.000912 4.003515 2.006879 0.250000 0.022232
0.000026 -5.002338 1.004278 0.250000 -0.136526
0.000006 -5.002606 2.004773 0.250000 -0.083421
0.000028 -4.003674 1.006133 0.250000 -0.086883
0.000006 -4.003760 2.006693 0.250000 -0.009226
0.000032 -3.005699 1.010290 0.250000 0.146295
0.000007 -3.005075 2.010221 0.250000 0.197833
0.000036 -2.007800 1.018608 0.250000 0.749646
0.000009 -2.005781 2.015772 0.250000 0.588434
0.000039 -1.006736 1.031293 0.250000 1.797836
0.000010 -1.004301 2.022216 0.250000 1.088583
0.000040 0.000040 1.038532 0.250000 2.424544
0.000011 0.000011 2.025406 0.250000 1.346812
0.000039 1.006816 1.031368 0.250000 1.801118
0.000011 1.004318 2.022296 0.250000 1.092657
0.000037 2.007879 1.018786 0.250000 0.759588
0.000010 2.005786 2.015957 0.250000 0.599771
0.000033 3.005779 1.010644 0.250000 0.172992
0.000009 3.005070 2.010560 0.250000 0.223964
0.000031 4.003798 1.006784 0.250000 -0.024586
0.000009 4.003784 2.007244 0.250000 0.041867
1.000484 -5.002192 1.004160 0.250000 -0.138538
1.000526 -5.002467 2.004650 0.250000 -0.086762
1.000884 -4.003368 1.005819 0.250000 -0.101042
1.000897 -4.003503 2.006401 0.250000 -0.023917
1.001731 -3.005056 1.009420 0.250000 0.090547
1.001556 -3.004630 2.009549 0.250000 0.154233
1.003369 -2.006625 1.016206 0.250000 0.563392
1.002581 -2.005142 2.014340 0.250000 0.481941
1.005648 -1.005570 1.025895 0.250000 1.338805
1.003751 -1.003737 2.019701 0.250000 0.887690
1.006816 0.000039 1.031368 0.250000 1.801118
1.004318 0.000011 2.022296 0.250000 1.092657
1.005648 1.005648 1.025969 0.250000 1.342195
1.003754 1.003754 2.019780 0.250000 0.891847
1.003371 2.006701 1.016381 0.250000 0.573418
1.002589 2.005147 2.014520 0.250000 0.493366
1.001741 3.005133 1.009767 0.250000 0.117115
1.001573 3.004625 2.009881 0.250000 0.180295
1.000913 4.003487 1.006457 0.250000 -0.039503
1.000928 4.003526 2.006942 0.250000 0.026681
2.000787 -5.001825 1.003830 0.250000 -0.143046
2.000884 -5.002106 2.004299 0.250000 -0.095544
2.001370 -4.002646 1.005036 0.250000 -0.131496
2.001451 -4.002867 2.005644 0.250000 -0.058462
2.002488 -3.003660 1.007476 0.250000 -0.022393
2.002392 -3.003592 2.007933 0.250000 0.057023
2.004374 -2.004310 1.011473 0.250000 0.222958
2.003735 -2.003747 2.011148 0.250000 0.258559
2.006700 -1.003298 1.016310 0.250000 0.569900
2.005141 -1.002573 2.014445 0.250000 0.489105
2.007879 0.000037 1.018786 0.250000 0.759588
2.005786 0.000010 2.015957 0.250000 0.599772
2.006701 1.003371 1.016381 0.250000 0.573419
2.005147 1.002589 2.014520 0.250000 0.493366
2.004379 2.004379 1.011639 0.250000 0.232954
2.003750 2.003750 2.011321 0.250000 0.269967
2.002508 3.003727 1.007804 0.250000 0.003352
2.002424 3.003586 2.008249 0.250000 0.082436
2.001423 4.002751 1.005638 0.250000 -0.072866
2.001508 4.002886 2.006154 0.250000 -0.009951
3.000887 -5.001399 1.003466 0.250000 -0.138624
3.001023 -5.001668 2.003882 0.250000 -0.098664
3.001436 -4.001875 1.004222 0.250000 -0.148645
3.001587 -4.002140 2.004794 0.250000 -0.086170
3.002373 -3.002345 1.005643 0.250000 -0.104505
3.002451 -3.002502 2.006242 0.250000 -0.027802
3.003719 -2.002448 1.007652 0.250000 -0.006533
3.003564 -2.002420 2.008091 0.250000 0.071214
3.005132 -1.001676 1.009702 0.250000 0.113450
3.004616 -1.001558 2.009812 0.250000 0.175934
3.005779 0.000033 1.010644 0.250000 0.172992
3.005070 0.000009 2.010560 0.250000 0.223963
3.005133 1.001741 1.009767 0.250000 0.117115
3.004625 1.001573 2.009881 0.250000 0.180295
3.003727 2.002508 1.007804 0.250000 0.003351
3.003586 2.002424 2.008249 0.250000 0.082435
3.002401 3.002401 1.005938 0.250000 -0.080336
3.002497 3.002497 2.006527 0.250000 -0.003817
3.001508 4.001963 1.004758 0.250000 -0.095448
3.001668 4.002158 2.005250 0.250000 -0.041753
4.000857 -5.001048 1.003238 0.250000 -0.113507
4.001004 -5.001281 2.003549 0.250000 -0.086574
4.001280 -4.001288 1.003710 0.250000 -0.129770
4.001457 -4.001534 2.004142 0.250000 -0.087442
4.001928 -3.001457 1.004508 0.250000 -0.117143
4.002102 -3.001667 2.005007 0.250000 -0.063318
4.002740 -2.001367 1.005504 0.250000 -0.082706
4.002859 -2.001501 2.006015 0.250000 -0.020765
4.003485 -1.000852 1.006398 0.250000 -0.043440
4.003515 -1.000912 2.006879 0.250000 0.022232
4.003798 0.000031 1.006784 0.250000 -0.024586
4.003784 0.000009 2.007244 0.250000 0.041868
4.003487 1.000913 1.006457 0.250000 -0.039503
4.003526 1.000928 2.006942 0.250000 0.026680
4.002751 2.001423 1.005638 0.250000 -0.072865
4.002886 2.001508 2.006154 0.250000 -0.009951
4.001963 3.001508 1.004758 0.250000 -0.095448
4.002158 3.001668 2.005250 0.250000 -0.041753
4.001361 4.001361 1.004141 0.250000 -0.086116
4.001555 4.001555 2.004520 0.250000 -0.049761
0.000000 0.000000 -1.000000 0.250000 0.000000
